# PIO_at_kp=337, ki=0.69,kd=0, setpoint = 73.545658575
# time(s)_337			Temp(K)_337			
0.000000000000000000e+00	7.235811699999999291e+01
6.697512626647949219e+00	7.237636299999999778e+01
1.339673948287963867e+01	7.239598100000000613e+01
2.008412027359008789e+01	7.241361399999999549e+01
2.678184771537780762e+01	7.243256300000000181e+01
3.348294329643249512e+01	7.245013500000000306e+01
4.016897201538085938e+01	7.246993399999999497e+01
4.688109898567199707e+01	7.248776599999999348e+01
5.358185362815856934e+01	7.250588999999999373e+01
6.028399515151977539e+01	7.252340499999999679e+01
6.699093079566955566e+01	7.254238100000000600e+01
7.369615674018859863e+01	7.256049199999999644e+01
8.039000439643859863e+01	7.257823700000000144e+01
8.708877491950988770e+01	7.259694100000000105e+01
9.377603363990783691e+01	7.261405700000000252e+01
1.004813075065612793e+02	7.263209600000000421e+01
1.071854979991912842e+02	7.265085200000000043e+01
1.139008276462554932e+02	7.266931700000000660e+01
1.205818748474121094e+02	7.268751699999999971e+01
1.272779972553253174e+02	7.270435000000000514e+01
1.339842183589935303e+02	7.272219699999999420e+01
1.406881606578826904e+02	7.274044200000000160e+01
1.473812122344970703e+02	7.275741999999999621e+01
1.540874547958374023e+02	7.277640499999999690e+01
1.607839560508728027e+02	7.279417700000000480e+01
1.674741427898406982e+02	7.281013400000000502e+01
1.741752367019653320e+02	7.282852300000000412e+01
1.808765683174133301e+02	7.284644500000000278e+01
1.875849542617797852e+02	7.286434300000000519e+01
1.942863223552703857e+02	7.288304800000000228e+01
2.009847853183746338e+02	7.289986299999999630e+01
2.076848719120025635e+02	7.291807400000000428e+01
2.143889334201812744e+02	7.293602900000000488e+01
2.211020402908325195e+02	7.295383300000000304e+01
2.277989239692687988e+02	7.297174499999999853e+01
2.344932744503021240e+02	7.298870800000000258e+01
2.411889348030090332e+02	7.300670100000000673e+01
2.478890872001647949e+02	7.302409699999999759e+01
2.545778698921203613e+02	7.304163900000000353e+01
2.612960646152496338e+02	7.305923599999999851e+01
2.679913065433502197e+02	7.307713300000000345e+01
2.747006452083587646e+02	7.309282000000000323e+01
2.813899576663970947e+02	7.311036900000000571e+01
2.880911109447479248e+02	7.312682700000000580e+01
