# PIO_at_kp=337, ki=0.69,kd=0, setpoint = 60.636975725
# time(s)_337			Temp(K)_337			
0.000000000000000000e+00	5.949038199999999676e+01
6.695780992507934570e+00	5.964899700000000138e+01
1.340145707130432129e+01	5.968148800000000165e+01
2.010171222686767578e+01	5.972961000000000098e+01
2.679669499397277832e+01	5.978041900000000197e+01
3.349033403396606445e+01	5.983081800000000072e+01
4.019012784957885742e+01	5.988335500000000167e+01
4.688896965980529785e+01	5.993437099999999873e+01
5.359000563621520996e+01	5.998611999999999966e+01
6.029016327857971191e+01	6.003750999999999749e+01
6.698499345779418945e+01	6.008787399999999934e+01
7.368573403358459473e+01	6.013832599999999928e+01
8.039297318458557129e+01	6.018852499999999850e+01
8.710434556007385254e+01	6.023723700000000036e+01
9.380712795257568359e+01	6.028823400000000277e+01
1.005050854682922363e+02	6.033843300000000198e+01
1.072080452442169189e+02	6.038738500000000187e+01
1.139067540168762207e+02	6.043611200000000139e+01
1.205993089675903320e+02	6.047681699999999694e+01
1.272994415760040283e+02	6.032766600000000068e+01
1.340032229423522949e+02	6.049436200000000241e+01
1.406984176635742188e+02	6.035434099999999802e+01
1.473998243808746338e+02	6.052064800000000133e+01
1.540966191291809082e+02	6.037343700000000268e+01
1.607903366088867188e+02	6.052842100000000158e+01
1.674889879226684570e+02	6.037199100000000129e+01
1.741869895458221436e+02	6.052916499999999900e+01
1.808969788551330566e+02	6.036841299999999677e+01
1.875859184265136719e+02	6.052789099999999678e+01
1.942809751033782959e+02	6.037055900000000008e+01
2.009808437824249268e+02	6.053659300000000343e+01
2.076859271526336670e+02	6.038016799999999762e+01
2.144029731750488281e+02	6.054320799999999991e+01
2.210972368717193604e+02	6.038644200000000239e+01
2.277956891059875488e+02	6.054855899999999735e+01
2.344978718757629395e+02	6.039018000000000086e+01
2.411942811012268066e+02	6.055177400000000176e+01
2.478990762233734131e+02	6.039410699999999821e+01
2.545933866500854492e+02	6.055683499999999952e+01
2.612926647663116455e+02	6.039882000000000062e+01
2.679914596080780029e+02	6.056125899999999973e+01
2.746902558803558350e+02	6.040271599999999808e+01
2.813929903507232666e+02	6.056455299999999653e+01
2.880929849147796631e+02	6.040728699999999662e+01
2.948029763698577881e+02	6.056968899999999678e+01
