# PIO_at_kp=337, ki=0.69,kd=0, setpoint = 68.93541470000001
# time(s)_337			Temp(K)_337			
0.000000000000000000e+00	6.785692199999999730e+01
6.681903839111328125e+00	6.785524200000000405e+01
1.339090561866760254e+01	6.787407899999999472e+01
2.009605717658996582e+01	6.790030799999999545e+01
2.680878043174743652e+01	6.792704799999999921e+01
3.350558972358703613e+01	6.795521399999999801e+01
4.020062398910522461e+01	6.798346200000000294e+01
4.690468311309814453e+01	6.801103999999999417e+01
5.360372090339660645e+01	6.803847100000000125e+01
6.030764389038085938e+01	6.806610899999999731e+01
6.700581026077270508e+01	6.809549800000000630e+01
7.370700573921203613e+01	6.812170899999999563e+01
8.040870738029479980e+01	6.814859699999999521e+01
8.710164594650268555e+01	6.817601299999999753e+01
9.379986381530761719e+01	6.820311300000000188e+01
1.004968636035919189e+02	6.823049199999999814e+01
1.072148234844207764e+02	6.825706300000000226e+01
1.139186232089996338e+02	6.828453000000000372e+01
1.206139323711395264e+02	6.831127700000000402e+01
1.273243021965026855e+02	6.833842199999999423e+01
1.340169675350189209e+02	6.836557200000000023e+01
1.407079777717590332e+02	6.839330499999999802e+01
1.474017593860626221e+02	6.841957299999999975e+01
1.540965871810913086e+02	6.844654300000000546e+01
1.607990198135375977e+02	6.847322499999999934e+01
1.675125284194946289e+02	6.849998700000000440e+01
1.742016873359680176e+02	6.852637599999999907e+01
1.809144051074981689e+02	6.855358999999999980e+01
1.876247534751892090e+02	6.857936999999999728e+01
1.943286485671997070e+02	6.860506599999999366e+01
2.010238127708435059e+02	6.863499099999999942e+01
2.077236626148223877e+02	6.865839800000000537e+01
2.144236786365509033e+02	6.868397299999999461e+01
2.211312630176544189e+02	6.871032900000000154e+01
2.278314197063446045e+02	6.873678300000000263e+01
2.345196855068206787e+02	6.875864900000000546e+01
2.412267420291900635e+02	6.876832500000000437e+01
2.479475944042205811e+02	6.876939699999999789e+01
2.546427686214447021e+02	6.876546500000000606e+01
2.613414707183837891e+02	6.876213500000000067e+01
2.680489335060119629e+02	6.875869199999999637e+01
2.747533342838287354e+02	6.875778800000000501e+01
2.814556498527526855e+02	6.875915299999999775e+01
2.881556632518768311e+02	6.876344699999999932e+01
