# PIO_at_kp=337, ki=0.69,kd=0, setpoint = 44.040097775
# time(s)_337			Temp(K)_337			
0.000000000000000000e+00	4.293682799999999844e+01
6.695997714996337891e+00	4.311546200000000084e+01
1.340897417068481445e+01	4.327156599999999997e+01
2.010309982299804688e+01	4.345232699999999681e+01
2.680755901336669922e+01	4.362851700000000221e+01
3.350767874717712402e+01	4.379983899999999863e+01
4.021242332458496094e+01	4.395001800000000003e+01
4.692208886146545410e+01	4.386286599999999680e+01
5.359973621368408203e+01	4.378952900000000170e+01
6.029319095611572266e+01	4.399038500000000340e+01
6.700099062919616699e+01	4.387803600000000159e+01
7.369645428657531738e+01	4.376833700000000249e+01
8.039962005615234375e+01	4.397404199999999719e+01
8.710036683082580566e+01	4.390112100000000339e+01
9.380085372924804688e+01	4.380925799999999981e+01
1.004989948272705078e+02	4.398202799999999968e+01
1.071904196739196777e+02	4.388157600000000258e+01
1.138869771957397461e+02	4.380402999999999736e+01
1.205899786949157715e+02	4.401912599999999998e+01
1.272999815940856934e+02	4.389531600000000111e+01
1.340085818767547607e+02	4.377769700000000341e+01
1.406993341445922852e+02	4.398973900000000015e+01
1.473885223865509033e+02	4.391703700000000055e+01
1.540919849872589111e+02	4.382902200000000192e+01
1.607857654094696045e+02	4.400547600000000159e+01
1.674908988475799561e+02	4.389438899999999677e+01
1.741918523311614990e+02	4.381177499999999725e+01
1.808840973377227783e+02	4.403553099999999887e+01
1.875722734928131104e+02	4.391833499999999901e+01
1.942647430896759033e+02	4.379910199999999776e+01
2.009519019126892090e+02	4.400322200000000095e+01
2.076510565280914307e+02	4.393142399999999981e+01
2.143449988365173340e+02	4.384767599999999987e+01
2.210382316112518311e+02	4.402424800000000005e+01
2.277420263290405273e+02	4.390932800000000213e+01
2.344548246860504150e+02	4.382227499999999765e+01
2.411429643630981445e+02	4.404688000000000159e+01
2.478439910411834717e+02	4.393523700000000076e+01
2.545500242710113525e+02	4.381613899999999973e+01
2.612543427944183350e+02	4.401545099999999877e+01
2.679624495506286621e+02	4.394382399999999933e+01
2.746589314937591553e+02	4.386174799999999863e+01
2.813580379486083984e+02	4.404102900000000176e+01
2.880515446662902832e+02	4.392199200000000303e+01
2.947567319869995117e+02	4.383148400000000322e+01
