# PIO_at_kp=337, ki=0.69,kd=0, setpoint = 39.4298539
# time(s)_337			Temp(K)_337			
0.000000000000000000e+00	3.841614700000000227e+01
6.699022769927978516e+00	3.828716899999999868e+01
1.339387488365173340e+01	3.856482299999999697e+01
2.007432699203491211e+01	3.884063400000000144e+01
2.677812027931213379e+01	3.910380899999999826e+01
3.347124958038330078e+01	3.935615500000000111e+01
4.018270850181579590e+01	3.929378200000000021e+01
4.687685227394104004e+01	3.917368799999999851e+01
5.358195805549621582e+01	3.936915599999999671e+01
6.027601838111877441e+01	3.928284800000000132e+01
6.698266267776489258e+01	3.918672600000000017e+01
7.368238902091979980e+01	3.941263399999999706e+01
8.038711833953857422e+01	3.926289400000000285e+01
8.708859491348266602e+01	3.915453099999999864e+01
9.377802038192749023e+01	3.944989100000000093e+01
1.004730069637298584e+02	3.930775200000000069e+01
1.071760075092315674e+02	3.913438899999999876e+01
1.138737869262695312e+02	3.937021599999999921e+01
1.205730071067810059e+02	3.932616300000000109e+01
1.272689986228942871e+02	3.922370800000000202e+01
1.339752826690673828e+02	3.940008300000000219e+01
1.406789183616638184e+02	3.928106400000000065e+01
1.473810338973999023e+02	3.920346800000000087e+01
1.540671584606170654e+02	3.947725899999999655e+01
1.607567889690399170e+02	3.931080099999999788e+01
1.674744093418121338e+02	3.915077699999999794e+01
1.741755402088165283e+02	3.940675099999999986e+01
1.808693702220916748e+02	3.933084199999999697e+01
1.875787932872772217e+02	3.921462900000000218e+01
1.942730238437652588e+02	3.942280300000000182e+01
2.009733924865722656e+02	3.930664300000000111e+01
2.076700346469879150e+02	3.920810800000000285e+01
2.143720238208770752e+02	3.947097000000000122e+01
2.210678727626800537e+02	3.931789799999999957e+01
2.277588894367218018e+02	3.917480400000000174e+01
2.344623658657073975e+02	3.944321300000000008e+01
2.411670169830322266e+02	3.932946799999999854e+01
2.478688507080078125e+02	3.920373399999999720e+01
2.545866098403930664e+02	3.945392499999999814e+01
2.612878952026367188e+02	3.932352900000000062e+01
2.679989881515502930e+02	3.920305700000000115e+01
2.746851174831390381e+02	3.947044700000000006e+01
2.813966019153594971e+02	3.933720199999999778e+01
2.880993766784667969e+02	3.919565000000000055e+01
2.947940328121185303e+02	3.945177799999999735e+01
