# PIO_at_kp=337, ki=0.69,kd=0, setpoint = 43.118049
# time(s)_337			Temp(K)_337			
0.000000000000000000e+00	4.221105899999999878e+01
6.704134464263916016e+00	4.240886799999999823e+01
1.340697741508483887e+01	4.260269300000000214e+01
2.011238670349121094e+01	4.279024400000000128e+01
2.681618404388427734e+01	4.297360900000000328e+01
3.350865864753723145e+01	4.296398200000000145e+01
4.019319987297058105e+01	4.294189300000000031e+01
4.689390277862548828e+01	4.295204700000000031e+01
5.359711027145385742e+01	4.299451599999999729e+01
6.030218386650085449e+01	4.299823200000000156e+01
6.699578475952148438e+01	4.294463300000000316e+01
7.369032549858093262e+01	4.292949200000000332e+01
8.038837909698486328e+01	4.312567800000000062e+01
8.708851456642150879e+01	4.294178399999999840e+01
9.379425144195556641e+01	4.284821600000000075e+01
1.004912540912628174e+02	4.305701400000000234e+01
1.071847074031829834e+02	4.299105200000000337e+01
1.138758387565612793e+02	4.289674200000000326e+01
1.205778467655181885e+02	4.306932799999999872e+01
1.272727682590484619e+02	4.296398200000000145e+01
1.339788904190063477e+02	4.288434699999999822e+01
1.406633574962615967e+02	4.310998899999999878e+01
1.473641552925109863e+02	4.298069999999999879e+01
1.540636107921600342e+02	4.285575299999999999e+01
1.607573547363281250e+02	4.307600500000000210e+01
1.674622399806976318e+02	4.300477000000000061e+01
1.741589970588684082e+02	4.291039200000000164e+01
1.808647935390472412e+02	4.308966300000000160e+01
1.875705904960632324e+02	4.298177499999999895e+01
1.942593853473663330e+02	4.289740700000000118e+01
2.009732296466827393e+02	4.312351000000000312e+01
2.076589775085449219e+02	4.299899599999999822e+01
2.143561103343963623e+02	4.287442999999999671e+01
2.210595698356628418e+02	4.309025100000000208e+01
2.277583649158477783e+02	4.302119299999999669e+01
2.344524972438812256e+02	4.292571999999999832e+01
2.411389641761779785e+02	4.310180700000000087e+01
2.478410854339599609e+02	4.299504400000000004e+01
2.545512266159057617e+02	4.291331900000000132e+01
2.612516772747039795e+02	4.313638199999999756e+01
2.679558105468750000e+02	4.301126099999999752e+01
2.746597020626068115e+02	4.288785500000000184e+01
2.813733599185943604e+02	4.310567600000000255e+01
2.880672333240509033e+02	4.303349599999999953e+01
