# PIO_at_kp=337, ki=0.69,kd=0, setpoint = 50.4944392
# time(s)_337			Temp(K)_337			
0.000000000000000000e+00	4.952195999999999998e+01
6.713685989379882812e+00	4.939673400000000214e+01
1.340115118026733398e+01	4.952741900000000186e+01
2.010759902000427246e+01	4.962243000000000137e+01
2.680673313140869141e+01	4.973093300000000028e+01
3.350181984901428223e+01	4.983788499999999999e+01
4.018732285499572754e+01	4.994332399999999694e+01
4.689346170425415039e+01	5.004813299999999998e+01
5.358179569244384766e+01	5.015317000000000291e+01
6.026879882812500000e+01	5.025400700000000143e+01
6.698152017593383789e+01	5.035029600000000016e+01
7.367175793647766113e+01	5.026429799999999659e+01
8.037380695343017578e+01	5.039525799999999833e+01
8.707381415367126465e+01	5.027098800000000267e+01
9.377471041679382324e+01	5.036756100000000202e+01
1.004695005416870117e+02	5.024659900000000334e+01
1.071682994365692139e+02	5.038682599999999923e+01
1.138694295883178711e+02	5.027984699999999663e+01
1.205648865699768066e+02	5.040285099999999829e+01
1.272712283134460449e+02	5.027057200000000137e+01
1.339767050743103027e+02	5.038471499999999992e+01
1.406882674694061279e+02	5.026735399999999743e+01
1.473974099159240723e+02	5.040690099999999774e+01
1.540881977081298828e+02	5.029024299999999670e+01
1.607909960746765137e+02	5.040925800000000123e+01
1.674917933940887451e+02	5.027939599999999842e+01
1.742020270824432373e+02	5.040287500000000165e+01
1.809068017005920410e+02	5.028529600000000244e+01
1.876098120212554932e+02	5.041918700000000086e+01
1.943138077259063721e+02	5.029686999999999841e+01
2.010151085853576660e+02	5.041704299999999961e+01
2.077185609340667725e+02	5.029117300000000057e+01
2.144188024997711182e+02	5.041891999999999996e+01
2.211251549720764160e+02	5.030013100000000037e+01
2.278239502906799316e+02	5.042916799999999711e+01
2.345177445411682129e+02	5.030477199999999982e+01
2.412022120952606201e+02	5.042797199999999691e+01
2.478966684341430664e+02	5.030431999999999704e+01
2.546034657955169678e+02	5.043160799999999711e+01
2.612906544208526611e+02	5.031110999999999933e+01
2.679925467967987061e+02	5.043913899999999728e+01
2.746818141937255859e+02	5.031503899999999874e+01
2.813849947452545166e+02	5.043769300000000300e+01
2.880818972587585449e+02	5.031396000000000157e+01
2.947782483100891113e+02	5.044204899999999725e+01
