# PIO_at_kp=337, ki=0.69,kd=0, setpoint = 56.02673185
# time(s)_337			Temp(K)_337			
0.000000000000000000e+00	5.491323899999999725e+01
6.704147100448608398e+00	5.505516899999999936e+01
1.339990448951721191e+01	5.510228699999999691e+01
2.009770035743713379e+01	5.517158700000000238e+01
2.679949617385864258e+01	5.524439199999999772e+01
3.349319911003112793e+01	5.531550599999999918e+01
4.020010948181152344e+01	5.538620000000000232e+01
4.690288662910461426e+01	5.545802299999999718e+01
5.359267950057983398e+01	5.552843099999999765e+01
6.027780961990356445e+01	5.559725099999999998e+01
6.697185254096984863e+01	5.566666299999999978e+01
7.367805981636047363e+01	5.573591100000000154e+01
8.038285493850708008e+01	5.580423100000000147e+01
8.708498620986938477e+01	5.586834100000000092e+01
9.378478169441223145e+01	5.575209799999999660e+01
1.004989044666290283e+02	5.590747799999999756e+01
1.071943731307983398e+02	5.578984100000000268e+01
1.139001951217651367e+02	5.592399699999999996e+01
1.206002056598663330e+02	5.578087000000000018e+01
1.272949433326721191e+02	5.590930199999999672e+01
1.339962227344512939e+02	5.577119299999999669e+01
1.406902163028717041e+02	5.591943700000000206e+01
1.473948791027069092e+02	5.579032999999999731e+01
1.540912117958068848e+02	5.593448500000000223e+01
1.607850770950317383e+02	5.579619999999999891e+01
1.674961941242218018e+02	5.593281000000000347e+01
1.741949143409729004e+02	5.579138600000000281e+01
1.808988764286041260e+02	5.593369799999999969e+01
1.875915768146514893e+02	5.579998799999999903e+01
1.942787041664123535e+02	5.594674499999999995e+01
2.009791600704193115e+02	5.580946200000000346e+01
2.076770989894866943e+02	5.594792799999999744e+01
2.143669049739837646e+02	5.580458300000000094e+01
2.210725426673889160e+02	5.594654299999999836e+01
2.277699205875396729e+02	5.581004099999999823e+01
2.344698071479797363e+02	5.595728199999999930e+01
2.411696004867553711e+02	5.581989800000000201e+01
2.478624103069305420e+02	5.595940099999999973e+01
2.545591955184936523e+02	5.582021699999999953e+01
2.612480015754699707e+02	5.596165400000000290e+01
2.679392023086547852e+02	5.582266599999999812e+01
2.746279048919677734e+02	5.596723999999999677e+01
2.813177316188812256e+02	5.582824899999999957e+01
2.880184957981109619e+02	5.597107499999999902e+01
2.947182199954986572e+02	5.582972000000000179e+01
