# PIO_at_kp=337, ki=0.69,kd=0, setpoint = 28.3652686
# time(s)_337			Temp(K)_337			
0.000000000000000000e+00	2.755679299999999898e+01
6.693997144699096680e+00	2.700915300000000130e+01
1.339700102806091309e+01	2.773724400000000045e+01
2.009499883651733398e+01	2.859380900000000025e+01
2.679592537879943848e+01	2.831025599999999898e+01
3.348038887977600098e+01	2.794188400000000172e+01
4.016816425323486328e+01	2.857748700000000142e+01
4.686329221725463867e+01	2.832740300000000033e+01
5.357375049591064453e+01	2.789574700000000007e+01
6.027798175811767578e+01	2.853789199999999937e+01
6.696701383590698242e+01	2.829153600000000068e+01
7.366147065162658691e+01	2.808167299999999855e+01
8.036126565933227539e+01	2.872403399999999962e+01
8.706106090545654297e+01	2.847223999999999933e+01
9.375885295867919922e+01	2.794268100000000032e+01
1.004676482677459717e+02	2.857019000000000020e+01
1.071725776195526123e+02	2.832755999999999830e+01
1.138731946945190430e+02	2.793667699999999954e+01
1.205738589763641357e+02	2.858370400000000089e+01
1.272830002307891846e+02	2.833651100000000156e+01
1.339699437618255615e+02	2.791528299999999874e+01
1.406674091815948486e+02	2.855960500000000124e+01
1.473715386390686035e+02	2.831309399999999954e+01
1.540736551284790039e+02	2.803472199999999859e+01
1.607711229324340820e+02	2.867724300000000071e+01
1.674832620620727539e+02	2.842791799999999824e+01
1.741836996078491211e+02	2.789874599999999916e+01
1.808884937763214111e+02	2.853161100000000161e+01
1.875882861614227295e+02	2.828868699999999947e+01
1.942860984802246094e+02	2.815581800000000001e+01
2.009828727245330811e+02	2.865410599999999874e+01
2.076840119361877441e+02	2.838124200000000030e+01
2.143679964542388916e+02	2.786305199999999971e+01
2.210620105266571045e+02	2.850088300000000174e+01
2.277690708637237549e+02	2.825719399999999837e+01
2.344740207195281982e+02	2.827763399999999905e+01
2.411671793460845947e+02	2.836623499999999964e+01
2.478547627925872803e+02	2.801470600000000033e+01
2.545585563182830811e+02	2.863199200000000033e+01
2.612731559276580811e+02	2.838371199999999916e+01
2.679751465320587158e+02	2.787578800000000001e+01
2.746576611995697021e+02	2.851175500000000085e+01
2.813460757732391357e+02	2.826861600000000152e+01
2.880398714542388916e+02	2.827610200000000162e+01
2.947413246631622314e+02	2.839935799999999944e+01
