# PIO_at_kp=337, ki=0.69,kd=0, setpoint = 76.3118049
# time(s)_337			Temp(K)_337			
0.000000000000000000e+00	7.457255800000000079e+01
6.701867103576660156e+00	7.458646299999999485e+01
1.340568614006042480e+01	7.460185300000000552e+01
2.010912346839904785e+01	7.461533799999999417e+01
2.680832219123840332e+01	7.462955599999999379e+01
3.350842094421386719e+01	7.464416400000000351e+01
4.021165537834167480e+01	7.465942699999999377e+01
4.691342115402221680e+01	7.467297399999999641e+01
5.361782288551330566e+01	7.468822500000000275e+01
6.032872557640075684e+01	7.470359700000000203e+01
6.701769781112670898e+01	7.471859299999999848e+01
7.371435046195983887e+01	7.473150099999999441e+01
8.040221595764160156e+01	7.474629799999999591e+01
8.710320806503295898e+01	7.475922799999999313e+01
9.380434918403625488e+01	7.477403300000000286e+01
1.004947133064270020e+02	7.478887799999999686e+01
1.071856861114501953e+02	7.480306199999999706e+01
1.138737137317657471e+02	7.481707500000000266e+01
1.205756862163543701e+02	7.483104899999999304e+01
1.272766978740692139e+02	7.484412500000000534e+01
1.339701187610626221e+02	7.485841200000000129e+01
1.406641240119934082e+02	7.487124900000000594e+01
1.473541753292083740e+02	7.488490799999999581e+01
1.540617628097534180e+02	7.489952099999999291e+01
1.607530639171600342e+02	7.491429700000000480e+01
1.674440481662750244e+02	7.492765699999999640e+01
1.741437602043151855e+02	7.494154100000000085e+01
1.808387589454650879e+02	7.495627799999999752e+01
1.875407109260559082e+02	7.496964199999999323e+01
1.942393987178802490e+02	7.498332700000000273e+01
2.009307370185852051e+02	7.499642500000000211e+01
2.076217234134674072e+02	7.501149399999999901e+01
2.143182094097137451e+02	7.502625100000000202e+01
2.210227017402648926e+02	7.503863300000000436e+01
2.277066974639892578e+02	7.505283599999999922e+01
2.344069437980651855e+02	7.506585800000000575e+01
2.411204431056976318e+02	7.507964200000000687e+01
2.478232517242431641e+02	7.509260399999999436e+01
2.545239160060882568e+02	7.510634299999999541e+01
2.612233881950378418e+02	7.512004299999999546e+01
2.679205625057220459e+02	7.513230000000000075e+01
2.746158900260925293e+02	7.514769499999999880e+01
2.813205828666687012e+02	7.516040300000000229e+01
2.880138258934020996e+02	7.517422399999999527e+01
2.947101583480834961e+02	7.518762499999999704e+01
