# PIO_at_kp=337, ki=0.69,kd=0, setpoint = 70.77951225
# time(s)_337			Temp(K)_337			
0.000000000000000000e+00	6.967804200000000492e+01
6.700156927108764648e+00	6.968072100000000546e+01
1.340020489692687988e+01	6.968394399999999678e+01
2.010387897491455078e+01	6.970119499999999846e+01
2.681053495407104492e+01	6.972483800000000542e+01
3.352008366584777832e+01	6.974477400000000671e+01
4.022122764587402344e+01	6.976950300000000027e+01
4.692625856399536133e+01	6.979339299999999469e+01
5.361736631393432617e+01	6.981753000000000497e+01
6.033001089096069336e+01	6.984058000000000277e+01
6.701577949523925781e+01	6.986395100000000014e+01
7.372339797019958496e+01	6.988724100000000305e+01
8.041765356063842773e+01	6.991114600000000223e+01
8.711902570724487305e+01	6.993480399999999975e+01
9.381238675117492676e+01	6.995807200000000137e+01
1.005112652778625488e+02	6.998233700000000113e+01
1.071988565921783447e+02	7.000561199999999928e+01
1.139039292335510254e+02	7.002859700000000487e+01
1.205910239219665527e+02	7.005134900000000187e+01
1.272861425876617432e+02	7.007457399999999836e+01
1.339925217628479004e+02	7.009804300000000410e+01
1.406870260238647461e+02	7.012101900000000398e+01
1.473870260715484619e+02	7.014414700000000380e+01
1.540870254039764404e+02	7.016722799999999438e+01
1.608061130046844482e+02	7.018959200000000465e+01
1.675059430599212646e+02	7.021258799999999667e+01
1.741991858482360840e+02	7.023587999999999454e+01
1.809030094146728516e+02	7.025829199999999730e+01
1.876138257980346680e+02	7.028139400000000592e+01
1.943168020248413086e+02	7.030278099999999597e+01
2.010143415927886963e+02	7.032542200000000321e+01
2.077312040328979492e+02	7.034807200000000194e+01
2.144400370121002197e+02	7.037046399999999835e+01
2.211401524543762207e+02	7.039289300000000082e+01
2.278390374183654785e+02	7.041615699999999833e+01
2.345399155616760254e+02	7.043885500000000377e+01
2.412260868549346924e+02	7.046134399999999687e+01
2.479226675033569336e+02	7.048338599999999587e+01
2.546162862777709961e+02	7.050483599999999740e+01
2.613122150897979736e+02	7.052607700000000079e+01
2.680087771415710449e+02	7.054997699999999838e+01
2.747038412094116211e+02	7.057368300000000261e+01
2.814040415287017822e+02	7.059465400000000557e+01
2.880982789993286133e+02	7.061144400000000587e+01
2.948082840442657471e+02	7.061898100000000511e+01
