# PIO_at_kp=337, ki=0.69,kd=0, setpoint = 31.131414925
# time(s)_337			Temp(K)_337			
0.000000000000000000e+00	3.022889599999999888e+01
6.699794292449951172e+00	2.986989399999999861e+01
1.340161561965942383e+01	3.035701500000000053e+01
2.011242604255676270e+01	3.099772700000000114e+01
2.680217862129211426e+01	3.115918699999999930e+01
3.352000284194946289e+01	3.081288299999999936e+01
4.021377038955688477e+01	3.117714300000000094e+01
4.691394853591918945e+01	3.097158100000000047e+01
5.361337423324584961e+01	3.098153299999999888e+01
6.030715751647949219e+01	3.119728900000000138e+01
6.699995231628417969e+01	3.092857100000000159e+01
7.368874692916870117e+01	3.114368999999999943e+01
8.038245439529418945e+01	3.090786599999999851e+01
8.708533740043640137e+01	3.116912800000000061e+01
9.377045226097106934e+01	3.093986800000000059e+01
1.004644632339477539e+02	3.113895600000000030e+01
1.071617324352264404e+02	3.091581800000000158e+01
1.138605284690856934e+02	3.117467100000000002e+01
1.205643429756164551e+02	3.094213099999999983e+01
1.272527792453765869e+02	3.114555500000000166e+01
1.339512507915496826e+02	3.091918599999999984e+01
1.406571393013000488e+02	3.118157199999999918e+01
1.473548557758331299e+02	3.094968499999999878e+01
1.540499749183654785e+02	3.114616799999999941e+01
1.607444593906402588e+02	3.092563399999999874e+01
1.674612855911254883e+02	3.118676599999999866e+01
1.741640307903289795e+02	3.095344199999999901e+01
1.808514888286590576e+02	3.115053100000000086e+01
1.875584611892700195e+02	3.092978700000000103e+01
1.942634356021881104e+02	3.119089999999999918e+01
2.009722080230712891e+02	3.095713699999999946e+01
2.076634957790374756e+02	3.115709700000000026e+01
2.143576195240020752e+02	3.093335199999999929e+01
2.210565500259399414e+02	3.119055099999999925e+01
2.277527234554290771e+02	3.095821499999999915e+01
2.344566805362701416e+02	3.116291000000000011e+01
2.411414611339569092e+02	3.093627499999999841e+01
2.478287804126739502e+02	3.119456699999999927e+01
2.545159237384796143e+02	3.096296200000000098e+01
2.612150287628173828e+02	3.116341900000000109e+01
2.679098243713378906e+02	3.094307399999999930e+01
2.746133117675781250e+02	3.119748399999999933e+01
2.813067603111267090e+02	3.096545800000000170e+01
2.880078873634338379e+02	3.116919599999999946e+01
2.947073104381561279e+02	3.094406599999999941e+01
