# PIO_at_kp=337, ki=0.69,kd=0, setpoint = 56.948780625
# time(s)_337			Temp(K)_337			
0.000000000000000000e+00	5.597144500000000278e+01
6.706795215606689453e+00	5.583229500000000201e+01
1.339377021789550781e+01	5.597761200000000059e+01
2.009404587745666504e+01	5.602546699999999902e+01
2.680784344673156738e+01	5.609155200000000008e+01
3.350663852691650391e+01	5.615901800000000321e+01
4.020877766609191895e+01	5.622512600000000305e+01
4.690979313850402832e+01	5.629444900000000018e+01
5.360598826408386230e+01	5.636133800000000349e+01
6.030393195152282715e+01	5.642553800000000308e+01
6.700477552413940430e+01	5.649207100000000281e+01
7.369238066673278809e+01	5.655516599999999983e+01
8.040085268020629883e+01	5.662023200000000145e+01
8.710734438896179199e+01	5.668637400000000071e+01
9.382046890258789062e+01	5.674905700000000053e+01
1.005152647495269775e+02	5.679848400000000197e+01
1.072167925834655762e+02	5.666221000000000174e+01
1.138994874954223633e+02	5.681031300000000073e+01
1.206003248691558838e+02	5.668598099999999818e+01
1.272961199283599854e+02	5.683728800000000092e+01
1.339943904876708984e+02	5.670631300000000152e+01
1.406978054046630859e+02	5.684242199999999912e+01
1.473867769241333008e+02	5.669565099999999802e+01
1.540887873172760010e+02	5.683470299999999753e+01
1.607991015911102295e+02	5.669582599999999672e+01
1.674997878074645996e+02	5.684666200000000202e+01
1.742017905712127686e+02	5.670986200000000110e+01
1.808957874774932861e+02	5.685626800000000003e+01
1.875978007316589355e+02	5.671247499999999775e+01
1.943000855445861816e+02	5.685564000000000107e+01
2.010055358409881592e+02	5.671268400000000298e+01
2.077043414115905762e+02	5.685999999999999943e+01
2.143984615802764893e+02	5.671998399999999663e+01
2.211078448295593262e+02	5.686647299999999916e+01
2.278074324131011963e+02	5.672650399999999848e+01
2.344992966651916504e+02	5.687194099999999963e+01
2.412143571376800537e+02	5.672881699999999938e+01
2.479198892116546631e+02	5.687366200000000305e+01
2.546275818347930908e+02	5.672976200000000091e+01
2.613321847915649414e+02	5.687697800000000115e+01
2.680342028141021729e+02	5.673523699999999792e+01
2.747288904190063477e+02	5.688416399999999840e+01
2.814147861003875732e+02	5.674106499999999897e+01
2.881261317729949951e+02	5.688712100000000049e+01
2.948285639286041260e+02	5.674256499999999903e+01
