# PIO_at_kp=337, ki=0.69,kd=0, setpoint = 54.182634300000004
# time(s)_337			Temp(K)_337			
0.000000000000000000e+00	5.307305399999999906e+01
6.702795982360839844e+00	5.320961100000000243e+01
1.339359354972839355e+01	5.326510199999999884e+01
2.009838628768920898e+01	5.334485200000000304e+01
2.679951977729797363e+01	5.342701600000000184e+01
3.349731349945068359e+01	5.350944199999999995e+01
4.019748854637145996e+01	5.359111300000000000e+01
4.689138722419738770e+01	5.367183800000000105e+01
5.358571076393127441e+01	5.375313799999999986e+01
6.028052473068237305e+01	5.383166099999999687e+01
6.699747872352600098e+01	5.391003500000000059e+01
7.369757699966430664e+01	5.398754499999999723e+01
8.039354538917541504e+01	5.405036799999999886e+01
8.709286260604858398e+01	5.391743000000000308e+01
9.380854415893554688e+01	5.404212700000000069e+01
1.005035223960876465e+02	5.392815199999999720e+01
1.072014181613922119e+02	5.407347200000000242e+01
1.139086349010467529e+02	5.394901899999999983e+01
1.206031570434570312e+02	5.407397499999999724e+01
1.272971272468566895e+02	5.393517099999999687e+01
1.339919221401214600e+02	5.406784600000000296e+01
1.406977193355560303e+02	5.394150100000000236e+01
1.474022045135498047e+02	5.408456000000000330e+01
1.540893239974975586e+02	5.395562699999999978e+01
1.607891080379486084e+02	5.408848299999999654e+01
1.674949057102203369e+02	5.395222499999999854e+01
1.741887123584747314e+02	5.408662499999999795e+01
1.808996343612670898e+02	5.395458299999999952e+01
1.875941560268402100e+02	5.409538400000000280e+01
1.942885248661041260e+02	5.396452000000000027e+01
2.010025982856750488e+02	5.410147299999999859e+01
2.076993184089660645e+02	5.396633400000000336e+01
2.144021439552307129e+02	5.410186600000000112e+01
2.210958716869354248e+02	5.396808099999999797e+01
2.277814066410064697e+02	5.410779899999999998e+01
2.344902081489562988e+02	5.397558200000000284e+01
2.411933374404907227e+02	5.411061000000000121e+01
2.479021236896514893e+02	5.397715000000000174e+01
2.546092574596405029e+02	5.411417300000000097e+01
2.613107149600982666e+02	5.398088500000000067e+01
2.679975085258483887e+02	5.411827699999999908e+01
2.746896405220031738e+02	5.398535600000000301e+01
2.813844358921051025e+02	5.412422300000000064e+01
2.880775458812713623e+02	5.398997200000000163e+01
2.947706243991851807e+02	5.412514500000000339e+01
