# PIO_at_kp=337, ki=0.69,kd=0, setpoint = 19.14478085
# time(s)_337			Temp(K)_337			
0.000000000000000000e+00	1.843226500000000101e+01
6.699238061904907227e+00	1.774774899999999889e+01
1.339335179328918457e+01	2.063235600000000147e+01
2.007482004165649414e+01	2.015331799999999873e+01
2.676060938835144043e+01	1.939036700000000124e+01
3.345543408393859863e+01	1.868677100000000024e+01
4.016421246528625488e+01	2.120710100000000153e+01
4.685466861724853516e+01	2.074550100000000086e+01
5.355779361724853516e+01	1.999787099999999995e+01
6.026226091384887695e+01	1.930765600000000148e+01
6.696229887008666992e+01	1.863525200000000126e+01
7.366261935234069824e+01	2.118098200000000020e+01
8.036647367477416992e+01	2.072396699999999825e+01
8.706946516036987305e+01	1.998084100000000163e+01
9.376446628570556641e+01	1.929473499999999930e+01
1.004490294456481934e+02	1.862587500000000063e+01
1.071544678211212158e+02	2.117500899999999930e+01
1.138652868270874023e+02	2.071812699999999907e+01
1.205624194145202637e+02	1.997601200000000077e+01
1.272615382671356201e+02	1.928978400000000093e+01
1.339483437538146973e+02	1.862122099999999847e+01
1.406444625854492188e+02	2.116711400000000154e+01
1.473453803062438965e+02	2.071028499999999894e+01
1.540437395572662354e+02	1.996800999999999959e+01
1.607378487586975098e+02	1.928235199999999949e+01
1.674363155364990234e+02	1.861264200000000102e+01
1.741395304203033447e+02	2.116651799999999994e+01
1.808374617099761963e+02	2.071024900000000102e+01
1.875264482498168945e+02	1.996883599999999959e+01
1.942215013504028320e+02	1.928303000000000011e+01
2.009232923984527588e+02	1.861260499999999851e+01
2.076220853328704834e+02	2.116696200000000161e+01
2.143088781833648682e+02	2.071247699999999980e+01
2.210094790458679199e+02	1.996981999999999857e+01
2.276975760459899902e+02	1.928443599999999947e+01
2.344019739627838135e+02	1.861419700000000077e+01
2.410913982391357422e+02	2.116376999999999953e+01
2.477865407466888428e+02	2.070882299999999887e+01
2.544869887828826904e+02	1.996607900000000058e+01
2.611717975139617920e+02	1.928149200000000008e+01
2.678605880737304688e+02	1.861262500000000131e+01
2.745654735565185547e+02	2.117082699999999917e+01
2.812591829299926758e+02	2.071478799999999865e+01
2.879594502449035645e+02	1.997219099999999870e+01
2.946623520851135254e+02	1.928572300000000084e+01
