# PIO_at_kp=337, ki=0.69,kd=0, setpoint = 44.96214655
# time(s)_337			Temp(K)_337			
0.000000000000000000e+00	4.405824900000000355e+01
6.693500280380249023e+00	4.395169099999999673e+01
1.339674401283264160e+01	4.402450799999999731e+01
2.009961080551147461e+01	4.418449400000000082e+01
2.680356049537658691e+01	4.435276999999999958e+01
3.349765253067016602e+01	4.451634200000000163e+01
4.019956040382385254e+01	4.467595899999999887e+01
4.690155291557312012e+01	4.483333400000000069e+01
5.360685944557189941e+01	4.480044500000000340e+01
6.030483698844909668e+01	4.476506499999999988e+01
6.701262545585632324e+01	4.491221600000000080e+01
7.371721529960632324e+01	4.476572800000000285e+01
8.041354823112487793e+01	4.480205000000000126e+01
8.712100744247436523e+01	4.473118300000000147e+01
9.381513977050781250e+01	4.492436000000000007e+01
1.005099332332611084e+02	4.479762499999999648e+01
1.072160968780517578e+02	4.469168799999999919e+01
1.139157259464263916e+02	4.490614800000000173e+01
1.206186418533325195e+02	4.482770500000000169e+01
1.273205459117889404e+02	4.473543899999999951e+01
1.340079019069671631e+02	4.490934399999999727e+01
1.407171742916107178e+02	4.480797900000000311e+01
1.474257636070251465e+02	4.473388899999999779e+01
1.541303117275238037e+02	4.494291599999999676e+01
1.608340778350830078e+02	4.482495200000000324e+01
1.675433135032653809e+02	4.471314699999999931e+01
1.742376530170440674e+02	4.491693200000000274e+01
1.809407858848571777e+02	4.484040199999999743e+01
1.876409187316894531e+02	4.475925999999999760e+01
1.943490402698516846e+02	4.493633700000000175e+01
2.010435676574707031e+02	4.482257299999999844e+01
2.077393014430999756e+02	4.473855499999999807e+01
2.144357573986053467e+02	4.495548600000000050e+01
2.211385540962219238e+02	4.484660399999999925e+01
2.278445570468902588e+02	4.473488499999999846e+01
2.345391461849212646e+02	4.493001399999999990e+01
2.412459447383880615e+02	4.484996799999999695e+01
2.479425711631774902e+02	4.477252099999999757e+01
2.546315658092498779e+02	4.495853799999999723e+01
2.613393254280090332e+02	4.483730800000000016e+01
2.680371193885803223e+02	4.474319299999999799e+01
2.747375440597534180e+02	4.496254499999999865e+01
2.814280443191528320e+02	4.486692299999999989e+01
2.881261765956878662e+02	4.476000200000000007e+01
2.948293018341064453e+02	4.494310500000000275e+01
