# PIO_at_kp=337, ki=0.69,kd=0, setpoint = 21.910927175
# time(s)_337			Temp(K)_337			
0.000000000000000000e+00	2.075370300000000157e+01
6.714876890182495117e+00	2.263167500000000132e+01
1.341687154769897461e+01	2.222891699999999915e+01
2.011603879928588867e+01	2.153704400000000163e+01
2.681591391563415527e+01	2.319190599999999947e+01
3.351707983016967773e+01	2.280142999999999986e+01
4.022103118896484375e+01	2.212106100000000097e+01
4.691712284088134766e+01	2.148947599999999980e+01
5.361306548118591309e+01	2.317463000000000051e+01
6.031834816932678223e+01	2.279104699999999895e+01
6.700497937202453613e+01	2.211807500000000104e+01
7.369446158409118652e+01	2.149093699999999885e+01
8.038257575035095215e+01	2.317265599999999992e+01
8.708737421035766602e+01	2.278997499999999832e+01
9.378082895278930664e+01	2.211768100000000103e+01
1.004816248416900635e+02	2.149022099999999824e+01
1.071667561531066895e+02	2.317338900000000024e+01
1.138545615673065186e+02	2.279323899999999981e+01
1.205493445396423340e+02	2.212070999999999898e+01
1.272391552925109863e+02	2.149470300000000123e+01
1.339382715225219727e+02	2.318383700000000047e+01
1.406420254707336426e+02	2.280123999999999995e+01
1.473330116271972656e+02	2.212946799999999925e+01
1.540220065116882324e+02	2.150349100000000035e+01
1.607219965457916260e+02	2.318714299999999895e+01
1.674230060577392578e+02	2.280547100000000071e+01
1.741227178573608398e+02	2.213327599999999862e+01
1.808145098686218262e+02	2.150741700000000023e+01
1.875259702205657959e+02	2.319208300000000023e+01
1.942167773246765137e+02	2.281172099999999858e+01
2.009258415699005127e+02	2.213847399999999865e+01
2.076097192764282227e+02	2.151368000000000080e+01
2.143041603565216064e+02	2.318959200000000109e+01
2.209998323917388916e+02	2.280934399999999940e+01
2.276930177211761475e+02	2.213796200000000169e+01
2.343858406543731689e+02	2.151224699999999856e+01
2.410923247337341309e+02	2.319610600000000034e+01
2.477980079650878906e+02	2.281444499999999920e+01
2.544915955066680908e+02	2.214333799999999997e+01
2.611843895912170410e+02	2.151750200000000035e+01
2.678941879272460938e+02	2.320128700000000066e+01
2.745900154113769531e+02	2.282067999999999941e+01
2.812930974960327148e+02	2.214843000000000117e+01
2.879885730743408203e+02	2.152265999999999835e+01
