# PIO_at_kp=337, ki=0.69,kd=0, setpoint = 77.233853675
# time(s)_337			Temp(K)_337			
0.000000000000000000e+00	7.520086499999999319e+01
6.711522102355957031e+00	7.521483399999999619e+01
1.341829872131347656e+01	7.522736100000000192e+01
2.012601327896118164e+01	7.524157800000000407e+01
2.680701589584350586e+01	7.525438800000000583e+01
3.350864815711975098e+01	7.526812999999999931e+01
4.020575094223022461e+01	7.528162100000000123e+01
4.688836121559143066e+01	7.529473500000000286e+01
5.358865451812744141e+01	7.530773999999999546e+01
6.028894138336181641e+01	7.532183799999999962e+01
6.698418402671813965e+01	7.533559900000000198e+01
7.367294073104858398e+01	7.534837500000000432e+01
8.036701774597167969e+01	7.536054099999999778e+01
8.708522629737854004e+01	7.537773900000000538e+01
9.378405404090881348e+01	7.538786399999999333e+01
1.004866042137145996e+02	7.540027700000000266e+01
1.071981418132781982e+02	7.541369400000000667e+01
1.139090423583984375e+02	7.542636500000000410e+01
1.206032505035400391e+02	7.544031599999999571e+01
1.273075284957885742e+02	7.545227599999999768e+01
1.340140113830566406e+02	7.546557400000000371e+01
1.407021999359130859e+02	7.547907700000000375e+01
1.474051556587219238e+02	7.549138899999999808e+01
1.541018187999725342e+02	7.550498699999999985e+01
1.608030128479003906e+02	7.551727300000000298e+01
1.675033969879150391e+02	7.553071199999999408e+01
1.741962487697601318e+02	7.554319399999999973e+01
1.808990416526794434e+02	7.555645900000000381e+01
1.876004729270935059e+02	7.556921300000000485e+01
1.943100190162658691e+02	7.558170800000000611e+01
2.010142953395843506e+02	7.559566700000000594e+01
2.077083554267883301e+02	7.560785099999999659e+01
2.144081268310546875e+02	7.562061199999999417e+01
2.211042108535766602e+02	7.563568399999999770e+01
2.277918024063110352e+02	7.564615200000000073e+01
2.344939773082733154e+02	7.565931000000000495e+01
2.411988065242767334e+02	7.567108500000000504e+01
2.479060511589050293e+02	7.568340999999999497e+01
2.546118650436401367e+02	7.569574299999999312e+01
2.613059694766998291e+02	7.570827199999999380e+01
2.679969322681427002e+02	7.572234299999999507e+01
2.746988563537597656e+02	7.573397799999999336e+01
2.813940379619598389e+02	7.574661299999999642e+01
2.880974631309509277e+02	7.575847199999999759e+01
2.947832934856414795e+02	7.577201499999999612e+01
