# PIO_at_kp=337, ki=0.69,kd=0, setpoint = 17.300683300000003
# time(s)_337			Temp(K)_337			
0.000000000000000000e+00	1.595884700000000045e+01
6.702715635299682617e+00	1.964014099999999985e+01
1.340473890304565430e+01	1.910804699999999912e+01
2.009270286560058594e+01	1.830082200000000014e+01
2.679871630668640137e+01	1.756190799999999896e+01
3.349271416664123535e+01	1.685106000000000037e+01
4.018765926361083984e+01	2.010504800000000003e+01
4.688110876083374023e+01	1.959608400000000117e+01
5.359123325347900391e+01	1.880502699999999905e+01
6.028038740158081055e+01	1.808220700000000036e+01
6.696650218963623047e+01	1.738261500000000126e+01
7.366064953804016113e+01	1.669434299999999993e+01
8.035840177536010742e+01	2.002404399999999995e+01
8.704925155639648438e+01	1.951583700000000121e+01
9.374159860610961914e+01	1.872702200000000161e+01
1.004255185127258301e+02	1.800454300000000174e+01
1.071286377906799316e+02	1.730326900000000023e+01
1.138337628841400146e+02	1.661384400000000028e+01
1.205287110805511475e+02	1.998657000000000039e+01
1.272297036647796631e+02	1.947507900000000092e+01
1.339228465557098389e+02	1.868457199999999929e+01
1.406247153282165527e+02	1.795926800000000156e+01
1.473177018165588379e+02	1.725817800000000091e+01
1.540122284889221191e+02	1.656943400000000111e+01
1.606963732242584229e+02	1.995662400000000147e+01
1.673804941177368164e+02	1.944525000000000148e+01
1.740906178951263428e+02	1.865154100000000170e+01
1.807785086631774902e+02	1.792684799999999967e+01
1.874715483188629150e+02	1.722504599999999897e+01
1.941656975746154785e+02	1.679437599999999975e+01
2.008714833259582520e+02	2.006358399999999875e+01
2.075652787685394287e+02	1.955111799999999889e+01
2.142727417945861816e+02	1.875864899999999835e+01
2.209765543937683105e+02	1.803359800000000135e+01
2.276783404350280762e+02	1.733222699999999961e+01
2.343767101764678955e+02	1.664320999999999984e+01
2.410655155181884766e+02	1.999928200000000089e+01
2.477583303451538086e+02	1.948968899999999849e+01
2.544616622924804688e+02	1.869853300000000118e+01
2.611516482830047607e+02	1.797489699999999857e+01
2.678514645099639893e+02	1.727376900000000148e+01
2.745529518127441406e+02	1.658472700000000088e+01
2.812600638866424561e+02	1.997070899999999938e+01
2.879548616409301758e+02	1.945885099999999923e+01
2.946489982604980469e+02	1.866781699999999944e+01
