# PIO_at_kp=337, ki=0.69,kd=0, setpoint = 48.65034165
# time(s)_337			Temp(K)_337			
0.000000000000000000e+00	4.756890099999999677e+01
6.707493782043457031e+00	4.770225500000000096e+01
1.341442108154296875e+01	4.781525500000000051e+01
2.012175965309143066e+01	4.794104899999999958e+01
2.681448507308959961e+01	4.806397499999999923e+01
3.351049661636352539e+01	4.818579199999999929e+01
4.019848585128784180e+01	4.830552300000000088e+01
4.688195395469665527e+01	4.842316999999999894e+01
5.357008647918701172e+01	4.852742599999999840e+01
6.026438641548156738e+01	4.843498100000000051e+01
6.696967983245849609e+01	4.854040299999999775e+01
7.368780469894409180e+01	4.842148399999999953e+01
8.038829326629638672e+01	4.852996399999999966e+01
8.708239650726318359e+01	4.842485800000000040e+01
9.377919101715087891e+01	4.855669199999999819e+01
1.004751424789428711e+02	4.844346300000000127e+01
1.071764602661132812e+02	4.854993699999999990e+01
1.138802585601806641e+02	4.842964200000000119e+01
1.205882773399353027e+02	4.855323099999999670e+01
1.272761211395263672e+02	4.844467099999999959e+01
1.339784815311431885e+02	4.856781999999999755e+01
1.406754651069641113e+02	4.844786400000000270e+01
1.473844833374023438e+02	4.856044599999999889e+01
1.540784819126129150e+02	4.844546499999999867e+01
1.607918424606323242e+02	4.857239100000000320e+01
1.674866466522216797e+02	4.845649099999999976e+01
1.741807572841644287e+02	4.857276800000000350e+01
1.808742401599884033e+02	4.845299599999999884e+01
1.875813496112823486e+02	4.857527199999999823e+01
1.942817282676696777e+02	4.846133499999999827e+01
2.009754858016967773e+02	4.858316899999999805e+01
2.076754989624023438e+02	4.846352300000000213e+01
2.143825333118438721e+02	4.858104199999999651e+01
2.210884923934936523e+02	4.846523299999999779e+01
2.277881264686584473e+02	4.858927299999999860e+01
2.344829208850860596e+02	4.847256999999999749e+01
2.411785142421722412e+02	4.859229700000000207e+01
2.478654429912567139e+02	4.847225300000000203e+01
2.545714986324310303e+02	4.859276799999999952e+01
2.612594981193542480e+02	4.847592499999999660e+01
2.679444780349731445e+02	4.860022200000000225e+01
2.746431670188903809e+02	4.848159299999999661e+01
2.813359720706939697e+02	4.859995200000000182e+01
2.880449481010437012e+02	4.847941800000000256e+01
