# PIO_at_kp=337, ki=0.69,kd=0, setpoint = 75.389756125
# time(s)_337			Temp(K)_337			
0.000000000000000000e+00	7.388661899999999605e+01
6.709279537200927734e+00	7.390228799999999865e+01
1.339803099632263184e+01	7.391777500000000600e+01
2.007988834381103516e+01	7.393329199999999446e+01
2.677278161048889160e+01	7.394966700000000515e+01
3.346733164787292480e+01	7.396479499999999518e+01
4.018160843849182129e+01	7.398009100000000160e+01
4.689377093315124512e+01	7.399560800000000427e+01
5.360219001770019531e+01	7.401424699999999746e+01
6.029842853546142578e+01	7.402765999999999735e+01
6.699802970886230469e+01	7.404353600000000313e+01
7.368827986717224121e+01	7.405933199999999772e+01
8.038493108749389648e+01	7.407452700000000334e+01
8.708323907852172852e+01	7.408969600000000355e+01
9.378017616271972656e+01	7.410515700000000550e+01
1.004817876815795898e+02	7.412100100000000680e+01
1.071776292324066162e+02	7.413731699999999591e+01
1.138828444480895996e+02	7.415139800000000037e+01
1.205770125389099121e+02	7.416709600000000080e+01
1.272720301151275635e+02	7.418290899999999510e+01
1.339809081554412842e+02	7.419815499999999986e+01
1.406878774166107178e+02	7.421321500000000526e+01
1.473858249187469482e+02	7.422841300000000331e+01
1.540928418636322021e+02	7.424343600000000265e+01
1.607895007133483887e+02	7.425834799999999802e+01
1.674888381958007812e+02	7.427450699999999983e+01
1.741958250999450684e+02	7.428887699999999938e+01
1.808904685974121094e+02	7.430434200000000544e+01
1.875851309299468994e+02	7.431930099999999584e+01
1.942839522361755371e+02	7.433306399999999314e+01
2.009778385162353516e+02	7.435012100000000146e+01
2.076899507045745850e+02	7.436435699999999827e+01
2.144040439128875732e+02	7.437922700000000020e+01
2.210989694595336914e+02	7.439520100000000014e+01
2.277988209724426270e+02	7.441032699999999522e+01
2.345119335651397705e+02	7.442446900000000198e+01
2.412068388462066650e+02	7.443922899999999743e+01
2.479177908897399902e+02	7.445378100000000643e+01
2.546228690147399902e+02	7.446959900000000232e+01
2.613277401924133301e+02	7.448484000000000549e+01
2.680305147171020508e+02	7.449916199999999833e+01
2.747359642982482910e+02	7.451406099999999810e+01
2.814499106407165527e+02	7.452769100000000435e+01
2.881587097644805908e+02	7.454286999999999352e+01
2.948600692749023438e+02	7.455705899999999531e+01
