# PIO_at_kp=337, ki=0.69,kd=0, setpoint = 36.663707575000004
# time(s)_337			Temp(K)_337			
0.000000000000000000e+00	3.581734199999999646e+01
6.709184646606445312e+00	3.567857699999999710e+01
1.342223167419433594e+01	3.584489200000000153e+01
2.011568570137023926e+01	3.620493799999999851e+01
2.682418704032897949e+01	3.654311799999999977e+01
3.353197050094604492e+01	3.657859700000000203e+01
4.023410367965698242e+01	3.646421800000000246e+01
4.693356156349182129e+01	3.658322799999999830e+01
5.362638115882873535e+01	3.652253799999999728e+01
6.030779528617858887e+01	3.647304199999999952e+01
6.701061367988586426e+01	3.669449800000000295e+01
7.371507024765014648e+01	3.648685199999999895e+01
8.040821528434753418e+01	3.640494400000000041e+01
8.712064433097839355e+01	3.678023699999999963e+01
9.381045269966125488e+01	3.661263499999999738e+01
1.005046124458312988e+02	3.633138999999999896e+01
1.071991877555847168e+02	3.653928700000000163e+01
1.138991918563842773e+02	3.662292000000000058e+01
1.206026444435119629e+02	3.651737899999999826e+01
1.272974381446838379e+02	3.646988900000000200e+01
1.340092206001281738e+02	3.675554699999999997e+01
1.407042000293731689e+02	3.655551899999999677e+01
1.474071788787841797e+02	3.639903000000000333e+01
1.541059489250183105e+02	3.669668099999999811e+01
1.608047683238983154e+02	3.654275299999999760e+01
1.675145432949066162e+02	3.641221199999999669e+01
1.742170011997222900e+02	3.673306900000000041e+01
1.809091575145721436e+02	3.657242300000000057e+01
1.875969259738922119e+02	3.640175200000000189e+01
1.942907228469848633e+02	3.668636000000000053e+01
2.009805281162261963e+02	3.654930699999999888e+01
2.076802377700805664e+02	3.643546700000000271e+01
2.143701157569885254e+02	3.674704700000000201e+01
2.210712170600891113e+02	3.657560300000000097e+01
2.277731959819793701e+02	3.641176399999999802e+01
2.344742867946624756e+02	3.670355399999999690e+01
2.411773135662078857e+02	3.655746599999999802e+01
2.478872020244598389e+02	3.643464399999999870e+01
2.546008856296539307e+02	3.675286899999999690e+01
2.613057138919830322e+02	3.658773699999999707e+01
2.680111408233642578e+02	3.641612299999999891e+01
2.747139604091644287e+02	3.669936799999999977e+01
2.814180462360382080e+02	3.656271600000000177e+01
2.881095235347747803e+02	3.645188799999999674e+01
2.948043162822723389e+02	3.676453000000000060e+01
