# PIO_at_kp=337, ki=0.69,kd=0, setpoint = 33.89756125
# time(s)_337			Temp(K)_337			
0.000000000000000000e+00	3.274450199999999711e+01
6.703088283538818359e+00	3.311452599999999791e+01
1.339915227890014648e+01	3.358100699999999961e+01
2.010135769844055176e+01	3.401721100000000320e+01
2.679815387725830078e+01	3.382034300000000115e+01
3.349216246604919434e+01	3.368426300000000140e+01
4.019378852844238281e+01	3.404766699999999702e+01
4.689402484893798828e+01	3.385846099999999836e+01
5.357933378219604492e+01	3.365593400000000202e+01
6.027516937255859375e+01	3.399215000000000231e+01
6.697495174407958984e+01	3.381646400000000341e+01
7.367506027221679688e+01	3.371352900000000119e+01
8.036279034614562988e+01	3.406711200000000161e+01
8.706795620918273926e+01	3.386287999999999698e+01
9.375311899185180664e+01	3.366367300000000284e+01
1.004479136466979980e+02	3.400301999999999936e+01
1.071269428730010986e+02	3.382850100000000282e+01
1.138228390216827393e+02	3.370763399999999876e+01
1.205141611099243164e+02	3.406017899999999798e+01
1.272202396392822266e+02	3.386126800000000259e+01
1.339255790710449219e+02	3.367280800000000340e+01
1.406320261955261230e+02	3.401684099999999944e+01
1.473291692733764648e+02	3.384050799999999981e+01
1.540290353298187256e+02	3.370392900000000225e+01
1.607284102439880371e+02	3.405067300000000330e+01
1.674365410804748535e+02	3.385605199999999826e+01
1.741321625709533691e+02	3.369010000000000105e+01
1.808262281417846680e+02	3.403446000000000282e+01
1.875295860767364502e+02	3.385140599999999722e+01
1.942240402698516846e+02	3.369749000000000194e+01
2.009251904487609863e+02	3.404687500000000000e+01
2.076342897415161133e+02	3.385905100000000090e+01
2.143310828208923340e+02	3.369144599999999912e+01
2.210182120800018311e+02	3.403766900000000106e+01
2.277238039970397949e+02	3.385530800000000085e+01
2.344134743213653564e+02	3.369927700000000215e+01
2.411081748008728027e+02	3.404591500000000082e+01
2.478151087760925293e+02	3.385854799999999898e+01
2.545161697864532471e+02	3.369706000000000046e+01
2.612170171737670898e+02	3.404324299999999681e+01
2.679162106513977051e+02	3.385964200000000091e+01
2.746231648921966553e+02	3.369870999999999839e+01
2.813241667747497559e+02	3.404652500000000259e+01
2.880111634731292725e+02	3.386310600000000193e+01
2.947041647434234619e+02	3.369643299999999897e+01
