# PIO_at_kp=337, ki=0.69,kd=0, setpoint = 57.8708294
# time(s)_337			Temp(K)_337			
0.000000000000000000e+00	5.688720699999999653e+01
6.703823804855346680e+00	5.674652100000000132e+01
1.341128540039062500e+01	5.689588799999999935e+01
2.012242293357849121e+01	5.693970600000000104e+01
2.682454562187194824e+01	5.699988299999999697e+01
3.352202200889587402e+01	5.706205400000000338e+01
4.020847535133361816e+01	5.712465000000000259e+01
4.691327285766601562e+01	5.718819500000000033e+01
5.361340761184692383e+01	5.724963699999999989e+01
6.030848050117492676e+01	5.731042599999999965e+01
6.700266075134277344e+01	5.737306800000000351e+01
7.371648883819580078e+01	5.743410800000000194e+01
8.041626858711242676e+01	5.749528800000000217e+01
8.711605191230773926e+01	5.755553499999999900e+01
9.382985806465148926e+01	5.761667899999999776e+01
1.005327551364898682e+02	5.767556400000000139e+01
1.072397725582122803e+02	5.772269800000000117e+01
1.139449160099029541e+02	5.758060100000000148e+01
1.206529593467712402e+02	5.773187999999999676e+01
1.273488399982452393e+02	5.760441500000000303e+01
1.340583019256591797e+02	5.776140300000000138e+01
1.407667629718780518e+02	5.762557300000000282e+01
1.474638960361480713e+02	5.776631600000000333e+01
1.541746957302093506e+02	5.761924499999999938e+01
1.608665170669555664e+02	5.776243999999999801e+01
1.675692737102508545e+02	5.761818000000000239e+01
1.742799761295318604e+02	5.776971300000000298e+01
1.809804766178131104e+02	5.762710599999999772e+01
1.876739931106567383e+02	5.777882499999999766e+01
1.943669917583465576e+02	5.763354600000000261e+01
2.010629048347473145e+02	5.778190800000000138e+01
2.077589783668518066e+02	5.763579099999999755e+01
2.144589786529541016e+02	5.778568299999999880e+01
2.211549744606018066e+02	5.763992799999999761e+01
2.278557696342468262e+02	5.779084600000000194e+01
2.345632297992706299e+02	5.764378500000000116e+01
2.412713630199432373e+02	5.779342199999999963e+01
2.479783811569213867e+02	5.764688499999999749e+01
2.546796324253082275e+02	5.779689700000000130e+01
2.613794112205505371e+02	5.765083200000000119e+01
2.680672030448913574e+02	5.780350500000000125e+01
2.747679998874664307e+02	5.765656100000000350e+01
2.814679865837097168e+02	5.780732799999999827e+01
2.881725907325744629e+02	5.765941300000000069e+01
2.948784184455871582e+02	5.780993300000000090e+01
