# PIO_at_kp=337, ki=0.69,kd=0, setpoint = 63.40312205
# time(s)_337			Temp(K)_337			
0.000000000000000000e+00	6.237386000000000053e+01
6.694502353668212891e+00	6.239966199999999930e+01
1.339058637619018555e+01	6.243826099999999713e+01
2.007869386672973633e+01	6.248049100000000067e+01
2.677683424949645996e+01	6.252228000000000208e+01
3.348993039131164551e+01	6.256457100000000082e+01
4.017972874641418457e+01	6.260731899999999683e+01
4.689364767074584961e+01	6.264923300000000239e+01
5.359102153778076172e+01	6.269044499999999687e+01
6.030421304702758789e+01	6.273220700000000249e+01
6.701518201828002930e+01	6.277372700000000094e+01
7.371731328964233398e+01	6.281416500000000269e+01
8.043205142021179199e+01	6.285624299999999920e+01
8.712616181373596191e+01	6.289686999999999983e+01
9.381516027450561523e+01	6.293805799999999806e+01
1.005131506919860840e+02	6.297827300000000150e+01
1.072085943222045898e+02	6.301991100000000046e+01
1.139140686988830566e+02	6.305926699999999840e+01
1.206251978874206543e+02	6.310010900000000333e+01
1.273379628658294678e+02	6.313962899999999934e+01
1.340330793857574463e+02	6.317992199999999769e+01
1.407295720577239990e+02	6.321966400000000164e+01
1.474381694793701172e+02	6.324161200000000349e+01
1.541421000957489014e+02	6.306870200000000182e+01
1.608382899761199951e+02	6.323812999999999818e+01
1.675286707878112793e+02	6.326225199999999660e+01
1.742231881618499756e+02	6.307917700000000139e+01
1.809362461566925049e+02	6.325064400000000120e+01
1.876441760063171387e+02	6.327159400000000034e+01
1.943401710987091064e+02	6.308362799999999737e+01
2.010441703796386719e+02	6.325561400000000134e+01
2.077420864105224609e+02	6.327630700000000274e+01
2.144451897144317627e+02	6.308853599999999773e+01
2.211389923095703125e+02	6.326438199999999767e+01
2.278402013778686523e+02	6.328726799999999741e+01
2.345459358692169189e+02	6.309748299999999688e+01
2.412400925159454346e+02	6.327160599999999846e+01
2.479444880485534668e+02	6.329349500000000006e+01
2.546406428813934326e+02	6.310431299999999766e+01
2.613420858383178711e+02	6.327978099999999984e+01
2.680381922721862793e+02	6.330169800000000180e+01
2.747402353286743164e+02	6.311129499999999837e+01
2.814514784812927246e+02	6.328640099999999791e+01
2.881582312583923340e+02	6.330768299999999726e+01
