# PIO_at_kp=337, ki=0.69,kd=0, setpoint = 40.351902675
# time(s)_337			Temp(K)_337			
0.000000000000000000e+00	3.934464899999999687e+01
6.701406717300415039e+00	3.921956699999999785e+01
1.340597724914550781e+01	3.946730800000000272e+01
2.010937786102294922e+01	3.972249899999999911e+01
2.681003165245056152e+01	3.996692300000000131e+01
3.349494409561157227e+01	4.020091699999999690e+01
4.019437265396118164e+01	4.022663899999999870e+01
4.689571309089660645e+01	4.020143999999999807e+01
5.359501791000366211e+01	4.017160400000000209e+01
6.029947376251220703e+01	4.021765700000000265e+01
6.699387264251708984e+01	4.027423499999999734e+01
7.368740153312683105e+01	4.020031199999999671e+01
8.039085817337036133e+01	4.013327600000000217e+01
8.709865427017211914e+01	4.034844799999999765e+01
9.378544378280639648e+01	4.018351100000000287e+01
1.004812572002410889e+02	4.006775799999999776e+01
1.071824610233306885e+02	4.035618199999999689e+01
1.138845965862274170e+02	4.022670200000000307e+01
1.205913689136505127e+02	4.007276199999999733e+01
1.272838373184204102e+02	4.030140399999999801e+01
1.339973802566528320e+02	4.024366899999999703e+01
1.406853435039520264e+02	4.014095499999999817e+01
1.473647317886352539e+02	4.032317100000000210e+01
1.540625975131988525e+02	4.021039499999999833e+01
1.607603900432586670e+02	4.012495599999999740e+01
1.674489679336547852e+02	4.038156699999999688e+01
1.741353082656860352e+02	4.022774299999999670e+01
1.808371024131774902e+02	4.008173299999999983e+01
1.875402462482452393e+02	4.033493099999999743e+01
1.942357149124145508e+02	4.025423099999999721e+01
2.009418630599975586e+02	4.013354400000000055e+01
2.076413085460662842e+02	4.033832499999999754e+01
2.143450694084167480e+02	4.023937300000000050e+01
2.210318596363067627e+02	4.014030499999999790e+01
2.277363951206207275e+02	4.037400800000000345e+01
2.344331059455871582e+02	4.022963399999999723e+01
2.411352579593658447e+02	4.011130200000000201e+01
2.478298549652099609e+02	4.038142599999999760e+01
2.545207502841949463e+02	4.025613100000000344e+01
2.612189500331878662e+02	4.011465700000000112e+01
2.679224078655242920e+02	4.035166699999999906e+01
2.746268908977508545e+02	4.026926900000000131e+01
2.813499670028686523e+02	4.015310800000000313e+01
2.880354571342468262e+02	4.035929900000000004e+01
2.947299253940582275e+02	4.025298899999999946e+01
