# PIO_at_kp=337, ki=0.69,kd=0, setpoint = 74.46770735
# time(s)_337			Temp(K)_337			
0.000000000000000000e+00	7.314430500000000279e+01
6.706047534942626953e+00	7.316207900000000564e+01
1.340970635414123535e+01	7.317907700000000659e+01
2.010260987281799316e+01	7.319577400000000011e+01
2.679798293113708496e+01	7.321377099999999416e+01
3.351693153381347656e+01	7.322981900000000621e+01
4.021698260307312012e+01	7.324727799999999434e+01
4.691444540023803711e+01	7.326498300000000086e+01
5.360309243202209473e+01	7.328132700000000455e+01
6.029814934730529785e+01	7.329846999999999468e+01
6.699143052101135254e+01	7.331589599999999507e+01
7.369116282463073730e+01	7.333235600000000431e+01
8.039822244644165039e+01	7.334965800000000513e+01
8.711004638671875000e+01	7.336571100000000456e+01
9.381712174415588379e+01	7.338228200000000356e+01
1.005191874504089355e+02	7.339860699999999838e+01
1.072240209579467773e+02	7.341613900000000115e+01
1.139292623996734619e+02	7.343224100000000476e+01
1.206241385936737061e+02	7.344798400000000527e+01
1.273366386890411377e+02	7.346511499999999728e+01
1.340439703464508057e+02	7.348285500000000070e+01
1.407470049858093262e+02	7.350160700000000702e+01
1.474585220813751221e+02	7.351553099999999574e+01
1.541518130302429199e+02	7.353150999999999726e+01
1.608659822940826416e+02	7.354898000000000025e+01
1.675600228309631348e+02	7.356481999999999744e+01
1.742549822330474854e+02	7.358257299999999645e+01
1.809411935806274414e+02	7.359771499999999378e+01
1.876431198120117188e+02	7.361400600000000338e+01
1.943441166877746582e+02	7.363179200000000435e+01
2.010499975681304932e+02	7.364766000000000190e+01
2.077530891895294189e+02	7.366452800000000423e+01
2.144540481567382812e+02	7.367952800000000479e+01
2.211580004692077637e+02	7.369629600000000380e+01
2.278549859523773193e+02	7.371299000000000490e+01
2.345539708137512207e+02	7.372798500000000388e+01
2.412419652938842773e+02	7.374382300000000612e+01
2.479497966766357422e+02	7.375985099999999761e+01
2.546559824943542480e+02	7.377649499999999705e+01
2.613562779426574707e+02	7.379195900000000563e+01
2.680539710521697998e+02	7.380881499999999562e+01
2.747471001148223877e+02	7.382380000000000564e+01
2.814491906166076660e+02	7.384084199999999498e+01
2.881499619483947754e+02	7.385497599999999352e+01
2.948436622619628906e+02	7.387114499999999850e+01
