# PIO_at_kp=337, ki=0.69,kd=0, setpoint = 52.33853675
# time(s)_337			Temp(K)_337			
0.000000000000000000e+00	5.123584999999999923e+01
6.685660839080810547e+00	5.136652999999999736e+01
1.339625740051269531e+01	5.142991599999999863e+01
2.010564112663269043e+01	5.152209400000000272e+01
2.680177450180053711e+01	5.161716100000000296e+01
3.350064921379089355e+01	5.171037700000000115e+01
4.020153856277465820e+01	5.180218599999999896e+01
4.691424655914306641e+01	5.189274300000000295e+01
5.361762332916259766e+01	5.198408200000000079e+01
6.032226634025573730e+01	5.207443299999999908e+01
6.702329707145690918e+01	5.216136999999999802e+01
7.371742963790893555e+01	5.208812999999999960e+01
8.041156291961669922e+01	5.225309599999999932e+01
8.712904191017150879e+01	5.213301799999999986e+01
9.382614636421203613e+01	5.221328499999999906e+01
1.005232787132263184e+02	5.206836100000000300e+01
1.072268385887145996e+02	5.220644099999999810e+01
1.139298894405364990e+02	5.210643900000000173e+01
1.206418716907501221e+02	5.225698799999999977e+01
1.273451528549194336e+02	5.212581699999999785e+01
1.340499303340911865e+02	5.223252800000000207e+01
1.407497253417968750e+02	5.209264600000000200e+01
1.474576361179351807e+02	5.223248300000000199e+01
1.541616384983062744e+02	5.212068500000000171e+01
1.608634438514709473e+02	5.226232199999999750e+01
1.675575768947601318e+02	5.212892800000000193e+01
1.742630376815795898e+02	5.224528099999999853e+01
1.809631741046905518e+02	5.211201100000000253e+01
1.876616306304931641e+02	5.225235099999999733e+01
1.943504498004913330e+02	5.213267599999999646e+01
2.010532338619232178e+02	5.226882499999999965e+01
2.077393505573272705e+02	5.213591699999999918e+01
2.144512407779693604e+02	5.225803599999999705e+01
2.211616122722625732e+02	5.212936400000000248e+01
2.278664100170135498e+02	5.226361899999999849e+01
2.345766274929046631e+02	5.214444000000000301e+01
2.412866344451904297e+02	5.227856200000000086e+01
2.479856488704681396e+02	5.214684299999999695e+01
2.546866054534912109e+02	5.227005400000000179e+01
2.613874001502990723e+02	5.214044200000000018e+01
2.680701858997344971e+02	5.227633099999999899e+01
2.747716207504272461e+02	5.215407700000000091e+01
2.814776842594146729e+02	5.228582500000000266e+01
2.881959018707275391e+02	5.215572800000000342e+01
2.948936977386474609e+02	5.228117900000000162e+01
