# PIO_at_kp=337, ki=0.69,kd=0, setpoint = 53.260585525
# time(s)_337			Temp(K)_337			
0.000000000000000000e+00	5.215212499999999807e+01
6.705130338668823242e+00	5.229021300000000139e+01
1.339967250823974609e+01	5.236144999999999783e+01
2.010404920578002930e+01	5.244885899999999879e+01
2.680784511566162109e+01	5.253731100000000254e+01
3.351979541778564453e+01	5.262524599999999708e+01
4.021043515205383301e+01	5.271133400000000080e+01
4.690622735023498535e+01	5.279637000000000313e+01
5.360639452934265137e+01	5.288148900000000197e+01
6.030883932113647461e+01	5.296538600000000230e+01
6.702181148529052734e+01	5.304890100000000075e+01
7.371779322624206543e+01	5.312309700000000134e+01
8.042752671241760254e+01	5.300789499999999776e+01
8.712331700325012207e+01	5.313734099999999927e+01
9.382479047775268555e+01	5.302062399999999798e+01
1.005142414569854736e+02	5.314899199999999979e+01
1.072230370044708252e+02	5.302210600000000085e+01
1.139254925251007080e+02	5.314839599999999820e+01
1.206302869319915771e+02	5.302009600000000233e+01
1.273234221935272217e+02	5.315467799999999698e+01
1.340163576602935791e+02	5.303056000000000125e+01
1.407166783809661865e+02	5.316590000000000060e+01
1.474214615821838379e+02	5.303590499999999963e+01
1.541228001117706299e+02	5.316544799999999782e+01
1.608238053321838379e+02	5.303373100000000306e+01
1.675187988281250000e+02	5.316864699999999999e+01
1.742061169147491455e+02	5.304093600000000208e+01
1.809077949523925781e+02	5.317813600000000207e+01
1.876017961502075195e+02	5.304718100000000192e+01
1.942963671684265137e+02	5.317843599999999782e+01
2.010011420249938965e+02	5.304619600000000190e+01
2.077009348869323730e+02	5.318143400000000298e+01
2.143947594165802002e+02	5.305408599999999808e+01
2.211075277328491211e+02	5.318894000000000233e+01
2.278037309646606445e+02	5.305875799999999742e+01
2.344984543323516846e+02	5.319123499999999893e+01
2.412013542652130127e+02	5.305969300000000288e+01
2.478920435905456543e+02	5.319392200000000059e+01
2.545888154506683350e+02	5.306430499999999739e+01
2.612918078899383545e+02	5.319913900000000240e+01
2.679901075363159180e+02	5.306869300000000322e+01
2.746797938346862793e+02	5.320258900000000324e+01
2.814016895294189453e+02	5.306908099999999706e+01
2.881044859886169434e+02	5.320232200000000233e+01
