# PIO_at_kp=337, ki=0.69,kd=0, setpoint = 55.104683075000004
# time(s)_337			Temp(K)_337			
0.000000000000000000e+00	5.399052499999999810e+01
6.694039344787597656e+00	5.412880100000000283e+01
1.340601205825805664e+01	5.418071299999999724e+01
2.010201096534729004e+01	5.425518999999999892e+01
2.679900121688842773e+01	5.433173200000000236e+01
3.349961590766906738e+01	5.440839400000000126e+01
4.019972348213195801e+01	5.448462599999999867e+01
4.690791034698486328e+01	5.456021899999999647e+01
5.360533857345581055e+01	5.463517600000000130e+01
6.029412984848022461e+01	5.470982599999999962e+01
6.699358582496643066e+01	5.478262000000000143e+01
7.369639205932617188e+01	5.485604800000000125e+01
8.039817404747009277e+01	5.492676199999999653e+01
8.709873151779174805e+01	5.486741800000000069e+01
9.380476617813110352e+01	5.499605799999999789e+01
1.005045742988586426e+02	5.486758700000000033e+01
1.072079961299896240e+02	5.498374299999999693e+01
1.139081525802612305e+02	5.484339500000000100e+01
1.206199967861175537e+02	5.498127199999999704e+01
1.273139967918395996e+02	5.485967300000000080e+01
1.340092799663543701e+02	5.500732599999999906e+01
1.407116713523864746e+02	5.487555700000000058e+01
1.474052741527557373e+02	5.500597499999999940e+01
1.541109232902526855e+02	5.486367700000000269e+01
1.608197212219238281e+02	5.500040099999999654e+01
1.675028510093688965e+02	5.486975199999999830e+01
1.741926460266113281e+02	5.501743599999999645e+01
1.808929190635681152e+02	5.488491199999999992e+01
1.875937128067016602e+02	5.502135599999999727e+01
1.942783238887786865e+02	5.487985799999999870e+01
2.009748272895812988e+02	5.501728899999999811e+01
2.076803572177886963e+02	5.488210200000000327e+01
2.143810095787048340e+02	5.502570500000000209e+01
2.210712158679962158e+02	5.489320200000000227e+01
2.277640001773834229e+02	5.503347699999999776e+01
2.344758238792419434e+02	5.489511300000000205e+01
2.411666226387023926e+02	5.503150600000000026e+01
2.478650126457214355e+02	5.489442100000000124e+01
2.545688698291778564e+02	5.503651899999999841e+01
2.612603449821472168e+02	5.490315499999999815e+01
2.679638240337371826e+02	5.504526100000000355e+01
2.746675941944122314e+02	5.490669700000000120e+01
2.813717164993286133e+02	5.504297499999999843e+01
2.880721411705017090e+02	5.490485000000000326e+01
2.947817676067352295e+02	5.504724300000000170e+01
