# PIO_at_kp=337, ki=0.69,kd=0, setpoint = 65.24721960000001
# time(s)_337			Temp(K)_337			
0.000000000000000000e+00	6.418283499999999719e+01
6.706908702850341797e+00	6.418526300000000617e+01
1.341007351875305176e+01	6.418719199999999603e+01
2.010288119316101074e+01	6.421425600000000600e+01
2.681391191482543945e+01	6.424903299999999717e+01
3.351378726959228516e+01	6.428571599999999364e+01
4.021927452087402344e+01	6.432224200000000280e+01
4.691911077499389648e+01	6.436010799999999676e+01
5.361217069625854492e+01	6.439671199999999374e+01
6.031496739387512207e+01	6.443305200000000355e+01
6.702310156822204590e+01	6.446907799999999611e+01
7.371857047080993652e+01	6.450527400000000000e+01
8.041985106468200684e+01	6.454253300000000593e+01
8.712916040420532227e+01	6.457872700000000066e+01
9.383090233802795410e+01	6.461417899999999293e+01
1.005437524318695068e+02	6.464987100000000453e+01
1.072479112148284912e+02	6.468536000000000286e+01
1.139509580135345459e+02	6.472089599999999621e+01
1.206489126682281494e+02	6.475796599999999614e+01
1.273529231548309326e+02	6.479284199999999316e+01
1.340619266033172607e+02	6.482913499999999374e+01
1.407566006183624268e+02	6.486283099999999990e+01
1.474592924118041992e+02	6.489848000000000638e+01
1.541610872745513916e+02	6.493413499999999772e+01
1.608738844394683838e+02	6.496788999999999703e+01
1.675870070457458496e+02	6.500350199999999745e+01
1.742961421012878418e+02	6.503820199999999829e+01
1.809985978603363037e+02	6.506865999999999417e+01
1.876993923187255859e+02	6.508565799999999513e+01
1.943929340839385986e+02	6.508901600000000087e+01
2.011073334217071533e+02	6.508318500000000029e+01
2.078058910369873047e+02	6.507372200000000362e+01
2.144935684204101562e+02	6.506515100000000018e+01
2.212034046649932861e+02	6.506595299999999327e+01
2.279031033515930176e+02	6.506917500000000132e+01
2.345949501991271973e+02	6.507524899999999946e+01
2.413058974742889404e+02	6.508199199999999962e+01
2.480099081993103027e+02	6.508659299999999348e+01
2.547098958492279053e+02	6.508985199999999338e+01
2.614117913246154785e+02	6.509106300000000545e+01
2.680995836257934570e+02	6.509224500000000546e+01
2.747910525798797607e+02	6.509304000000000201e+01
2.814895088672637939e+02	6.509324499999999603e+01
2.881896417140960693e+02	6.509624100000000624e+01
2.948904409408569336e+02	6.509830700000000547e+01
