# PIO_at_kp=337, ki=0.69,kd=0, setpoint = 16.378634525000002
# time(s)_337			Temp(K)_337			
0.000000000000000000e+00	1.620030600000000121e+01
6.703658580780029297e+00	1.726700400000000002e+01
1.341067409515380859e+01	1.640144400000000147e+01
2.010465955734252930e+01	1.564880199999999988e+01
2.679116153717041016e+01	1.946490400000000065e+01
3.350995755195617676e+01	1.891644700000000157e+01
4.021280908584594727e+01	1.809442200000000156e+01
4.691887164115905762e+01	1.734630999999999901e+01
5.361107969284057617e+01	1.662832999999999828e+01
6.030279874801635742e+01	1.592767500000000069e+01
6.699670529365539551e+01	1.961299400000000048e+01
7.369837903976440430e+01	1.908103600000000100e+01
8.038266038894653320e+01	1.827291200000000160e+01
8.707266950607299805e+01	1.753444500000000161e+01
9.377564740180969238e+01	1.682143100000000047e+01
1.004784169197082520e+02	1.612366499999999903e+01
1.071958909034729004e+02	1.866282800000000108e+01
1.138980863094329834e+02	1.798941500000000104e+01
1.206096093654632568e+02	1.719964999999999833e+01
1.273097145557403564e+02	1.646556299999999951e+01
1.340173208713531494e+02	1.575494699999999959e+01
1.407255778312683105e+02	1.954485899999999887e+01
1.474178323745727539e+02	1.900910999999999973e+01
1.541077482700347900e+02	1.819542500000000018e+01
1.608122644424438477e+02	1.745195000000000007e+01
1.675049169063568115e+02	1.673829900000000137e+01
1.742066903114318848e+02	1.603909600000000069e+01
1.809107716083526611e+02	1.943118399999999824e+01
1.875936512947082520e+02	1.891447300000000098e+01
1.942906606197357178e+02	1.811013399999999862e+01
2.009959383010864258e+02	1.737187199999999976e+01
2.076966474056243896e+02	1.666039500000000118e+01
2.143951039314270020e+02	1.596395399999999931e+01
2.210886409282684326e+02	1.907977500000000148e+01
2.277861273288726807e+02	1.857529100000000000e+01
2.344712600708007812e+02	1.777358200000000110e+01
2.411643979549407959e+02	1.703542799999999957e+01
2.478508827686309814e+02	1.632420199999999966e+01
2.545519900321960449e+02	1.562701799999999963e+01
2.612574779987335205e+02	1.947256600000000049e+01
2.679495868682861328e+02	1.893328100000000092e+01
2.746390595436096191e+02	1.811846200000000096e+01
2.813368587493896484e+02	1.737501299999999915e+01
2.880439846515655518e+02	1.665865799999999908e+01
