# PIO_at_kp=337, ki=0.69,kd=0, setpoint = 66.169268375
# time(s)_337			Temp(K)_337			
0.000000000000000000e+00	6.510081399999999974e+01
6.747480869293212891e+00	6.510295100000000446e+01
1.345625281333923340e+01	6.510533200000000420e+01
2.016439032554626465e+01	6.513172600000000045e+01
2.688134503364562988e+01	6.516392000000000451e+01
3.358634638786315918e+01	6.519788300000000447e+01
4.028142976760864258e+01	6.523200300000000595e+01
4.696913647651672363e+01	6.526754699999999332e+01
5.366734313964843750e+01	6.530070800000000020e+01
6.036214852333068848e+01	6.533512799999999743e+01
6.706894445419311523e+01	6.536974600000000635e+01
7.375973749160766602e+01	6.540249699999999677e+01
8.046086859703063965e+01	6.543696199999999408e+01
8.716666460037231445e+01	6.547022800000000586e+01
9.386612248420715332e+01	6.550345000000000084e+01
1.005599162578582764e+02	6.553655799999999942e+01
1.072627120018005371e+02	6.557027300000000025e+01
1.139621930122375488e+02	6.560405900000000656e+01
1.206663050651550293e+02	6.563613499999999590e+01
1.273571045398712158e+02	6.566924299999999448e+01
1.340593445301055908e+02	6.570206100000000049e+01
1.407553720474243164e+02	6.573648400000000436e+01
1.474574797153472900e+02	6.576790400000000147e+01
1.541713387966156006e+02	6.580121099999999501e+01
1.608723285198211670e+02	6.583441399999999533e+01
1.675658762454986572e+02	6.586642799999999909e+01
1.742655503749847412e+02	6.589980400000000316e+01
1.809694919586181641e+02	6.593192899999999668e+01
1.876542763710021973e+02	6.596444499999999778e+01
1.943547270298004150e+02	6.599053499999999417e+01
2.010593457221984863e+02	6.600344099999999514e+01
2.077536559104919434e+02	6.600260900000000674e+01
2.144531066417694092e+02	6.599520300000000361e+01
2.211429073810577393e+02	6.598797799999999825e+01
2.278497889041900635e+02	6.598390200000000050e+01
2.345396108627319336e+02	6.598383699999999408e+01
2.412225072383880615e+02	6.598693299999999340e+01
2.479183743000030518e+02	6.599251900000000148e+01
2.546285576820373535e+02	6.599836600000000431e+01
2.613363347053527832e+02	6.600357700000000705e+01
2.680283613204956055e+02	6.600693900000000269e+01
2.747232589721679688e+02	6.600858700000000567e+01
2.814233307838439941e+02	6.600974800000000187e+01
2.881248486042022705e+02	6.601056599999999719e+01
2.948343069553375244e+02	6.601166800000000023e+01
