# PIO_at_kp=337, ki=0.69,kd=0, setpoint = 30.20936615
# time(s)_337			Temp(K)_337			
0.000000000000000000e+00	2.906984500000000082e+01
6.716108083724975586e+00	2.949764599999999959e+01
1.340992999076843262e+01	3.018470699999999951e+01
2.010387921333312988e+01	3.016959999999999908e+01
2.680878710746765137e+01	3.000969200000000114e+01
3.349621248245239258e+01	3.041642200000000074e+01
4.019175243377685547e+01	3.017194999999999894e+01
4.689545059204101562e+01	2.996776900000000055e+01
5.359621191024780273e+01	3.047664599999999879e+01
6.029713916778564453e+01	3.025714599999999876e+01
6.699723386764526367e+01	2.977043499999999909e+01
7.369706535339355469e+01	3.024055099999999996e+01
8.038552021980285645e+01	3.008011099999999871e+01
8.708765196800231934e+01	3.019282300000000063e+01
9.379377174377441406e+01	3.021376599999999968e+01
1.004925649166107178e+02	2.992839999999999989e+01
1.071923735141754150e+02	3.040530100000000147e+01
1.138801734447479248e+02	3.018920900000000174e+01
1.205832908153533936e+02	2.995281699999999958e+01
1.272832283973693848e+02	3.045609899999999826e+01
1.339772112369537354e+02	3.023806000000000083e+01
1.406650605201721191e+02	2.981138899999999836e+01
1.473722226619720459e+02	3.029388399999999848e+01
1.540745940208435059e+02	3.007928300000000021e+01
1.607693889141082764e+02	3.019923800000000114e+01
1.674781863689422607e+02	3.024474400000000074e+01
1.741719799041748047e+02	2.987527599999999950e+01
1.808667733669281006e+02	3.034278499999999923e+01
1.875652484893798828e+02	3.012759700000000151e+01
1.942597002983093262e+02	3.012882400000000160e+01
2.009541723728179932e+02	3.032195199999999957e+01
2.076573095321655273e+02	3.002069900000000047e+01
2.143560841083526611e+02	3.038469600000000170e+01
2.210438776016235352e+02	3.015346600000000166e+01
2.277296962738037109e+02	3.008276199999999889e+01
2.344162685871124268e+02	3.037498300000000029e+01
2.411107344627380371e+02	3.016929700000000025e+01
2.478141460418701172e+02	3.004802899999999966e+01
2.545203111171722412e+02	3.045765199999999950e+01
2.612096619606018066e+02	3.021123800000000159e+01
2.679084787368774414e+02	2.992607699999999937e+01
2.746192562580108643e+02	3.042185800000000029e+01
2.813370556831359863e+02	3.020441999999999894e+01
2.880342168807983398e+02	2.994786300000000168e+01
2.947309718132019043e+02	3.044656000000000162e+01
