# PIO_at_kp=337, ki=0.69,kd=0, setpoint = 35.7416588
# time(s)_337			Temp(K)_337			
0.000000000000000000e+00	3.462592399999999770e+01
6.702657699584960938e+00	3.497666499999999701e+01
1.339030480384826660e+01	3.533990800000000121e+01
2.008467888832092285e+01	3.570513799999999804e+01
2.678934717178344727e+01	3.572023300000000035e+01
3.348568820953369141e+01	3.558583000000000141e+01
4.018583965301513672e+01	3.575101000000000084e+01
4.687867617607116699e+01	3.565566100000000205e+01
5.357640933990478516e+01	3.559825500000000176e+01
6.027120351791381836e+01	3.587249500000000069e+01
6.696399736404418945e+01	3.566622900000000129e+01
7.365251874923706055e+01	3.554008900000000182e+01
8.034771108627319336e+01	3.587304799999999716e+01
8.704566144943237305e+01	3.570161199999999724e+01
9.374976468086242676e+01	3.551735099999999790e+01
1.004506747722625732e+02	3.580884900000000215e+01
1.071525142192840576e+02	3.566281500000000193e+01
1.138506646156311035e+02	3.555812600000000145e+01
1.205496850013732910e+02	3.589041499999999729e+01
1.272386591434478760e+02	3.570868099999999856e+01
1.339292874336242676e+02	3.551756199999999808e+01
1.406157391071319580e+02	3.580709399999999931e+01
1.473165318965911865e+02	3.566595000000000226e+01
1.540163238048553467e+02	3.556741099999999989e+01
1.606984522342681885e+02	3.589482300000000237e+01
1.674055848121643066e+02	3.570853100000000069e+01
1.741113805770874023e+02	3.552593399999999946e+01
1.808168382644653320e+02	3.582066100000000120e+01
1.875176336765289307e+02	3.567014400000000052e+01
1.942257559299468994e+02	3.556389699999999721e+01
2.009226505756378174e+02	3.589816299999999671e+01
2.076176695823669434e+02	3.571762799999999771e+01
2.143156576156616211e+02	3.552529499999999985e+01
2.210296137332916260e+02	3.581253000000000242e+01
2.277204077243804932e+02	3.567264800000000236e+01
2.344105417728424072e+02	3.557737199999999689e+01
2.411163191795349121e+02	3.590355900000000133e+01
2.478111240863800049e+02	3.571671599999999813e+01
2.545025789737701416e+02	3.553148099999999943e+01
2.612003736495971680e+02	3.582404100000000113e+01
2.679028315544128418e+02	3.567652799999999758e+01
2.745989637374877930e+02	3.557169999999999987e+01
2.813034603595733643e+02	3.590497200000000078e+01
2.879933145046234131e+02	3.572422900000000112e+01
2.946900186538696289e+02	3.553065000000000140e+01
