# PIO_at_kp=337, ki=0.69,kd=0, setpoint = 58.792878175
# time(s)_337			Temp(K)_337			
0.000000000000000000e+00	5.766258299999999792e+01
6.704986095428466797e+00	5.781419400000000053e+01
1.340498542785644531e+01	5.785337400000000230e+01
2.010691976547241211e+01	5.791031100000000009e+01
2.679461789131164551e+01	5.796753499999999804e+01
3.349517202377319336e+01	5.802784499999999923e+01
4.020397019386291504e+01	5.808760000000000190e+01
4.690876650810241699e+01	5.814559500000000014e+01
5.359989833831787109e+01	5.820379199999999997e+01
6.029936885833740234e+01	5.826118100000000055e+01
6.699898958206176758e+01	5.831660099999999858e+01
7.369967317581176758e+01	5.837549200000000127e+01
8.039009475708007812e+01	5.843198699999999945e+01
8.710893249511718750e+01	5.848796099999999853e+01
9.381300950050354004e+01	5.854487699999999961e+01
1.005100448131561279e+02	5.860088999999999970e+01
1.072130033969879150e+02	5.864169400000000110e+01
1.139160568714141846e+02	5.849080699999999666e+01
1.206288580894470215e+02	5.864470099999999775e+01
1.273356709480285645e+02	5.851136799999999738e+01
1.340374536514282227e+02	5.867585799999999807e+01
1.407275986671447754e+02	5.853758799999999951e+01
1.474313824176788330e+02	5.868672300000000064e+01
1.541444969177246094e+02	5.853886200000000173e+01
1.608446598052978516e+02	5.868505900000000253e+01
1.675319986343383789e+02	5.853534700000000157e+01
1.742289485931396484e+02	5.868794100000000213e+01
1.809307055473327637e+02	5.854020400000000279e+01
1.876215634346008301e+02	5.869463199999999858e+01
1.943270182609558105e+02	5.854622200000000021e+01
2.010317587852478027e+02	5.870004200000000338e+01
2.077274436950683594e+02	5.855057399999999745e+01
2.144309918880462646e+02	5.870394699999999943e+01
2.211261477470397949e+02	5.855384699999999754e+01
2.278369526863098145e+02	5.870869900000000285e+01
2.345290067195892334e+02	5.855943400000000310e+01
2.412249872684478760e+02	5.871420499999999976e+01
2.479129841327667236e+02	5.856449599999999833e+01
2.546227853298187256e+02	5.871920800000000185e+01
2.613229165077209473e+02	5.856774999999999665e+01
2.680207688808441162e+02	5.872142800000000307e+01
2.747246532440185547e+02	5.857008799999999837e+01
2.814274530410766602e+02	5.872469699999999904e+01
2.881157066822052002e+02	5.857395400000000052e+01
