# PIO_at_kp=337, ki=0.69,kd=0, setpoint = 71.701561025
# time(s)_337			Temp(K)_337			
0.000000000000000000e+00	7.061908099999999422e+01
6.699022531509399414e+00	7.061398400000000208e+01
1.339213228225708008e+01	7.060971899999999835e+01
2.008620810508728027e+01	7.062120899999999324e+01
2.676903581619262695e+01	7.064118499999999301e+01
3.347357296943664551e+01	7.066280799999999829e+01
4.018210506439208984e+01	7.068340600000000506e+01
4.688429284095764160e+01	7.070499800000000334e+01
5.358902454376220703e+01	7.072674200000000155e+01
6.029604721069335938e+01	7.074878900000000215e+01
6.699044060707092285e+01	7.076955499999999688e+01
7.369953012466430664e+01	7.079166999999999632e+01
8.038831400871276855e+01	7.081325400000000059e+01
8.710504031181335449e+01	7.083551099999999678e+01
9.380102300643920898e+01	7.085654200000000458e+01
1.005143122673034668e+02	7.087844900000000337e+01
1.072142772674560547e+02	7.090005100000000482e+01
1.139351143836975098e+02	7.092123200000000338e+01
1.206419289112091064e+02	7.094281100000000606e+01
1.273520474433898926e+02	7.096457100000000651e+01
1.340391962528228760e+02	7.098470299999999611e+01
1.407352056503295898e+02	7.100560900000000686e+01
1.474202485084533691e+02	7.102718600000000038e+01
1.541106309890747070e+02	7.104747399999999402e+01
1.608040344715118408e+02	7.106897899999999879e+01
1.675127391815185547e+02	7.109060200000000407e+01
1.742142546176910400e+02	7.111078600000000449e+01
1.809210257530212402e+02	7.113235799999999642e+01
1.876298394203186035e+02	7.115269200000000183e+01
1.943339502811431885e+02	7.117461900000000696e+01
2.010302646160125732e+02	7.119506300000000465e+01
2.077341506481170654e+02	7.121558100000000024e+01
2.144288339614868164e+02	7.123670400000000313e+01
2.211279683113098145e+02	7.125734900000000493e+01
2.278340463638305664e+02	7.127722699999999634e+01
2.345306792259216309e+02	7.129735900000000015e+01
2.412190227508544922e+02	7.131918000000000291e+01
2.479212319850921631e+02	7.133857100000000173e+01
2.546100142002105713e+02	7.135992699999999900e+01
2.613119561672210693e+02	7.137950299999999970e+01
2.680060014724731445e+02	7.139933700000000272e+01
2.747004530429840088e+02	7.141942500000000393e+01
2.813958737850189209e+02	7.144083700000000192e+01
2.880970222949981689e+02	7.146038099999999815e+01
2.947960426807403564e+02	7.148066199999999526e+01
