# PIO_at_kp=337, ki=0.69,kd=0, setpoint = 51.416487975
# time(s)_337			Temp(K)_337			
0.000000000000000000e+00	5.032113700000000023e+01
6.704638242721557617e+00	5.044717200000000190e+01
1.340475630760192871e+01	5.051348699999999781e+01
2.011671876907348633e+01	5.061215200000000181e+01
2.681677222251892090e+01	5.071453799999999745e+01
3.351775765419006348e+01	5.081223200000000162e+01
4.021510839462280273e+01	5.091179900000000202e+01
4.692290592193603516e+01	5.100919700000000034e+01
5.362270116806030273e+01	5.110587400000000002e+01
6.032319307327270508e+01	5.120219000000000165e+01
6.700929141044616699e+01	5.128576699999999988e+01
7.370842504501342773e+01	5.117384299999999797e+01
8.042188501358032227e+01	5.128942200000000184e+01
8.712568044662475586e+01	5.117392699999999905e+01
9.383349442481994629e+01	5.130049100000000095e+01
1.005437858104705811e+02	5.118217500000000086e+01
1.072466614246368408e+02	5.130680499999999711e+01
1.139427652359008789e+02	5.118338899999999825e+01
1.206436457633972168e+02	5.130966000000000093e+01
1.273377623558044434e+02	5.118869800000000225e+01
1.340216081142425537e+02	5.131785500000000155e+01
1.407187130451202393e+02	5.119415999999999656e+01
1.474171881675720215e+02	5.132023699999999877e+01
1.541249577999114990e+02	5.119593299999999658e+01
1.608237671852111816e+02	5.132516999999999996e+01
1.675377590656280518e+02	5.120149299999999926e+01
1.742407519817352295e+02	5.132987500000000125e+01
1.809312000274658203e+02	5.120470300000000208e+01
1.876419367790222168e+02	5.133366199999999679e+01
1.943367290496826172e+02	5.120903500000000008e+01
2.010437514781951904e+02	5.133867200000000253e+01
2.077481257915496826e+02	5.121344400000000263e+01
2.144531168937683105e+02	5.134145399999999881e+01
2.211497526168823242e+02	5.121592700000000065e+01
2.278667242527008057e+02	5.134519999999999840e+01
2.345613319873809814e+02	5.122047799999999995e+01
2.412507524490356445e+02	5.135060099999999750e+01
2.479579839706420898e+02	5.122354800000000097e+01
2.546568484306335449e+02	5.135118899999999798e+01
2.613620116710662842e+02	5.122615199999999902e+01
2.680597636699676514e+02	5.135637799999999942e+01
2.747489390373229980e+02	5.123187899999999928e+01
2.814584014415740967e+02	5.136143599999999765e+01
2.881551971435546875e+02	5.123379800000000017e+01
2.948569936752319336e+02	5.136119399999999757e+01
