# PIO_at_kp=337, ki=0.69,kd=0, setpoint = 78.15590245
# time(s)_337			Temp(K)_337			
0.000000000000000000e+00	7.578572900000000345e+01
6.706601381301879883e+00	7.579631500000000699e+01
1.341158699989318848e+01	7.580779800000000535e+01
2.011130928993225098e+01	7.582162700000000655e+01
2.681258702278137207e+01	7.583340599999999654e+01
3.351859760284423828e+01	7.584479699999999980e+01
4.022077727317810059e+01	7.585716200000000242e+01
4.692323207855224609e+01	7.586963699999999733e+01
5.362256813049316406e+01	7.588215700000000652e+01
6.031513762474060059e+01	7.589325700000000552e+01
6.702114009857177734e+01	7.590617899999999452e+01
7.372744774818420410e+01	7.591750899999999547e+01
8.040959882736206055e+01	7.593050200000000416e+01
8.710661458969116211e+01	7.594219200000000569e+01
9.379577660560607910e+01	7.595560600000000306e+01
1.004906334877014160e+02	7.596703100000000575e+01
1.071955428123474121e+02	7.597917700000000707e+01
1.138906464576721191e+02	7.599050300000000391e+01
1.205885641574859619e+02	7.600284299999999860e+01
1.273046491146087646e+02	7.601480999999999710e+01
1.340064597129821777e+02	7.602717499999999973e+01
1.406867625713348389e+02	7.603886400000000378e+01
1.473867180347442627e+02	7.605049099999999385e+01
1.540785470008850098e+02	7.606216100000000324e+01
1.607795586585998535e+02	7.607468900000000644e+01
1.674782431125640869e+02	7.608681599999999889e+01
1.741795752048492432e+02	7.609763700000000597e+01
1.808827366828918457e+02	7.610994800000000282e+01
1.875624270439147949e+02	7.612244300000000408e+01
1.942624552249908447e+02	7.613448699999999292e+01
2.009616618156433105e+02	7.614571200000000317e+01
2.076539978981018066e+02	7.615867900000000645e+01
2.143633506298065186e+02	7.616969500000000437e+01
2.210528042316436768e+02	7.618165600000000381e+01
2.277515616416931152e+02	7.619311500000000592e+01
2.344633455276489258e+02	7.620523400000000436e+01
2.411595520973205566e+02	7.621585399999999311e+01
2.478529896736145020e+02	7.622701299999999947e+01
2.545565547943115234e+02	7.623996300000000303e+01
2.612604808807373047e+02	7.625147599999999670e+01
2.679595580101013184e+02	7.626295199999999852e+01
2.746669793128967285e+02	7.627486299999999630e+01
2.813712012767791748e+02	7.628717299999999568e+01
2.880818839073181152e+02	7.629749200000000542e+01
2.947836997509002686e+02	7.630867100000000391e+01
