# PIO_at_kp=337, ki=0.69,kd=0, setpoint = 59.71492695
# time(s)_337			Temp(K)_337			
0.000000000000000000e+00	5.873059899999999800e+01
6.700451612472534180e+00	5.858040199999999942e+01
1.341196036338806152e+01	5.873400999999999783e+01
2.011398696899414062e+01	5.876915300000000286e+01
2.681425857543945312e+01	5.882149900000000287e+01
3.351594805717468262e+01	5.887725199999999859e+01
4.022090959548950195e+01	5.893269399999999791e+01
4.692896413803100586e+01	5.898833900000000341e+01
5.362195134162902832e+01	5.904257499999999936e+01
6.032367873191833496e+01	5.909506700000000023e+01
6.702612209320068359e+01	5.915146699999999669e+01
7.371126842498779297e+01	5.920517699999999905e+01
8.040404534339904785e+01	5.925860699999999781e+01
8.711194324493408203e+01	5.931169599999999775e+01
9.382165312767028809e+01	5.936573700000000287e+01
1.005408108234405518e+02	5.941884600000000205e+01
1.072456078529357910e+02	5.947211899999999929e+01
1.139403569698333740e+02	5.952407199999999676e+01
1.206413114070892334e+02	5.956001899999999694e+01
1.273420140743255615e+02	5.940341600000000000e+01
1.340414211750030518e+02	5.956092600000000203e+01
1.407482056617736816e+02	5.942305000000000348e+01
1.474540021419525146e+02	5.959087600000000151e+01
1.541458153724670410e+02	5.945057599999999809e+01
1.608459548950195312e+02	5.960621700000000089e+01
1.675507273674011230e+02	5.945373699999999673e+01
1.742551863193511963e+02	5.960230299999999914e+01
1.809574682712554932e+02	5.944857999999999976e+01
1.876551191806793213e+02	5.960488399999999842e+01
1.943424191474914551e+02	5.945407999999999760e+01
2.010473711490631104e+02	5.961406099999999952e+01
2.077285118103027344e+02	5.946203200000000066e+01
2.144262883663177490e+02	5.961955300000000335e+01
2.211320846080780029e+02	5.946647300000000058e+01
2.278329043388366699e+02	5.962350299999999947e+01
2.345277125835418701e+02	5.946958300000000008e+01
2.412213842868804932e+02	5.962770600000000343e+01
2.479212677478790283e+02	5.947294399999999825e+01
2.546229655742645264e+02	5.963152199999999681e+01
2.613298432826995850e+02	5.947749499999999756e+01
2.680159590244293213e+02	5.963625100000000145e+01
2.747220818996429443e+02	5.948224700000000098e+01
2.814285659790039062e+02	5.964064499999999924e+01
2.881143593788146973e+02	5.948658199999999852e+01
2.948225843906402588e+02	5.964519700000000313e+01
