# PIO_at_kp=337, ki=0.69,kd=0, setpoint = 62.481073275
# time(s)_337			Temp(K)_337			
0.000000000000000000e+00	6.148928399999999783e+01
6.696543931961059570e+00	6.132620299999999958e+01
1.339987444877624512e+01	6.149399199999999865e+01
2.010137939453125000e+01	6.152059100000000313e+01
2.679390335083007812e+01	6.156219999999999715e+01
3.347992181777954102e+01	6.160703800000000285e+01
4.017245125770568848e+01	6.165185400000000016e+01
4.687995314598083496e+01	6.169610300000000080e+01
5.358445549011230469e+01	6.174009499999999662e+01
6.027271437644958496e+01	6.178617700000000212e+01
6.697495365142822266e+01	6.182960400000000334e+01
7.367029571533203125e+01	6.187522400000000289e+01
8.036508083343505859e+01	6.191836099999999732e+01
8.706821656227111816e+01	6.196250100000000316e+01
9.376665759086608887e+01	6.200623600000000124e+01
1.004661324024200439e+02	6.204952899999999971e+01
1.071682262420654297e+02	6.209216700000000344e+01
1.138830630779266357e+02	6.213573900000000094e+01
1.205918629169464111e+02	6.217942299999999989e+01
1.272824866771697998e+02	6.222234900000000124e+01
1.339898643493652344e+02	6.226545999999999736e+01
1.406940500736236572e+02	6.230398699999999934e+01
1.474007375240325928e+02	6.232583799999999741e+01
1.540871839523315430e+02	6.215150799999999975e+01
1.607879667282104492e+02	6.231844499999999698e+01
1.674922192096710205e+02	6.234465699999999799e+01
1.741991376876831055e+02	6.216476300000000066e+01
1.809018445014953613e+02	6.232980100000000334e+01
1.876045515537261963e+02	6.235272899999999652e+01
1.942981443405151367e+02	6.216820200000000085e+01
2.009829790592193604e+02	6.233621000000000123e+01
2.076880488395690918e+02	6.235972699999999946e+01
2.143920481204986572e+02	6.217421900000000079e+01
2.210914337635040283e+02	6.234349499999999722e+01
2.277815539836883545e+02	6.236831399999999803e+01
2.344827835559844971e+02	6.218310000000000315e+01
2.411717875003814697e+02	6.235354600000000147e+01
2.478748836517333984e+02	6.237577499999999731e+01
2.545752110481262207e+02	6.218808599999999842e+01
2.612829201221466064e+02	6.235909699999999845e+01
2.679830548763275146e+02	6.238143199999999666e+01
2.746880633831024170e+02	6.219463199999999858e+01
2.813980426788330078e+02	6.236569099999999821e+01
2.881150584220886230e+02	6.238890099999999705e+01
2.948168299198150635e+02	6.220292599999999794e+01
