# PIO_at_kp=337, ki=0.69,kd=0, setpoint = 49.572390425
# time(s)_337			Temp(K)_337			
0.000000000000000000e+00	4.860130199999999689e+01
6.694133043289184570e+00	4.848487200000000286e+01
1.337760233879089355e+01	4.861701200000000256e+01
2.007071828842163086e+01	4.872087400000000201e+01
2.677185630798339844e+01	4.883749399999999952e+01
3.347373557090759277e+01	4.895253600000000205e+01
4.017885231971740723e+01	4.906657700000000233e+01
4.687273263931274414e+01	4.917771799999999871e+01
5.357273173332214355e+01	4.928844399999999837e+01
6.026574873924255371e+01	4.939750699999999739e+01
6.697966003417968750e+01	4.935018099999999919e+01
7.368275356292724609e+01	4.950412899999999894e+01
8.038273739814758301e+01	4.936782800000000293e+01
8.708602428436279297e+01	4.942070400000000063e+01
9.379314398765563965e+01	4.929901699999999920e+01
1.004962842464447021e+02	4.946426600000000207e+01
1.071798481941223145e+02	4.937899999999999778e+01
1.138874337673187256e+02	4.949137699999999995e+01
1.205717337131500244e+02	4.934669399999999939e+01
1.272708079814910889e+02	4.944422399999999840e+01
1.339841489791870117e+02	4.933783400000000086e+01
1.406857583522796631e+02	4.949381000000000341e+01
1.473787410259246826e+02	4.938076199999999716e+01
1.540793149471282959e+02	4.948144700000000284e+01
1.607791323661804199e+02	4.934810300000000183e+01
1.674887709617614746e+02	4.947386000000000195e+01
1.741966943740844727e+02	4.936820000000000164e+01
1.808998765945434570e+02	4.950339199999999806e+01
1.876052906513214111e+02	4.937792499999999762e+01
1.942957444190979004e+02	4.948593799999999732e+01
2.009838869571685791e+02	4.936368199999999717e+01
2.076886711120605469e+02	4.949808199999999658e+01
2.143828032016754150e+02	4.938582000000000249e+01
2.210826148986816406e+02	4.950720599999999649e+01
2.277833960056304932e+02	4.938013899999999978e+01
2.344891934394836426e+02	4.949658600000000064e+01
2.411839878559112549e+02	4.938056600000000174e+01
2.478837845325469971e+02	4.951247000000000043e+01
2.545695767402648926e+02	4.939673200000000008e+01
2.612683725357055664e+02	4.951438600000000179e+01
2.679671685695648193e+02	4.938784799999999819e+01
2.746619870662689209e+02	4.950959300000000241e+01
2.813657715320587158e+02	4.939321199999999834e+01
2.880677528381347656e+02	4.952233799999999775e+01
2.947603662014007568e+02	4.940212700000000012e+01
