# PIO_at_kp=337, ki=0.69,kd=0, setpoint = 47.728292875
# time(s)_337			Temp(K)_337			
0.000000000000000000e+00	4.664440599999999648e+01
6.719762325286865234e+00	4.675923099999999977e+01
1.341052913665771484e+01	4.685278799999999677e+01
2.010668849945068359e+01	4.698514999999999731e+01
2.680383968353271484e+01	4.711843900000000218e+01
3.350398921966552734e+01	4.724944299999999942e+01
4.020407986640930176e+01	4.737770100000000184e+01
4.690772795677185059e+01	4.750475000000000136e+01
5.360699868202209473e+01	4.761544299999999907e+01
6.030083775520324707e+01	4.752233100000000121e+01
6.699601054191589355e+01	4.761496300000000303e+01
7.371406507492065430e+01	4.749902099999999905e+01
8.043325805664062500e+01	4.761317300000000330e+01
8.713666129112243652e+01	4.751554300000000097e+01
9.384308409690856934e+01	4.763866699999999810e+01
1.005512459278106689e+02	4.752183500000000294e+01
1.072449316978454590e+02	4.762437099999999646e+01
1.139619193077087402e+02	4.751077699999999737e+01
1.206626362800598145e+02	4.763907700000000034e+01
1.273714509010314941e+02	4.753160199999999946e+01
1.340715663433074951e+02	4.764369200000000149e+01
1.407743852138519287e+02	4.752533900000000244e+01
1.474684858322143555e+02	4.764006400000000241e+01
1.541756165027618408e+02	4.753059499999999815e+01
1.608793609142303467e+02	4.765389400000000109e+01
1.675738694667816162e+02	4.753898800000000335e+01
1.742695105075836182e+02	4.765317799999999693e+01
1.809764640331268311e+02	4.753358599999999967e+01
1.876642582416534424e+02	4.765241199999999822e+01
1.943710799217224121e+02	4.754254699999999900e+01
2.010835182666778564e+02	4.766499499999999756e+01
2.077913346290588379e+02	4.754911899999999747e+01
2.144859423637390137e+02	4.766043799999999919e+01
2.211869082450866699e+02	4.754570199999999858e+01
2.278889195919036865e+02	4.766834699999999714e+01
2.345719046592712402e+02	4.755601500000000215e+01
2.412651116847991943e+02	4.767248899999999878e+01
2.479714267253875732e+02	4.755470600000000303e+01
2.546715590953826904e+02	4.766918799999999834e+01
2.613936886787414551e+02	4.755740300000000076e+01
2.680808141231536865e+02	4.767871300000000190e+01
2.747716081142425537e+02	4.756474999999999653e+01
2.814790816307067871e+02	4.767944599999999866e+01
2.881806495189666748e+02	4.756219500000000266e+01
2.948933897018432617e+02	4.768038200000000160e+01
