# PIO_at_kp=337, ki=0.69,kd=0, setpoint = 32.0534637
# time(s)_337			Temp(K)_337			
0.000000000000000000e+00	3.120234400000000008e+01
6.715727806091308594e+00	3.096935500000000019e+01
1.341471791267395020e+01	3.133023800000000136e+01
2.010948061943054199e+01	3.190425300000000064e+01
2.680960202217102051e+01	3.207876900000000120e+01
3.349873375892639160e+01	3.178322100000000106e+01
4.019286751747131348e+01	3.205580799999999897e+01
4.689466786384582520e+01	3.185360599999999920e+01
5.359678435325622559e+01	3.200667800000000085e+01
6.029493117332458496e+01	3.189385599999999954e+01
6.699637508392333984e+01	3.192277899999999846e+01
7.369887232780456543e+01	3.207527999999999935e+01
8.039564204216003418e+01	3.178899399999999886e+01
8.709973025321960449e+01	3.208462300000000056e+01
9.379372715950012207e+01	3.188458699999999979e+01
1.004946398735046387e+02	3.190714200000000034e+01
1.071897194385528564e+02	3.215171300000000087e+01
1.138937268257141113e+02	3.191397500000000065e+01
1.205865840911865234e+02	3.188534999999999897e+01
1.272905426025390625e+02	3.212554000000000087e+01
1.340003259181976318e+02	3.194564400000000148e+01
1.406951179504394531e+02	3.184490399999999966e+01
1.473805835247039795e+02	3.220570000000000022e+01
1.540703697204589844e+02	3.197792499999999905e+01
1.607585086822509766e+02	3.179183899999999952e+01
1.674566402435302734e+02	3.219950999999999652e+01
1.741504290103912354e+02	3.200128899999999987e+01
1.808458859920501709e+02	3.174679400000000129e+01
1.875552358627319336e+02	3.214256300000000266e+01
1.942627146244049072e+02	3.194764999999999944e+01
2.009565351009368896e+02	3.185861600000000138e+01
2.076517269611358643e+02	3.221989500000000106e+01
2.143467214107513428e+02	3.198830200000000090e+01
2.210408184528350830e+02	3.179420700000000011e+01
2.277448375225067139e+02	3.220823500000000195e+01
2.344327201843261719e+02	3.201382300000000214e+01
2.411181614398956299e+02	3.174460200000000043e+01
2.478145105838775635e+02	3.213351500000000271e+01
2.545136437416076660e+02	3.194023400000000024e+01
2.612217638492584229e+02	3.188795700000000011e+01
2.679175844192504883e+02	3.223421199999999942e+01
2.745994517803192139e+02	3.199491199999999935e+01
2.812939035892486572e+02	3.180366300000000024e+01
2.879979534149169922e+02	3.221515200000000334e+01
2.946957607269287109e+02	3.201823900000000123e+01
