# PIO_at_kp=337, ki=0.69,kd=0, setpoint = 38.507805125
# time(s)_337			Temp(K)_337			
0.000000000000000000e+00	3.735041600000000273e+01
6.689767122268676758e+00	3.764377100000000098e+01
1.337933397293090820e+01	3.794612699999999705e+01
2.008405590057373047e+01	3.823142299999999949e+01
2.678289055824279785e+01	3.849391899999999822e+01
3.347699093818664551e+01	3.833923699999999712e+01
4.017621231079101562e+01	3.820438599999999951e+01
4.688034701347351074e+01	3.849261899999999770e+01
5.358235597610473633e+01	3.836293899999999724e+01
6.028532886505126953e+01	3.822181100000000242e+01
6.698261165618896484e+01	3.848791599999999846e+01
7.368244290351867676e+01	3.836487999999999943e+01
8.038220596313476562e+01	3.824202700000000021e+01
8.706900191307067871e+01	3.851260299999999859e+01
9.376878356933593750e+01	3.837007599999999741e+01
1.004599134922027588e+02	3.823165399999999892e+01
1.071480431556701660e+02	3.851134199999999908e+01
1.138580150604248047e+02	3.837860200000000077e+01
1.205602962970733643e+02	3.824076300000000117e+01
1.272647519111633301e+02	3.851458800000000338e+01
1.339665455818176270e+02	3.838327100000000058e+01
1.406680226325988770e+02	3.824904599999999988e+01
1.473802456855773926e+02	3.852376300000000242e+01
1.540873169898986816e+02	3.839033100000000331e+01
1.607810983657836914e+02	3.825055100000000152e+01
1.674753782749176025e+02	3.852312200000000075e+01
1.741702771186828613e+02	3.839258000000000237e+01
1.808573501110076904e+02	3.826133699999999749e+01
1.875623376369476318e+02	3.853812299999999880e+01
1.942650444507598877e+02	3.840040900000000335e+01
2.009493348598480225e+02	3.825678099999999660e+01
2.076487932205200195e+02	3.853121999999999758e+01
2.143260869979858398e+02	3.840117800000000159e+01
2.210338783264160156e+02	3.827009300000000280e+01
2.277393472194671631e+02	3.854653600000000324e+01
2.344207999706268311e+02	3.840835700000000230e+01
2.411232564449310303e+02	3.826590800000000314e+01
2.478307137489318848e+02	3.853816799999999887e+01
2.545275061130523682e+02	3.840892099999999942e+01
2.612198243141174316e+02	3.828034199999999743e+01
2.679295504093170166e+02	3.855607799999999941e+01
2.746373481750488281e+02	3.841489099999999723e+01
2.813403270244598389e+02	3.827177700000000016e+01
2.880493297576904297e+02	3.854620700000000255e+01
