# PIO_at_kp=337, ki=0.69,kd=0, setpoint = 15.45658575
# time(s)_337			Temp(K)_337			
0.000000000000000000e+00	1.867129699999999914e+01
6.705188512802124023e+00	1.808109200000000172e+01
1.340047907829284668e+01	1.722221199999999897e+01
2.011111617088317871e+01	1.644678499999999843e+01
2.682323646545410156e+01	1.570872899999999994e+01
3.351747226715087891e+01	1.499651300000000020e+01
4.021015524864196777e+01	1.916811799999999977e+01
4.691199469566345215e+01	1.860838999999999999e+01
5.361010599136352539e+01	1.777421999999999969e+01
6.031053256988525391e+01	1.701724499999999907e+01
6.701869177818298340e+01	1.629109499999999855e+01
7.372334074974060059e+01	1.558421599999999962e+01
8.042645907402038574e+01	1.489033300000000004e+01
8.713072228431701660e+01	1.912369800000000097e+01
9.382433986663818359e+01	1.856455400000000111e+01
1.005264167785644531e+02	1.773030599999999879e+01
1.072223179340362549e+02	1.697406399999999849e+01
1.139182274341583252e+02	1.624965800000000016e+01
1.206066887378692627e+02	1.554498000000000069e+01
1.273078143596649170e+02	1.485216499999999940e+01
1.339895901679992676e+02	1.909972199999999987e+01
1.406930587291717529e+02	1.853912800000000161e+01
1.473858644962310791e+02	1.770557600000000065e+01
1.540899724960327148e+02	1.694808499999999896e+01
1.607839465141296387e+02	1.622358200000000039e+01
1.674746291637420654e+02	1.551872400000000063e+01
1.741783316135406494e+02	1.482550600000000074e+01
1.808791341781616211e+02	1.909244899999999845e+01
1.875737609863281250e+02	1.853178099999999873e+01
1.942807033061981201e+02	1.769568200000000147e+01
2.009655027389526367e+02	1.694004999999999939e+01
2.076623327732086182e+02	1.621510100000000065e+01
2.143673346042633057e+02	1.550855899999999998e+01
2.210663206577301025e+02	1.481580399999999997e+01
2.277639832496643066e+02	1.908515099999999975e+01
2.344651126861572266e+02	1.852403199999999828e+01
2.411655657291412354e+02	1.768873800000000074e+01
2.478586914539337158e+02	1.693209099999999978e+01
2.545591943264007568e+02	1.620654700000000048e+01
2.612466623783111572e+02	1.550186899999999923e+01
2.679366858005523682e+02	1.480997600000000070e+01
2.746337177753448486e+02	1.908630399999999838e+01
2.813396551609039307e+02	1.852365800000000107e+01
2.880373296737670898e+02	1.768861899999999920e+01
2.947361638545989990e+02	1.693098600000000076e+01
