# PIO_at_kp=337, ki=0.69,kd=0, setpoint = 20.066829625
# time(s)_337			Temp(K)_337			
0.000000000000000000e+00	1.861542700000000039e+01
6.703332662582397461e+00	2.117176800000000014e+01
1.340300178527832031e+01	2.071556299999999951e+01
2.009983634948730469e+01	1.997346599999999839e+01
2.680694150924682617e+01	2.031480099999999922e+01
3.350711989402770996e+01	1.958839599999999947e+01
4.021322369575500488e+01	2.178612899999999897e+01
4.691168189048767090e+01	2.134429199999999938e+01
5.361482763290405273e+01	2.061636599999999930e+01
6.029391551017761230e+01	1.994535799999999881e+01
6.699241256713867188e+01	2.047659300000000115e+01
7.368252873420715332e+01	1.977150200000000169e+01
8.037832188606262207e+01	2.176952899999999858e+01
8.708512949943542480e+01	2.133343100000000092e+01
9.378497576713562012e+01	2.061337299999999928e+01
1.004850852489471436e+02	1.994473100000000088e+01
1.071881761550903320e+02	1.981247700000000123e+01
1.138950133323669434e+02	2.121526499999999871e+01
1.205947570800781250e+02	2.075230000000000175e+01
1.272887072563171387e+02	2.004220000000000113e+01
1.339750089645385742e+02	1.937398500000000112e+01
1.406838347911834717e+02	2.166525999999999996e+01
1.473959431648254395e+02	2.122628399999999971e+01
1.540830862522125244e+02	2.050235599999999891e+01
1.607939126491546631e+02	1.982937300000000036e+01
1.674976699352264404e+02	2.151513599999999826e+01
1.742054786682128906e+02	2.110088700000000017e+01
1.809052631855010986e+02	2.038956200000000152e+01
1.875930571556091309e+02	1.972493499999999855e+01
1.942970302104949951e+02	2.186329699999999931e+01
2.009906609058380127e+02	2.143485899999999944e+01
2.076873219013214111e+02	2.071827000000000041e+01
2.143890075683593750e+02	2.005281599999999997e+01
2.210900447368621826e+02	1.940078899999999962e+01
2.277880167961120605e+02	2.168721499999999835e+01
2.344876673221588135e+02	2.125387500000000074e+01
2.411857554912567139e+02	2.053221100000000021e+01
2.478792383670806885e+02	1.986370199999999997e+01
2.545653436183929443e+02	2.125875399999999971e+01
2.612564747333526611e+02	2.080535100000000170e+01
2.679549319744110107e+02	2.010132799999999875e+01
2.746597275733947754e+02	1.943567399999999878e+01
2.813485732078552246e+02	2.170519399999999877e+01
2.880386507511138916e+02	2.127043600000000012e+01
2.947349994182586670e+02	2.054760999999999882e+01
