# PIO_at_kp=337, ki=0.69,kd=0, setpoint = 67.09131715000001
# time(s)_337			Temp(K)_337			
0.000000000000000000e+00	6.601394600000000423e+01
6.694944858551025391e+00	6.601695100000000593e+01
1.338359856605529785e+01	6.601782699999999693e+01
2.007139110565185547e+01	6.603990600000000200e+01
2.676963710784912109e+01	6.607098399999999572e+01
3.345697832107543945e+01	6.610219100000000481e+01
4.016677618026733398e+01	6.613344700000000387e+01
4.687894582748413086e+01	6.616536100000000431e+01
5.359238123893737793e+01	6.619733800000000201e+01
6.029417014122009277e+01	6.622994400000000326e+01
6.699895381927490234e+01	6.626084600000000080e+01
7.369567298889160156e+01	6.629200799999999560e+01
8.040639996528625488e+01	6.632209199999999782e+01
8.709997010231018066e+01	6.635325400000000684e+01
9.380096197128295898e+01	6.638600300000000232e+01
1.004940438270568848e+02	6.641771099999999706e+01
1.071889784336090088e+02	6.645022299999999404e+01
1.138848962783813477e+02	6.648068499999999403e+01
1.205809381008148193e+02	6.651258400000000393e+01
1.272733294963836670e+02	6.654435900000000004e+01
1.339779102802276611e+02	6.657509799999999700e+01
1.406661014556884766e+02	6.660680899999999838e+01
1.473683547973632812e+02	6.663777299999999570e+01
1.540750889778137207e+02	6.666894800000000032e+01
1.607660934925079346e+02	6.669930399999999793e+01
1.674692451953887939e+02	6.673038300000000334e+01
1.741577231884002686e+02	6.676095899999999972e+01
1.808446531295776367e+02	6.679189999999999827e+01
1.875379090309143066e+02	6.682249099999999942e+01
1.942381079196929932e+02	6.685216800000000603e+01
2.009448878765106201e+02	6.688383799999999724e+01
2.076548874378204346e+02	6.691013300000000186e+01
2.143550145626068115e+02	6.692498700000000156e+01
2.210575461387634277e+02	6.692890099999999620e+01
2.277437987327575684e+02	6.692363000000000284e+01
2.344290184974670410e+02	6.691585700000000259e+01
2.411123783588409424e+02	6.690974300000000596e+01
2.478058240413665771e+02	6.690798999999999808e+01
2.545063166618347168e+02	6.691143200000000490e+01
2.612073953151702881e+02	6.691587599999999725e+01
2.678918890953063965e+02	6.692269199999999785e+01
2.745986971855163574e+02	6.692811899999999525e+01
2.813168685436248779e+02	6.693241299999999683e+01
2.880158994197845459e+02	6.693495799999999463e+01
2.947148973941802979e+02	6.693518600000000163e+01
