# PIO_at_kp=337, ki=0.69,kd=0, setpoint = 69.857463475
# time(s)_337			Temp(K)_337			
0.000000000000000000e+00	6.876820999999999628e+01
6.695334196090698242e+00	6.877232300000000009e+01
1.339935922622680664e+01	6.877379700000000184e+01
2.009434580802917480e+01	6.879165199999999913e+01
2.680103087425231934e+01	6.881607599999999536e+01
3.349237132072448730e+01	6.884211299999999767e+01
4.019621038436889648e+01	6.886632199999999671e+01
4.688997769355773926e+01	6.889168700000000456e+01
5.359849214553833008e+01	6.891752499999999770e+01
6.029738879203796387e+01	6.894253899999999646e+01
6.698839282989501953e+01	6.896889000000000181e+01
7.368810939788818359e+01	6.899412100000000692e+01
8.039354467391967773e+01	6.901976399999999501e+01
8.709409666061401367e+01	6.904548099999999522e+01
9.379935956001281738e+01	6.907110000000000127e+01
1.004851937294006348e+02	6.909574299999999880e+01
1.071927888393402100e+02	6.912139500000000680e+01
1.138948383331298828e+02	6.914665300000000059e+01
1.205883927345275879e+02	6.917176299999999856e+01
1.272801561355590820e+02	6.919720599999999422e+01
1.339851961135864258e+02	6.922165200000000596e+01
1.406883885860443115e+02	6.924737000000000364e+01
1.473894052505493164e+02	6.927267500000000666e+01
1.540828061103820801e+02	6.929787000000000319e+01
1.607736151218414307e+02	6.932043299999999419e+01
1.674823348522186279e+02	6.934639300000000617e+01
1.741857154369354248e+02	6.937012300000000664e+01
1.808944346904754639e+02	6.939601899999999546e+01
1.875897550582885742e+02	6.942052499999999782e+01
1.942835347652435303e+02	6.944527899999999931e+01
2.009739031791687012e+02	6.946817000000000064e+01
2.076704902648925781e+02	6.949317100000000380e+01
2.143723845481872559e+02	6.951877299999999593e+01
2.210770852565765381e+02	6.954318499999999403e+01
2.277657446861267090e+02	6.956748600000000238e+01
2.344653682708740234e+02	6.959084500000000162e+01
2.411602468490600586e+02	6.961529799999999568e+01
2.478596718311309814e+02	6.963925100000000157e+01
2.545564372539520264e+02	6.966429800000000228e+01
2.612633459568023682e+02	6.968300399999999684e+01
2.679719173908233643e+02	6.969159000000000503e+01
2.746627776622772217e+02	6.969230799999999704e+01
2.813644568920135498e+02	6.968833700000000420e+01
2.880655667781829834e+02	6.968300899999999842e+01
2.947750649452209473e+02	6.967833400000000665e+01
