# PIO_at_kp=337, ki=0.69,kd=0, setpoint = 37.585756350000004
# time(s)_337			Temp(K)_337			
0.000000000000000000e+00	3.659188799999999731e+01
6.706122398376464844e+00	3.671536400000000100e+01
1.341594004631042480e+01	3.704793300000000045e+01
2.010939025878906250e+01	3.736078100000000290e+01
2.680218362808227539e+01	3.759994400000000070e+01
3.349039912223815918e+01	3.739731900000000309e+01
4.018176984786987305e+01	3.728595299999999924e+01
4.688342022895812988e+01	3.763474399999999775e+01
5.358540010452270508e+01	3.748287799999999947e+01
6.027840471267700195e+01	3.726981200000000172e+01
6.697840547561645508e+01	3.749828300000000070e+01
7.368505072593688965e+01	3.749363199999999807e+01
8.038954210281372070e+01	3.737820099999999712e+01
8.709951090812683105e+01	3.753522199999999742e+01
9.378880238533020020e+01	3.743164099999999905e+01
1.004772827625274658e+02	3.737418300000000215e+01
1.071870863437652588e+02	3.764878499999999661e+01
1.138978517055511475e+02	3.745765099999999848e+01
1.205850219726562500e+02	3.730869799999999969e+01
1.272954146862030029e+02	3.760247499999999832e+01
1.339952342510223389e+02	3.746007199999999671e+01
1.407010416984558105e+02	3.732261499999999899e+01
1.473938219547271729e+02	3.761765299999999712e+01
1.540886287689208984e+02	3.746591300000000047e+01
1.607962048053741455e+02	3.732072500000000304e+01
1.674969205856323242e+02	3.761599499999999807e+01
1.742087974548339844e+02	3.746960599999999886e+01
1.809104096889495850e+02	3.732804699999999798e+01
1.876084058284759521e+02	3.762244900000000314e+01
1.943215498924255371e+02	3.747433699999999845e+01
2.010138335227966309e+02	3.733236200000000338e+01
2.077029938697814941e+02	3.762774699999999939e+01
2.143960909843444824e+02	3.748028899999999908e+01
2.211022439002990723e+02	3.733541699999999963e+01
2.277860274314880371e+02	3.762661800000000056e+01
2.344760415554046631e+02	3.748423600000000278e+01
2.411682879924774170e+02	3.734469500000000153e+01
2.478624098300933838e+02	3.763765099999999819e+01
2.545684173107147217e+02	3.748796600000000012e+01
2.612674114704132080e+02	3.734254899999999822e+01
2.679624104499816895e+02	3.763730199999999826e+01
2.746644458770751953e+02	3.749093599999999782e+01
2.813603570461273193e+02	3.735029600000000016e+01
2.880474073886871338e+02	3.764548200000000122e+01
2.947482922077178955e+02	3.749606099999999742e+01
