# PIO_at_kp=337, ki=0.69,kd=0, setpoint = 42.196000225
# time(s)_337			Temp(K)_337			
0.000000000000000000e+00	4.119561800000000318e+01
6.714870452880859375e+00	4.107523599999999675e+01
1.341748404502868652e+01	4.128609800000000263e+01
2.011927843093872070e+01	4.150102400000000102e+01
2.680840706825256348e+01	4.170993200000000201e+01
3.351786684989929199e+01	4.191207099999999741e+01
4.022966217994689941e+01	4.210780599999999652e+01
4.692082118988037109e+01	4.205867500000000092e+01
5.361282563209533691e+01	4.196370999999999896e+01
6.030503606796264648e+01	4.212018700000000138e+01
6.700182890892028809e+01	4.203279700000000219e+01
7.371162343025207520e+01	4.196366199999999935e+01
8.041194534301757812e+01	4.217702400000000296e+01
8.711382651329040527e+01	4.203381499999999704e+01
9.380900311470031738e+01	4.191427399999999892e+01
1.005164756774902344e+02	4.216070400000000262e+01
1.072205936908721924e+02	4.207161800000000085e+01
1.139187295436859131e+02	4.195197399999999988e+01
1.206135158538818359e+02	4.214518600000000248e+01
1.273106467723846436e+02	4.206582300000000174e+01
1.340059843063354492e+02	4.197984900000000152e+01
1.406988949775695801e+02	4.217839500000000186e+01
1.473946871757507324e+02	4.205309799999999854e+01
1.540918190479278564e+02	4.194836699999999752e+01
1.607872726917266846e+02	4.219042699999999968e+01
1.674828741550445557e+02	4.208237100000000197e+01
1.741848642826080322e+02	4.195319299999999885e+01
1.808828337192535400e+02	4.216303099999999660e+01
1.875804452896118164e+02	4.209220100000000286e+01
1.942776491641998291e+02	4.199481699999999762e+01
2.009810287952423096e+02	4.217864600000000053e+01
2.076764938831329346e+02	4.206887499999999847e+01
2.143632836341857910e+02	4.198154000000000252e+01
2.210624136924743652e+02	4.221494700000000222e+01
2.277637410163879395e+02	4.208047400000000238e+01
2.344647071361541748e+02	4.195321599999999762e+01
2.411665370464324951e+02	4.218547099999999972e+01
2.478663244247436523e+02	4.210746100000000069e+01
2.545638065338134766e+02	4.199799099999999896e+01
2.612579247951507568e+02	4.218441700000000338e+01
2.679548428058624268e+02	4.209075500000000147e+01
2.746538343429565430e+02	4.200421699999999703e+01
2.813585317134857178e+02	4.221938000000000102e+01
2.880538229942321777e+02	4.208943800000000124e+01
2.947487874031066895e+02	4.197282899999999728e+01
