# PIO_at_kp=337, ki=0.69,kd=0, setpoint = 79.077951225
# time(s)_337			Temp(K)_337			
0.000000000000000000e+00	7.632366799999999785e+01
6.699969768524169922e+00	7.633215500000000020e+01
1.340298724174499512e+01	7.634376799999999719e+01
2.010817384719848633e+01	7.635514000000000578e+01
2.681573534011840820e+01	7.636559699999999395e+01
3.352285289764404297e+01	7.637799699999999348e+01
4.022360944747924805e+01	7.638866500000000315e+01
4.692213749885559082e+01	7.640032200000000273e+01
5.361090636253356934e+01	7.641136899999999343e+01
6.031977915763854980e+01	7.642363400000000695e+01
6.702310252189636230e+01	7.643296800000000246e+01
7.372414994239807129e+01	7.644474099999999339e+01
8.041989254951477051e+01	7.645597999999999672e+01
8.711677169799804688e+01	7.646754900000000532e+01
9.382646989822387695e+01	7.647849899999999934e+01
1.005404472351074219e+02	7.649069799999999475e+01
1.072296941280364990e+02	7.650125099999999634e+01
1.139330234527587891e+02	7.651233399999999563e+01
1.206370348930358887e+02	7.652401700000000062e+01
1.273439707756042480e+02	7.653576300000000288e+01
1.340279397964477539e+02	7.654614399999999819e+01
1.407320549488067627e+02	7.655711900000000014e+01
1.474234321117401123e+02	7.656727700000000425e+01
1.541217978000640869e+02	7.657904800000000023e+01
1.608248674869537354e+02	7.659112299999999607e+01
1.675292875766754150e+02	7.660159000000000162e+01
1.742320861816406250e+02	7.661230000000000473e+01
1.809268944263458252e+02	7.662324900000000127e+01
1.876248669624328613e+02	7.663444400000000201e+01
1.943210296630859375e+02	7.664506799999999487e+01
2.010286853313446045e+02	7.665556399999999826e+01
2.077300498485565186e+02	7.666596199999999328e+01
2.144372951984405518e+02	7.667783500000000174e+01
2.211468560695648193e+02	7.668943199999999649e+01
2.278420732021331787e+02	7.669977900000000659e+01
2.345331003665924072e+02	7.671007199999999671e+01
2.412371315956115723e+02	7.672169300000000192e+01
2.479366555213928223e+02	7.673184299999999780e+01
2.546323442459106445e+02	7.674350900000000308e+01
2.613423352241516113e+02	7.675355899999999565e+01
2.680465219020843506e+02	7.676498599999999328e+01
2.747507076263427734e+02	7.677590600000000620e+01
2.814631178379058838e+02	7.678951800000000105e+01
2.881639885902404785e+02	7.679641900000000021e+01
