# PIO_at_kp=337, ki=0.69,kd=0, setpoint = 26.52117105
# time(s)_337			Temp(K)_337			
0.000000000000000000e+00	2.520713200000000143e+01
6.700697422027587891e+00	2.616805300000000045e+01
1.340249419212341309e+01	2.719423700000000110e+01
2.008720445632934570e+01	2.687633399999999995e+01
2.678208446502685547e+01	2.629109599999999958e+01
3.347853088378906250e+01	2.688439500000000137e+01
4.018232369422912598e+01	2.659133599999999831e+01
4.687411451339721680e+01	2.602975400000000050e+01
5.357492113113403320e+01	2.687713099999999855e+01
6.027569699287414551e+01	2.659966100000000111e+01
6.696839189529418945e+01	2.603226599999999991e+01
7.367447519302368164e+01	2.687981100000000012e+01
8.036639094352722168e+01	2.660166600000000159e+01
8.705586266517639160e+01	2.603433000000000064e+01
9.376832056045532227e+01	2.688116600000000034e+01
1.004681158065795898e+02	2.660234700000000174e+01
1.071745724678039551e+02	2.603386700000000076e+01
1.138773648738861084e+02	2.688250000000000028e+01
1.205891866683959961e+02	2.660269100000000009e+01
1.272839522361755371e+02	2.603525099999999881e+01
1.339900970458984375e+02	2.688109400000000093e+01
1.406848845481872559e+02	2.660301600000000022e+01
1.473793373107910156e+02	2.603549800000000047e+01
1.540821166038513184e+02	2.688024000000000058e+01
1.607844092845916748e+02	2.660167300000000168e+01
1.674812955856323242e+02	2.603386199999999917e+01
1.741824936866760254e+02	2.687777399999999872e+01
1.808694071769714355e+02	2.660071900000000156e+01
1.875654051303863525e+02	2.603305900000000150e+01
1.942530732154846191e+02	2.687549399999999977e+01
2.009548065662384033e+02	2.659635499999999908e+01
2.076444611549377441e+02	2.602976800000000068e+01
2.143459179401397705e+02	2.687454400000000021e+01
2.210363860130310059e+02	2.659656899999999879e+01
2.277462246417999268e+02	2.602790299999999846e+01
2.344460031986236572e+02	2.687259900000000101e+01
2.411480960845947266e+02	2.659415699999999916e+01
2.478488893508911133e+02	2.602603500000000025e+01
2.545386793613433838e+02	2.687243199999999987e+01
2.612341494560241699e+02	2.659456499999999934e+01
2.679346997737884521e+02	2.602644599999999997e+01
2.746294143199920654e+02	2.687179799999999830e+01
2.813193917274475098e+02	2.659438400000000158e+01
2.880184099674224854e+02	2.602628100000000089e+01
2.947131092548370361e+02	2.687389200000000145e+01
