# PIO_at_kp=337, ki=0.69,kd=0, setpoint = 23.755024725
# time(s)_337			Temp(K)_337			
0.000000000000000000e+00	2.291251199999999955e+01
6.704556703567504883e+00	2.229738800000000154e+01
1.338866353034973145e+01	2.377436199999999999e+01
2.007913517951965332e+01	2.340806900000000113e+01
2.678925681114196777e+01	2.461426600000000064e+01
3.347972393035888672e+01	2.425700700000000154e+01
4.017918038368225098e+01	2.361300299999999908e+01
4.688697695732116699e+01	2.403302599999999956e+01
5.359177279472351074e+01	2.352782699999999849e+01
6.028766703605651855e+01	2.443689099999999925e+01
6.698802256584167480e+01	2.409239200000000025e+01
7.367015004158020020e+01	2.346785699999999864e+01
8.037362074851989746e+01	2.461770599999999831e+01
8.707465338706970215e+01	2.427545299999999884e+01
9.376965451240539551e+01	2.364849200000000096e+01
1.004730167388916016e+02	2.357451100000000110e+01
1.071766836643218994e+02	2.408637500000000031e+01
1.138825533390045166e+02	2.361088099999999912e+01
1.205804078578948975e+02	2.382878900000000044e+01
1.272706522941589355e+02	2.327436799999999906e+01
1.339656522274017334e+02	2.454603699999999833e+01
1.406594386100769043e+02	2.420208999999999833e+01
1.473685846328735352e+02	2.356732900000000086e+01
1.540670275688171387e+02	2.425618300000000005e+01
1.607578220367431641e+02	2.391106100000000012e+01
1.674516534805297852e+02	2.329408600000000007e+01
1.741516864299774170e+02	2.458196999999999832e+01
1.808522012233734131e+02	2.424218300000000070e+01
1.875467534065246582e+02	2.361175400000000124e+01
1.942548558712005615e+02	2.404729100000000130e+01
2.009436523914337158e+02	2.355266299999999902e+01
2.076446642875671387e+02	2.428376199999999940e+01
2.143495807647705078e+02	2.398361699999999885e+01
2.210423200130462646e+02	2.336260800000000160e+01
2.277486531734466553e+02	2.463486400000000032e+01
2.344315681457519531e+02	2.429782300000000106e+01
2.411190214157104492e+02	2.366893800000000070e+01
2.478291666507720947e+02	2.364920700000000053e+01
2.545412740707397461e+02	2.381828700000000154e+01
2.612427196502685547e+02	2.324484999999999957e+01
2.679271895885467529e+02	2.452597199999999944e+01
2.746129772663116455e+02	2.418350699999999875e+01
2.813151061534881592e+02	2.354986299999999844e+01
2.880039086341857910e+02	2.439064499999999924e+01
2.947007129192352295e+02	2.405062200000000061e+01
