# PIO_at_kp=337, ki=0.69,kd=0, setpoint = 61.5590245
# time(s)_337			Temp(K)_337			
0.000000000000000000e+00	6.041138800000000231e+01
6.710018396377563477e+00	6.057356399999999752e+01
1.340772318840026855e+01	6.060261899999999713e+01
2.010619425773620605e+01	6.064773999999999887e+01
2.680002593994140625e+01	6.069419200000000103e+01
3.349979782104492188e+01	6.074484400000000051e+01
4.020626115798950195e+01	6.079370800000000230e+01
4.690736532211303711e+01	6.084070700000000187e+01
5.361090135574340820e+01	6.088824000000000325e+01
6.032196831703186035e+01	6.093530100000000260e+01
6.700808143615722656e+01	6.098363499999999959e+01
7.370623564720153809e+01	6.103066599999999653e+01
8.039701533317565918e+01	6.107829300000000217e+01
8.708311438560485840e+01	6.112525300000000072e+01
9.379592609405517578e+01	6.117075700000000182e+01
1.004870238304138184e+02	6.121810800000000086e+01
1.071808483600616455e+02	6.126422099999999915e+01
1.138833520412445068e+02	6.131106900000000337e+01
1.205883777141571045e+02	6.135604699999999667e+01
1.272875041961669922e+02	6.139295299999999855e+01
1.339989581108093262e+02	6.129968999999999824e+01
1.406933987140655518e+02	6.140879799999999733e+01
1.473950295448303223e+02	6.126543000000000205e+01
1.540855355262756348e+02	6.143757099999999838e+01
1.607940371036529541e+02	6.128553699999999793e+01
1.675055391788482666e+02	6.144628800000000268e+01
1.741930367946624756e+02	6.128502100000000041e+01
1.808925368785858154e+02	6.144426200000000193e+01
1.875890362262725830e+02	6.128174099999999669e+01
1.943015406131744385e+02	6.144737500000000097e+01
2.010080423355102539e+02	6.128687999999999647e+01
2.077165436744689941e+02	6.145515999999999934e+01
2.144110429286956787e+02	6.129427299999999690e+01
2.211075432300567627e+02	6.146075900000000303e+01
2.278220462799072266e+02	6.129874099999999970e+01
2.345245473384857178e+02	6.146486699999999814e+01
2.412370510101318359e+02	6.130185199999999668e+01
2.479485538005828857e+02	6.146936099999999925e+01
2.546510541439056396e+02	6.130632099999999696e+01
2.613625576496124268e+02	6.147372200000000220e+01
2.680670592784881592e+02	6.131049300000000102e+01
2.747797880172729492e+02	6.147808200000000056e+01
2.814860937595367432e+02	6.131555199999999672e+01
2.881956024169921875e+02	6.148381299999999783e+01
2.948834562301635742e+02	6.132180000000000319e+01
