# PIO_at_kp=337, ki=0.69,kd=0, setpoint = 68.013365925
# time(s)_337			Temp(K)_337			
0.000000000000000000e+00	6.693622600000000489e+01
6.699001789093017578e+00	6.693607699999999738e+01
1.339309787750244141e+01	6.695567800000000602e+01
2.009589862823486328e+01	6.698248300000000199e+01
2.679781293869018555e+01	6.701305700000000343e+01
3.350737118721008301e+01	6.704151899999999387e+01
4.021023678779602051e+01	6.707239099999999610e+01
4.689786052703857422e+01	6.710180300000000386e+01
5.359898424148559570e+01	6.713206200000000479e+01
6.028181385993957520e+01	6.716148900000000310e+01
6.697477316856384277e+01	6.719176199999999710e+01
7.367679500579833984e+01	6.722149100000000033e+01
8.037399291992187500e+01	6.725011399999999639e+01
8.706577610969543457e+01	6.727997700000000236e+01
9.379101943969726562e+01	6.730943299999999851e+01
1.005018064975738525e+02	6.733815500000000043e+01
1.072007896900177002e+02	6.736801400000000228e+01
1.138972556591033936e+02	6.739699000000000240e+01
1.205919795036315918e+02	6.742597100000000410e+01
1.272988557815551758e+02	6.745515799999999729e+01
1.339981219768524170e+02	6.748413999999999646e+01
1.406985237598419189e+02	6.751309899999999686e+01
1.474016261100769043e+02	6.754226199999999380e+01
1.540932822227478027e+02	6.757178500000000554e+01
1.608085668087005615e+02	6.759949799999999698e+01
1.675046660900115967e+02	6.762949999999999307e+01
1.742080144882202148e+02	6.765813400000000399e+01
1.809020383358001709e+02	6.768594500000000380e+01
1.876040999889373779e+02	6.771374900000000707e+01
1.943048155307769775e+02	6.774186400000000674e+01
2.009974653720855713e+02	6.777020500000000425e+01
2.076974217891693115e+02	6.779783399999999460e+01
2.144004199504852295e+02	6.782404499999999814e+01
2.210978026390075684e+02	6.784031400000000644e+01
2.277830390930175781e+02	6.784571099999999433e+01
2.344935195446014404e+02	6.784158399999999745e+01
2.411897788047790527e+02	6.783559800000000450e+01
2.478960518836975098e+02	6.782953000000000543e+01
2.545899500846862793e+02	6.782696199999999465e+01
2.612893836498260498e+02	6.782853799999999467e+01
2.679848039150238037e+02	6.783443599999999662e+01
2.746931829452514648e+02	6.783850300000000288e+01
2.813932533264160156e+02	6.784408600000000433e+01
2.880912222862243652e+02	6.784782099999999616e+01
2.947939989566802979e+02	6.785269499999999709e+01
