# PIO_at_kp=337, ki=0.69,kd=0, setpoint = 72.6236098
# time(s)_337			Temp(K)_337			
0.000000000000000000e+00	7.150109899999999641e+01
6.683877468109130859e+00	7.152053499999999531e+01
1.339075207710266113e+01	7.153056100000000583e+01
2.009685325622558594e+01	7.154688099999999906e+01
2.679076075553894043e+01	7.156657599999999775e+01
3.348980236053466797e+01	7.158616899999999816e+01
4.018971395492553711e+01	7.160698700000000372e+01
4.688560605049133301e+01	7.162671199999999772e+01
5.357177305221557617e+01	7.164565199999999834e+01
6.027254152297973633e+01	7.166608700000000454e+01
6.697229456901550293e+01	7.168573200000000156e+01
7.366489624977111816e+01	7.170547000000000537e+01
8.035952043533325195e+01	7.172524900000000514e+01
8.705925297737121582e+01	7.174620699999999829e+01
9.375589442253112793e+01	7.176518500000000245e+01
1.004547042846679688e+02	7.178541699999999537e+01
1.071585271358489990e+02	7.180450299999999686e+01
1.138458311557769775e+02	7.182308799999999849e+01
1.205327024459838867e+02	7.184378700000000606e+01
1.272304880619049072e+02	7.186331599999999753e+01
1.339325580596923828e+02	7.188277100000000530e+01
1.406346144676208496e+02	7.190214100000000030e+01
1.473314282894134521e+02	7.192135700000000043e+01
1.540307350158691406e+02	7.194120100000000662e+01
1.607247405052185059e+02	7.196006800000000680e+01
1.674240474700927734e+02	7.198005700000000218e+01
1.741186859607696533e+02	7.199875000000000114e+01
1.808167746067047119e+02	7.201870900000000120e+01
1.875147864818572998e+02	7.203857899999999859e+01
1.942151036262512207e+02	7.205739400000000217e+01
2.009256632328033447e+02	7.207644899999999666e+01
2.076300866603851318e+02	7.209636399999999412e+01
2.143365540504455566e+02	7.211609699999999634e+01
2.210368998050689697e+02	7.213398700000000474e+01
2.277375345230102539e+02	7.215259700000000009e+01
2.344434244632720947e+02	7.217140399999999545e+01
2.411453418731689453e+02	7.219050400000000423e+01
2.478515195846557617e+02	7.220802700000000129e+01
2.545456595420837402e+02	7.222778999999999883e+01
2.612460832595825195e+02	7.224593500000000290e+01
2.679485557079315186e+02	7.226511499999999444e+01
2.746474237442016602e+02	7.228350100000000111e+01
2.813418552875518799e+02	7.230284500000000492e+01
2.880422658920288086e+02	7.232145699999999522e+01
2.947465062141418457e+02	7.233957300000000146e+01
