# PIO_at_kp=337, ki=0.69,kd=0, setpoint = 27.443219825
# time(s)_337			Temp(K)_337			
0.000000000000000000e+00	2.659307899999999947e+01
6.699571847915649414e+00	2.732693400000000139e+01
1.339836096763610840e+01	2.764957800000000177e+01
2.008450651168823242e+01	2.721158300000000096e+01
2.678899955749511719e+01	2.775504899999999964e+01
3.347274923324584961e+01	2.747538000000000125e+01
4.017388057708740234e+01	2.692706899999999948e+01
4.688165974617004395e+01	2.766161500000000117e+01
5.357382822036743164e+01	2.740225699999999875e+01
6.025891351699829102e+01	2.708982200000000162e+01
6.695605921745300293e+01	2.782215300000000013e+01
7.364649820327758789e+01	2.755695800000000162e+01
8.034829425811767578e+01	2.700777100000000175e+01
8.703894066810607910e+01	2.773160800000000137e+01
9.373994946479797363e+01	2.747187200000000118e+01
1.004379501342773438e+02	2.692502899999999855e+01
1.071299326419830322e+02	2.766102499999999864e+01
1.138412799835205078e+02	2.739997999999999934e+01
1.205443983078002930e+02	2.712369899999999845e+01
1.272555310726165771e+02	2.785676199999999980e+01
1.339613122940063477e+02	2.759041699999999864e+01
1.406567783355712891e+02	2.704242599999999896e+01
1.473639135360717773e+02	2.776514099999999985e+01
1.540586907863616943e+02	2.750637100000000146e+01
1.607585883140563965e+02	2.696031899999999837e+01
1.674469544887542725e+02	2.769373300000000171e+01
1.741531004905700684e+02	2.743329999999999913e+01
1.808465454578399658e+02	2.698071900000000056e+01
1.875410270690917969e+02	2.771780899999999903e+01
1.942441370487213135e+02	2.745510300000000115e+01
2.009459321498870850e+02	2.694338899999999981e+01
2.076519515514373779e+02	2.767968300000000070e+01
2.143540081977844238e+02	2.741826700000000017e+01
2.210686221122741699e+02	2.707129199999999969e+01
2.277801027297973633e+02	2.780500100000000074e+01
2.344742321968078613e+02	2.754085299999999847e+01
2.411673600673675537e+02	2.699267599999999945e+01
2.478551535606384277e+02	2.772113600000000133e+01
2.545499403476715088e+02	2.746198599999999956e+01
2.612379486560821533e+02	2.694675200000000004e+01
2.679325337409973145e+02	2.768294900000000069e+01
2.746399378776550293e+02	2.742093099999999950e+01
2.813456027507781982e+02	2.708970899999999915e+01
2.880425751209259033e+02	2.782136300000000162e+01
