# PIO_at_kp=337, ki=0.69,kd=0, setpoint = 41.27395145
# time(s)_337			Temp(K)_337			
0.000000000000000000e+00	4.015345800000000054e+01
6.695136547088623047e+00	4.039377799999999752e+01
1.339961433410644531e+01	4.061154400000000209e+01
2.010600733757019043e+01	4.083727499999999822e+01
2.680298948287963867e+01	4.105528000000000333e+01
3.349900078773498535e+01	4.122870900000000205e+01
4.019403004646301270e+01	4.108660900000000282e+01
4.689598798751831055e+01	4.100372200000000333e+01
5.360400032997131348e+01	4.124892200000000031e+01
6.030579900741577148e+01	4.112802700000000300e+01
6.700759196281433105e+01	4.099020800000000264e+01
7.370949840545654297e+01	4.121337499999999920e+01
8.041018867492675781e+01	4.115031499999999909e+01
8.711963367462158203e+01	4.104532600000000286e+01
9.382210350036621094e+01	4.122584700000000169e+01
1.005219175815582275e+02	4.112661299999999898e+01
1.072157056331634521e+02	4.104158600000000234e+01
1.139121496677398682e+02	4.127153700000000214e+01
1.206119580268859863e+02	4.112580599999999720e+01
1.273157095909118652e+02	4.100328900000000232e+01
1.340115363597869873e+02	4.126035900000000112e+01
1.407156853675842285e+02	4.115847300000000075e+01
1.474100000858306885e+02	4.102990199999999987e+01
1.541089234352111816e+02	4.124283100000000246e+01
1.607966015338897705e+02	4.116404399999999697e+01
1.674975111484527588e+02	4.105947700000000111e+01
1.741976442337036133e+02	4.125776900000000325e+01
1.808924381732940674e+02	4.114993199999999973e+01
1.875968976020812988e+02	4.105005599999999788e+01
1.943070445060729980e+02	4.128462400000000088e+01
2.010108273029327393e+02	4.115611599999999726e+01
2.077106344699859619e+02	4.103259200000000106e+01
2.144167551994323730e+02	4.127535300000000262e+01
2.211052095890045166e+02	4.117896100000000104e+01
2.278009879589080811e+02	4.105327400000000182e+01
2.344951403141021729e+02	4.126194999999999879e+01
2.411885883808135986e+02	4.117904300000000006e+01
2.478898406028747559e+02	4.107765599999999750e+01
2.545902075767517090e+02	4.128201500000000124e+01
2.612929861545562744e+02	4.116526900000000211e+01
2.680010311603546143e+02	4.106129599999999868e+01
2.747005624771118164e+02	4.130094199999999915e+01
2.814076840877532959e+02	4.117701900000000137e+01
2.881017599105834961e+02	4.105003500000000116e+01
2.948026065826416016e+02	4.128686199999999928e+01
