# PIO_at_kp=337, ki=0.69,kd=0, setpoint = 34.819610025
# time(s)_337			Temp(K)_337			
0.000000000000000000e+00	3.404450400000000343e+01
6.715281009674072266e+00	3.386129600000000295e+01
1.340641045570373535e+01	3.407055199999999928e+01
2.010588741302490234e+01	3.450478499999999826e+01
2.680700135231018066e+01	3.490294800000000208e+01
3.350478100776672363e+01	3.471714099999999803e+01
4.019892978668212891e+01	3.449851100000000059e+01
4.689571309089660645e+01	3.479473899999999986e+01
5.359117555618286133e+01	3.466261500000000240e+01
6.028096294403076172e+01	3.459493700000000160e+01
6.698522758483886719e+01	3.492590899999999721e+01
7.368423700332641602e+01	3.472012800000000254e+01
8.037876582145690918e+01	3.453099499999999722e+01
8.709227323532104492e+01	3.484690299999999752e+01
9.380036067962646484e+01	3.467682700000000295e+01
1.005010766983032227e+02	3.457745400000000302e+01
1.072020456790924072e+02	3.493627000000000038e+01
1.138913443088531494e+02	3.474488999999999805e+01
1.206034648418426514e+02	3.451925800000000066e+01
1.272906892299652100e+02	3.481229600000000346e+01
1.339943943023681641e+02	3.467997199999999935e+01
1.406827533245086670e+02	3.461438100000000162e+01
1.473726716041564941e+02	3.494624199999999803e+01
1.540647637844085693e+02	3.473862900000000309e+01
1.607612335681915283e+02	3.454747799999999813e+01
1.674653539657592773e+02	3.485940099999999831e+01
1.741642374992370605e+02	3.469057399999999802e+01
1.808682537078857422e+02	3.459598299999999682e+01
1.875722508430480957e+02	3.495432999999999879e+01
1.942660439014434814e+02	3.476051600000000263e+01
2.009712383747100830e+02	3.453488500000000272e+01
2.076731300354003906e+02	3.482682899999999648e+01
2.143945944309234619e+02	3.469498300000000057e+01
2.210990836620330811e+02	3.463126900000000319e+01
2.277982237339019775e+02	3.495775400000000133e+01
2.344953227043151855e+02	3.474896199999999880e+01
2.411954445838928223e+02	3.456305199999999900e+01
2.478899145126342773e+02	3.488056799999999669e+01
2.545837090015411377e+02	3.471116899999999816e+01
2.612795045375823975e+02	3.460472699999999691e+01
2.679800086021423340e+02	3.495556500000000000e+01
2.746866862773895264e+02	3.476500699999999711e+01
2.813882491588592529e+02	3.455894500000000136e+01
2.880893149375915527e+02	3.486351799999999912e+01
2.947842457294464111e+02	3.470642099999999886e+01
