# PIO_at_kp=337, ki=0.69,kd=0, setpoint = 32.975512475
# time(s)_337			Temp(K)_337			
0.000000000000000000e+00	3.175666800000000123e+01
6.698848009109497070e+00	3.214714200000000233e+01
1.340780901908874512e+01	3.267505400000000293e+01
2.010081744194030762e+01	3.315172700000000106e+01
2.680375838279724121e+01	3.294309799999999910e+01
3.349081850051879883e+01	3.253153700000000015e+01
4.019380426406860352e+01	3.283870100000000036e+01
4.689380621910095215e+01	3.300153399999999948e+01
5.359565114974975586e+01	3.272914899999999960e+01
6.028345537185668945e+01	3.294246700000000061e+01
6.697728848457336426e+01	3.281831700000000041e+01
7.366571903228759766e+01	3.281578900000000232e+01
8.037751698493957520e+01	3.302110700000000065e+01
8.707031106948852539e+01	3.281928099999999660e+01
9.377712321281433105e+01	3.279160100000000000e+01
1.004768044948577881e+02	3.314896300000000195e+01
1.071758055686950684e+02	3.291647900000000249e+01
1.138768100738525391e+02	3.265726099999999832e+01
1.205767865180969238e+02	3.300809900000000141e+01
1.272730798721313477e+02	3.282492700000000241e+01
1.339747943878173828e+02	3.279646799999999729e+01
1.406698031425476074e+02	3.315912600000000054e+01
1.473647606372833252e+02	3.292619799999999941e+01
1.540738348960876465e+02	3.265793899999999894e+01
1.607596793174743652e+02	3.300446000000000168e+01
1.674603943824768066e+02	3.282438799999999901e+01
1.741559724807739258e+02	3.280925500000000028e+01
1.808491072654724121e+02	3.317555200000000326e+01
1.875565607547760010e+02	3.293465700000000140e+01
1.942635176181793213e+02	3.265862400000000321e+01
2.009651525020599365e+02	3.300207999999999942e+01
2.076579532623291016e+02	3.283469699999999847e+01
2.143588774204254150e+02	3.281691399999999703e+01
2.210535485744476318e+02	3.313057799999999986e+01
2.277598397731781006e+02	3.292599299999999829e+01
2.344542403221130371e+02	3.269579399999999936e+01
2.411539201736450195e+02	3.305533599999999694e+01
2.478357317447662354e+02	3.287276200000000159e+01
2.545357875823974609e+02	3.278233900000000034e+01
2.612437393665313721e+02	3.313901200000000102e+01
2.679414043426513672e+02	3.291948800000000119e+01
2.746310291290283203e+02	3.272158100000000047e+01
2.813397295475006104e+02	3.309448199999999929e+01
2.880438306331634521e+02	3.290912800000000260e+01
