# PIO_at_kp=337, ki=0.69,kd=0, setpoint = 64.325170825
# time(s)_337			Temp(K)_337			
0.000000000000000000e+00	6.311801200000000023e+01
6.688137531280517578e+00	6.329399500000000245e+01
1.339257907867431641e+01	6.331761099999999942e+01
2.007571291923522949e+01	6.335426499999999805e+01
2.678414177894592285e+01	6.339228599999999858e+01
3.349195694923400879e+01	6.343336399999999742e+01
4.018841338157653809e+01	6.347066300000000183e+01
4.689765858650207520e+01	6.351138499999999709e+01
5.359349203109741211e+01	6.354966100000000040e+01
6.029444026947021484e+01	6.358907700000000318e+01
6.699408960342407227e+01	6.362909700000000157e+01
7.368645763397216797e+01	6.366765699999999839e+01
8.038016939163208008e+01	6.370610800000000040e+01
8.708414483070373535e+01	6.374513400000000019e+01
9.378714609146118164e+01	6.378343999999999880e+01
1.004852299690246582e+02	6.382134400000000340e+01
1.071890265941619873e+02	6.385914400000000057e+01
1.138901886940002441e+02	6.389883199999999874e+01
1.205811276435852051e+02	6.393636800000000164e+01
1.272720630168914795e+02	6.397339399999999898e+01
1.339708557128906250e+02	6.401144899999999893e+01
1.406616587638854980e+02	6.404864100000000349e+01
1.473647773265838623e+02	6.408709600000000250e+01
1.540689227581024170e+02	6.412327100000000257e+01
1.607580392360687256e+02	6.415231699999999648e+01
1.674668936729431152e+02	6.416353599999999346e+01
1.741669516563415527e+02	6.416027800000000525e+01
1.808550851345062256e+02	6.415233299999999872e+01
1.875493197441101074e+02	6.414413000000000409e+01
1.942341604232788086e+02	6.413950099999999566e+01
2.009334633350372314e+02	6.414165599999999756e+01
2.076522610187530518e+02	6.414726400000000694e+01
2.143590641021728516e+02	6.415267799999999454e+01
2.210531814098358154e+02	6.415845600000000104e+01
2.277579846382141113e+02	6.416235199999999850e+01
2.344521012306213379e+02	6.416344300000000089e+01
2.411571416854858398e+02	6.416483300000000156e+01
2.478526883125305176e+02	6.416545999999999594e+01
2.545548624992370605e+02	6.416815800000000536e+01
2.612689530849456787e+02	6.416983000000000459e+01
2.679591352939605713e+02	6.417203800000000058e+01
2.746529459953308105e+02	6.417505300000000545e+01
2.813526573181152344e+02	6.417800800000000550e+01
2.880571284294128418e+02	6.417971400000000415e+01
2.947443785667419434e+02	6.418148300000000006e+01
