# PIO_at_kp=337, ki=0.69,kd=0, setpoint = 29.287317375
# time(s)_337			Temp(K)_337			
0.000000000000000000e+00	2.799831299999999956e+01
6.699531316757202148e+00	2.860888500000000079e+01
1.340259003639221191e+01	2.938383800000000079e+01
2.009654569625854492e+01	2.911710800000000177e+01
2.679154753684997559e+01	2.920550000000000068e+01
3.348554205894470215e+01	2.922563399999999945e+01
4.019456410408020020e+01	2.899093699999999885e+01
4.687654185295104980e+01	2.953893100000000160e+01
5.358170557022094727e+01	2.930401399999999867e+01
6.026580762863159180e+01	2.879259300000000010e+01
6.695650029182434082e+01	2.934102599999999939e+01
7.365773010253906250e+01	2.911320600000000169e+01
8.035885453224182129e+01	2.925879600000000025e+01
8.705496835708618164e+01	2.913458100000000073e+01
9.375110030174255371e+01	2.925453200000000109e+01
1.004448926448822021e+02	2.911388399999999876e+01
1.071376845836639404e+02	2.930689599999999828e+01
1.138438553810119629e+02	2.909609599999999929e+01
1.205496428012847900e+02	2.940215600000000151e+01
1.272440683841705322e+02	2.914458600000000033e+01
1.339349708557128906e+02	2.923011400000000037e+01
1.406359987258911133e+02	2.921640100000000118e+01
1.473404629230499268e+02	2.911068300000000164e+01
1.540185441970825195e+02	2.946236800000000144e+01
1.607123703956604004e+02	2.919429200000000080e+01
1.674134874343872070e+02	2.912198199999999915e+01
1.741136178970336914e+02	2.940235699999999852e+01
1.807944276332855225e+02	2.918637400000000071e+01
1.874823577404022217e+02	2.914992200000000011e+01
1.941973309516906738e+02	2.937717299999999909e+01
2.008981223106384277e+02	2.908867100000000150e+01
2.076012365818023682e+02	2.943742900000000162e+01
2.143010878562927246e+02	2.918331699999999884e+01
2.210024948120117188e+02	2.917074799999999968e+01
2.277076506614685059e+02	2.934609999999999985e+01
2.344075479507446289e+02	2.901454299999999975e+01
2.411105518341064453e+02	2.952808399999999978e+01
2.478025562763214111e+02	2.929957200000000128e+01
2.545035734176635742e+02	2.882996699999999990e+01
2.611975457668304443e+02	2.937999800000000050e+01
2.678920240402221680e+02	2.915287800000000118e+01
2.745957157611846924e+02	2.925464200000000048e+01
2.813029317855834961e+02	2.921428399999999925e+01
2.879960601329803467e+02	2.916211799999999954e+01
2.946821880340576172e+02	2.935336099999999959e+01
