# PIO_at_kp=337, ki=0.69,kd=0, setpoint = 80.0
# time(s)_337			Temp(K)_337			
0.000000000000000000e+00	7.680724899999999877e+01
6.700625419616699219e+00	7.681754499999999553e+01
1.339713120460510254e+01	7.682852200000000664e+01
2.011002111434936523e+01	7.683940400000000182e+01
2.680271124839782715e+01	7.684954700000000116e+01
3.350389075279235840e+01	7.685985499999999604e+01
4.020086956024169922e+01	7.687171399999999721e+01
4.689788508415222168e+01	7.688118799999999453e+01
5.359566760063171387e+01	7.689258100000000695e+01
6.029585957527160645e+01	7.690311699999999462e+01
6.700521659851074219e+01	7.691257299999999475e+01
7.370194363594055176e+01	7.692322400000000471e+01
8.041616821289062500e+01	7.693455699999999808e+01
8.711711430549621582e+01	7.694406999999999641e+01
9.383617782592773438e+01	7.695631299999999442e+01
1.005315527915954590e+02	7.696652199999999766e+01
1.072313380241394043e+02	7.697764399999999796e+01
1.139218842983245850e+02	7.698831099999999594e+01
1.206147968769073486e+02	7.700209700000000623e+01
1.273146505355834961e+02	7.701039199999999596e+01
1.340110762119293213e+02	7.701858699999999658e+01
1.407149360179901123e+02	7.702878099999999506e+01
1.474165108203887939e+02	7.704022600000000409e+01
1.541059265136718750e+02	7.705009800000000553e+01
1.608067946434020996e+02	7.706016400000000033e+01
1.675082879066467285e+02	7.707083699999999737e+01
1.742046499252319336e+02	7.708088499999999499e+01
1.809110035896301270e+02	7.709080299999999397e+01
1.876157877445220947e+02	7.710128500000000429e+01
1.943089375495910645e+02	7.711092100000000471e+01
2.010116965770721436e+02	7.712160400000000493e+01
2.077003042697906494e+02	7.713369500000000301e+01
2.143896498680114746e+02	7.714299599999999657e+01
2.210718464851379395e+02	7.715284200000000681e+01
2.277749404907226562e+02	7.716278699999999446e+01
2.344747443199157715e+02	7.717301399999999489e+01
2.411756553649902344e+02	7.718302900000000477e+01
2.478797106742858887e+02	7.719212899999999422e+01
2.545898602008819580e+02	7.720663500000000568e+01
2.612926440238952637e+02	7.721301099999999451e+01
2.679900000095367432e+02	7.722248600000000351e+01
2.746944527626037598e+02	7.723194200000000365e+01
2.814004073143005371e+02	7.724345700000000647e+01
2.881095085144042969e+02	7.725246799999999325e+01
2.948075940608978271e+02	7.726234900000000039e+01
