# PIO_at_kp=337, ki=0.69,kd=0, setpoint = 24.6770735
# time(s)_337			Temp(K)_337			
0.000000000000000000e+00	2.342801599999999951e+01
6.709348678588867188e+00	2.468598700000000079e+01
1.340259814262390137e+01	2.434932099999999977e+01
2.008715248107910156e+01	2.539080099999999973e+01
2.678318595886230469e+01	2.505830999999999875e+01
3.347517228126525879e+01	2.443982400000000155e+01
4.018308925628662109e+01	2.528567999999999927e+01
4.687490773200988770e+01	2.496110300000000137e+01
5.357002425193786621e+01	2.435720500000000044e+01
6.025880169868469238e+01	2.544703900000000019e+01
6.695993185043334961e+01	2.513078900000000004e+01
7.366910552978515625e+01	2.452243100000000098e+01
8.036572766304016113e+01	2.492539899999999875e+01
8.705897021293640137e+01	2.449820400000000120e+01
9.376642942428588867e+01	2.500853800000000149e+01
1.004482631683349609e+02	2.464563599999999965e+01
1.071370949745178223e+02	2.415194599999999880e+01
1.138481812477111816e+02	2.528418100000000024e+01
1.205491831302642822e+02	2.496252799999999894e+01
1.272411687374114990e+02	2.435215600000000080e+01
1.339351689815521240e+02	2.544024999999999892e+01
1.406289923191070557e+02	2.512354200000000048e+01
1.473187813758850098e+02	2.451673999999999864e+01
1.540145738124847412e+02	2.495228699999999833e+01
1.607157037258148193e+02	2.454137700000000066e+01
1.674148344993591309e+02	2.481035699999999977e+01
1.741222913265228271e+02	2.432463200000000114e+01
1.808184330463409424e+02	2.540599100000000021e+01
1.875088722705841064e+02	2.508712500000000034e+01
1.942081663608551025e+02	2.447720100000000087e+01
2.009084680080413818e+02	2.510086799999999840e+01
2.076082465648651123e+02	2.482789400000000057e+01
2.143051974773406982e+02	2.423051699999999897e+01
2.210122342109680176e+02	2.534760599999999897e+01
2.277201695442199707e+02	2.502953199999999967e+01
2.344131786823272705e+02	2.442147500000000093e+01
2.411168158054351807e+02	2.535002400000000122e+01
2.478261702060699463e+02	2.502654599999999974e+01
2.545211694240570068e+02	2.442445599999999928e+01
2.612231798171997070e+02	2.530410699999999835e+01
2.679230389595031738e+02	2.498238699999999923e+01
2.746345510482788086e+02	2.438031199999999998e+01
2.813244209289550781e+02	2.539775699999999858e+01
2.880159566402435303e+02	2.507917000000000129e+01
2.947152369022369385e+02	2.447504800000000103e+01
