# PIO_at_kp=337, ki=0.69,kd=0, setpoint = 45.884195325
# time(s)_337			Temp(K)_337			
0.000000000000000000e+00	4.485656500000000335e+01
6.695119619369506836e+00	4.478411499999999990e+01
1.338991522789001465e+01	4.499145800000000150e+01
2.009137558937072754e+01	4.514427400000000290e+01
2.679417157173156738e+01	4.529900299999999902e+01
3.348830413818359375e+01	4.544990700000000317e+01
4.017857813835144043e+01	4.559794200000000330e+01
4.688045787811279297e+01	4.574371099999999757e+01
5.357536411285400391e+01	4.571141500000000235e+01
6.027012157440185547e+01	4.569516500000000292e+01
6.697916030883789062e+01	4.584993999999999659e+01
7.367875170707702637e+01	4.568202099999999888e+01
8.038210916519165039e+01	4.570610200000000134e+01
8.708833074569702148e+01	4.568182500000000346e+01
9.378246235847473145e+01	4.583477800000000002e+01
1.004846353530883789e+02	4.570005599999999646e+01
1.071870524883270264e+02	4.574715599999999682e+01
1.138950238227844238e+02	4.565279499999999757e+01
1.205936419963836670e+02	4.582720900000000341e+01
1.272964360713958740e+02	4.572140699999999924e+01
1.339922292232513428e+02	4.566260100000000222e+01
1.406950225830078125e+02	4.584918499999999852e+01
1.473978302478790283e+02	4.573079700000000258e+01
1.540941069126129150e+02	4.563684800000000052e+01
1.607891330718994141e+02	4.584639599999999859e+01
1.674911041259765625e+02	4.575400900000000348e+01
1.741911265850067139e+02	4.566014200000000045e+01
1.808971073627471924e+02	4.584255900000000139e+01
1.875905835628509521e+02	4.574360699999999724e+01
1.942960388660430908e+02	4.566914200000000079e+01
2.009981830120086670e+02	4.587093500000000290e+01
2.077039709091186523e+02	4.575268200000000007e+01
2.143984308242797852e+02	4.565022400000000147e+01
2.210975852012634277e+02	4.585483899999999835e+01
2.278031051158905029e+02	4.576793500000000137e+01
2.345029480457305908e+02	4.568263400000000019e+01
2.411982591152191162e+02	4.586510799999999932e+01
2.478960533142089844e+02	4.575587300000000113e+01
2.545953865051269531e+02	4.567560999999999893e+01
2.613016617298126221e+02	4.588114300000000156e+01
2.680041153430938721e+02	4.577307299999999657e+01
2.747061347961425781e+02	4.567286200000000207e+01
2.814121372699737549e+02	4.586680299999999733e+01
2.881161253452301025e+02	4.577613499999999647e+01
2.948130583763122559e+02	4.569622799999999785e+01
