# PIO_at_kp=337, ki=0.69,kd=0, setpoint = 20.9888784
# time(s)_337			Temp(K)_337			
0.000000000000000000e+00	1.987800500000000170e+01
6.703181028366088867e+00	2.116038500000000155e+01
1.340418767929077148e+01	2.062263300000000044e+01
2.009120416641235352e+01	2.248351900000000114e+01
2.678819346427917480e+01	2.206042499999999862e+01
3.347805809974670410e+01	2.135236400000000145e+01
4.018316745758056641e+01	2.069590300000000127e+01
4.687964963912963867e+01	2.248222600000000071e+01
5.358467769622802734e+01	2.207640400000000014e+01
6.029258275032043457e+01	2.138119500000000173e+01
6.697803854942321777e+01	2.073588200000000015e+01
7.366595172882080078e+01	2.208797399999999911e+01
8.035199475288391113e+01	2.168811000000000178e+01
8.704955029487609863e+01	2.100227500000000092e+01
9.375089120864868164e+01	2.035605400000000031e+01
1.004513990879058838e+02	2.234721499999999850e+01
1.071551444530487061e+02	2.193672899999999970e+01
1.138501765727996826e+02	2.123746399999999923e+01
1.205556571483612061e+02	2.058638399999999891e+01
1.272615487575531006e+02	2.250688399999999945e+01
1.339613263607025146e+02	2.210078400000000087e+01
1.406702010631561279e+02	2.140375600000000134e+01
1.473589136600494385e+02	2.075764200000000059e+01
1.540590438842773438e+02	2.219086300000000023e+01
1.607541728019714355e+02	2.180192900000000122e+01
1.674449677467346191e+02	2.111622699999999853e+01
1.741470861434936523e+02	2.047080800000000167e+01
1.808412184715270996e+02	2.242809199999999947e+01
1.875370101928710938e+02	2.202147199999999927e+01
1.942401492595672607e+02	2.132363600000000048e+01
2.009346230030059814e+02	2.067614400000000074e+01
2.076353931427001953e+02	2.257285600000000159e+01
2.143235228061676025e+02	2.217088999999999999e+01
2.210124366283416748e+02	2.147803299999999993e+01
2.277057855129241943e+02	2.083350599999999986e+01
2.344081895351409912e+02	2.163367699999999871e+01
2.410993740558624268e+02	2.102420000000000044e+01
2.477991652488708496e+02	2.035689599999999899e+01
2.544951865673065186e+02	2.234429199999999938e+01
2.611844165325164795e+02	2.193307499999999877e+01
2.678772401809692383e+02	2.123248200000000097e+01
2.745796790122985840e+02	2.058089100000000116e+01
2.812674891948699951e+02	2.250122199999999850e+01
2.879546155929565430e+02	2.209621100000000027e+01
2.946563987731933594e+02	2.139940899999999857e+01
