# PIO_at_kp=337, ki=0.69,kd=0, setpoint = 25.599122275
# time(s)_337			Temp(K)_337			
0.000000000000000000e+00	2.498020999999999958e+01
6.704686641693115234e+00	2.461029299999999864e+01
1.339080262184143066e+01	2.563445300000000060e+01
2.008225846290588379e+01	2.531845399999999913e+01
2.678236413002014160e+01	2.609521499999999961e+01
3.348884820938110352e+01	2.577498399999999990e+01
4.018104124069213867e+01	2.518194300000000041e+01
4.687943410873413086e+01	2.614255400000000051e+01
5.357824659347534180e+01	2.584394100000000094e+01
6.027701926231384277e+01	2.525404800000000094e+01
6.697615003585815430e+01	2.620215800000000073e+01
7.368060541152954102e+01	2.590585099999999841e+01
8.038075971603393555e+01	2.531892500000000013e+01
8.708585166931152344e+01	2.620982700000000065e+01
9.376699614524841309e+01	2.591154300000000177e+01
1.004563457965850830e+02	2.532848800000000011e+01
1.071478872299194336e+02	2.615569199999999839e+01
1.138447282314300537e+02	2.585316399999999959e+01
1.205444934368133545e+02	2.527134399999999914e+01
1.272351765632629395e+02	2.622251500000000135e+01
1.339314444065093994e+02	2.592866899999999930e+01
1.406313552856445312e+02	2.534366899999999845e+01
1.473243653774261475e+02	2.614494399999999885e+01
1.540303564071655273e+02	2.584112500000000168e+01
1.607293524742126465e+02	2.526037200000000027e+01
1.674303560256958008e+02	2.621375799999999856e+01
1.741108255386352539e+02	2.592118699999999976e+01
1.808059539794921875e+02	2.533654699999999949e+01
1.874974234104156494e+02	2.616282400000000052e+01
1.941955385208129883e+02	2.586018999999999934e+01
2.008863415718078613e+02	2.527950900000000090e+01
2.076071190834045410e+02	2.623331599999999852e+01
2.143102588653564453e+02	2.593837999999999866e+01
2.210047521591186523e+02	2.535437200000000146e+01
2.276955049037933350e+02	2.611684800000000095e+01
2.343953249454498291e+02	2.581232500000000130e+01
2.410884253978729248e+02	2.523284599999999855e+01
2.477899506092071533e+02	2.618968299999999871e+01
2.544809563159942627e+02	2.589532499999999970e+01
2.611777899265289307e+02	2.530998299999999901e+01
2.678783469200134277e+02	2.623468199999999939e+01
2.745810258388519287e+02	2.593819699999999884e+01
2.812848165035247803e+02	2.535375300000000109e+01
2.879966120719909668e+02	2.608977199999999996e+01
2.946757340431213379e+02	2.578765399999999985e+01
