# PIO_at_kp=337, ki=0.69,kd=0, setpoint = 22.832975949999998
# time(s)_337			Temp(K)_337			
0.000000000000000000e+00	2.320097600000000071e+01
6.708391666412353516e+00	2.281912200000000013e+01
1.339883422851562500e+01	2.222845600000000132e+01
2.008228850364685059e+01	2.371152999999999977e+01
2.677542304992675781e+01	2.333896899999999874e+01
3.347088742256164551e+01	2.267664500000000061e+01
4.017066812515258789e+01	2.330531799999999976e+01
4.686281752586364746e+01	2.280768199999999979e+01
5.356727194786071777e+01	2.225616000000000128e+01
6.027105617523193359e+01	2.375395899999999827e+01
6.696220254898071289e+01	2.338765300000000025e+01
7.366321635246276855e+01	2.273024300000000153e+01
8.035120105743408203e+01	2.292735599999999963e+01
8.704825735092163086e+01	2.232813300000000112e+01
9.373819851875305176e+01	2.380252700000000132e+01
1.004331564903259277e+02	2.343655899999999903e+01
1.071336119174957275e+02	2.278047300000000064e+01
1.138234035968780518e+02	2.246163299999999907e+01
1.205115334987640381e+02	2.390513800000000089e+01
1.271929986476898193e+02	2.354149500000000117e+01
1.338811266422271729e+02	2.288828300000000127e+01
1.405673687458038330e+02	2.227997600000000133e+01
1.472660620212554932e+02	2.378194200000000080e+01
1.539678654670715332e+02	2.342092900000000100e+01
1.606676795482635498e+02	2.276787699999999859e+01
1.673651061058044434e+02	2.258712200000000081e+01
1.740538780689239502e+02	2.376304100000000119e+01
1.807490460872650146e+02	2.339528500000000122e+01
1.874442501068115234e+02	2.274709400000000059e+01
1.941482670307159424e+02	2.262041899999999828e+01
2.008479416370391846e+02	2.348937499999999901e+01
2.075278463363647461e+02	2.315026999999999902e+01
2.142089717388153076e+02	2.250798999999999950e+01
2.209107639789581299e+02	2.395012699999999839e+01
2.276039235591888428e+02	2.359019899999999836e+01
2.343016881942749023e+02	2.293899000000000044e+01
2.410001449584960938e+02	2.233154499999999842e+01
2.477116048336029053e+02	2.382487599999999972e+01
2.544087357521057129e+02	2.346520999999999901e+01
2.611075549125671387e+02	2.281343400000000088e+01
2.677996833324432373e+02	2.226703300000000141e+01
2.745014779567718506e+02	2.377004799999999918e+01
2.812072000503540039e+02	2.340615499999999827e+01
2.879072229862213135e+02	2.275243800000000149e+01
2.946073231697082520e+02	2.273233300000000057e+01
