# PIO_at_kp=337, ki=0.69,kd=0, setpoint = 46.8062441
# time(s)_337			Temp(K)_337			
0.000000000000000000e+00	4.588674000000000319e+01
6.694203853607177734e+00	4.577178099999999716e+01
1.339567422866821289e+01	4.585476100000000343e+01
2.007969784736633301e+01	4.598749200000000315e+01
2.676125478744506836e+01	4.613282999999999845e+01
3.347071313858032227e+01	4.627511499999999955e+01
4.015484213829040527e+01	4.641430299999999676e+01
4.685463714599609375e+01	4.655141600000000324e+01
5.355067324638366699e+01	4.667801899999999904e+01
6.025312852859497070e+01	4.660966499999999968e+01
6.695168423652648926e+01	4.670750300000000266e+01
7.365449357032775879e+01	4.658186299999999846e+01
8.035408067703247070e+01	4.667117600000000266e+01
8.707210183143615723e+01	4.658166899999999799e+01
9.376211023330688477e+01	4.672492600000000351e+01
1.004621164798736572e+02	4.661156900000000292e+01
1.071463258266448975e+02	4.669105600000000322e+01
1.138545856475830078e+02	4.658107199999999892e+01
1.205602080821990967e+02	4.671804900000000060e+01
1.272698557376861572e+02	4.661628499999999775e+01
1.339566326141357422e+02	4.671853699999999776e+01
1.406367731094360352e+02	4.659869299999999726e+01
1.473395557403564453e+02	4.671296300000000201e+01
1.540433514118194580e+02	4.661292300000000211e+01
1.607518682479858398e+02	4.673442399999999708e+01
1.674511072635650635e+02	4.661695199999999772e+01
1.741451146602630615e+02	4.671864399999999762e+01
1.808524556159973145e+02	4.661021499999999662e+01
1.875621037483215332e+02	4.673658300000000310e+01
1.942591216564178467e+02	4.663031699999999802e+01
2.009549326896667480e+02	4.673491800000000040e+01
2.076540615558624268e+02	4.661954000000000065e+01
2.143546884059906006e+02	4.673746500000000026e+01
2.210666270256042480e+02	4.662802200000000141e+01
2.277771000862121582e+02	4.674370600000000309e+01
2.344715561866760254e+02	4.663155199999999923e+01
2.411880176067352295e+02	4.674399600000000277e+01
2.478858113288879395e+02	4.663427599999999984e+01
2.545722737312316895e+02	4.675068600000000174e+01
2.612757365703582764e+02	4.663771299999999798e+01
2.679801957607269287e+02	4.674970100000000173e+01
2.746773779392242432e+02	4.663926800000000128e+01
2.813838002681732178e+02	4.675593099999999680e+01
2.880891039371490479e+02	4.664441800000000171e+01
2.947831215858459473e+02	4.675770500000000141e+01
