# 20220727
# time			temp			
0.000000000000000000e+00	2.976000000000000156e+01
2.463472127914428711e+00	2.980000000000000071e+01
4.926068544387817383e+00	2.976000000000000156e+01
7.388658046722412109e+00	2.980000000000000071e+01
9.850672721862792969e+00	2.980000000000000071e+01
1.231280112266540527e+01	2.980000000000000071e+01
1.477528023719787598e+01	2.980000000000000071e+01
1.723727607727050781e+01	2.973000000000000043e+01
1.969964718818664551e+01	2.982999999999999829e+01
2.216349601745605469e+01	2.973000000000000043e+01
2.462528109550476074e+01	2.976000000000000156e+01
2.708761334419250488e+01	2.969999999999999929e+01
2.954989051818847656e+01	2.976000000000000156e+01
3.201252055168151855e+01	2.969999999999999929e+01
3.447480487823486328e+01	2.969999999999999929e+01
3.693821144104003906e+01	2.973000000000000043e+01
3.940032172203063965e+01	2.969999999999999929e+01
4.186238479614257812e+01	2.973000000000000043e+01
4.432529783248901367e+01	2.966000000000000014e+01
4.678706979751586914e+01	2.966000000000000014e+01
4.925000190734863281e+01	2.969999999999999929e+01
5.171152782440185547e+01	2.962999999999999901e+01
5.417461466789245605e+01	2.973000000000000043e+01
5.663749647140502930e+01	2.962999999999999901e+01
5.909971547126770020e+01	2.969999999999999929e+01
6.156189393997192383e+01	2.973000000000000043e+01
6.402443647384643555e+01	2.969999999999999929e+01
6.648704934120178223e+01	2.969999999999999929e+01
6.894931459426879883e+01	2.969999999999999929e+01
7.141236352920532227e+01	2.973000000000000043e+01
7.387447834014892578e+01	2.973000000000000043e+01
7.633767867088317871e+01	2.969999999999999929e+01
7.879902601242065430e+01	2.969999999999999929e+01
8.126216149330139160e+01	2.973000000000000043e+01
8.372420096397399902e+01	2.966000000000000014e+01
8.618738985061645508e+01	2.969999999999999929e+01
8.864903426170349121e+01	2.969999999999999929e+01
9.111135005950927734e+01	2.973000000000000043e+01
9.357410955429077148e+01	2.962999999999999901e+01
9.603626823425292969e+01	2.969999999999999929e+01
9.849915504455566406e+01	2.973000000000000043e+01
1.009611790180206299e+02	2.962999999999999901e+01
1.034241089820861816e+02	2.969999999999999929e+01
1.058406133651733398e+02	2.969999999999999929e+01
1.082574656009674072e+02	2.973000000000000043e+01
1.107193832397460938e+02	2.966000000000000014e+01
1.131829993724822998e+02	2.973000000000000043e+01
1.156443827152252197e+02	2.969999999999999929e+01
1.181082170009613037e+02	2.969999999999999929e+01
1.205702009201049805e+02	2.969999999999999929e+01
1.230325424671173096e+02	2.973000000000000043e+01
1.254960722923278809e+02	2.969999999999999929e+01
1.279576313495635986e+02	2.962999999999999901e+01
1.304205908775329590e+02	2.966000000000000014e+01
1.328830137252807617e+02	2.966000000000000014e+01
1.353461823463439941e+02	2.969999999999999929e+01
1.378078768253326416e+02	2.969999999999999929e+01
1.402702500820159912e+02	2.969999999999999929e+01
1.427330744266510010e+02	2.973000000000000043e+01
1.451965951919555664e+02	2.973000000000000043e+01
1.476580631732940674e+02	2.969999999999999929e+01
1.501211707592010498e+02	2.973000000000000043e+01
1.525834524631500244e+02	2.973000000000000043e+01
1.550458264350891113e+02	2.973000000000000043e+01
1.575085988044738770e+02	2.969999999999999929e+01
1.599719171524047852e+02	2.976000000000000156e+01
1.624335665702819824e+02	2.976000000000000156e+01
1.648959984779357910e+02	2.980000000000000071e+01
1.673587059974670410e+02	2.976000000000000156e+01
1.698216021060943604e+02	2.976000000000000156e+01
1.722842142581939697e+02	2.973000000000000043e+01
1.747465076446533203e+02	2.973000000000000043e+01
1.772089624404907227e+02	2.973000000000000043e+01
1.796712596416473389e+02	2.973000000000000043e+01
1.821338474750518799e+02	2.973000000000000043e+01
1.845971078872680664e+02	2.973000000000000043e+01
1.870590822696685791e+02	2.973000000000000043e+01
1.895221772193908691e+02	2.969999999999999929e+01
1.919845352172851562e+02	2.976000000000000156e+01
1.944476616382598877e+02	2.973000000000000043e+01
1.969101164340972900e+02	2.969999999999999929e+01
1.993719689846038818e+02	2.973000000000000043e+01
2.018340213298797607e+02	2.976000000000000156e+01
2.042966151237487793e+02	2.973000000000000043e+01
2.067592532634735107e+02	2.973000000000000043e+01
2.092224318981170654e+02	2.973000000000000043e+01
2.116840975284576416e+02	2.973000000000000043e+01
2.141481771469116211e+02	2.966000000000000014e+01
2.166106638908386230e+02	2.969999999999999929e+01
2.190721802711486816e+02	2.973000000000000043e+01
2.215346801280975342e+02	2.976000000000000156e+01
2.239979481697082520e+02	2.973000000000000043e+01
2.264596805572509766e+02	2.969999999999999929e+01
2.289219903945922852e+02	2.973000000000000043e+01
2.313860719203948975e+02	2.976000000000000156e+01
2.338488597869873047e+02	2.976000000000000156e+01
2.363103480339050293e+02	2.976000000000000156e+01
2.387730107307434082e+02	2.976000000000000156e+01
2.412354657649993896e+02	2.976000000000000156e+01
2.436982855796813965e+02	2.976000000000000156e+01
2.461614117622375488e+02	2.973000000000000043e+01
2.486237151622772217e+02	2.973000000000000043e+01
2.510858519077301025e+02	2.973000000000000043e+01
2.535490684509277344e+02	2.969999999999999929e+01
2.560108458995819092e+02	2.969999999999999929e+01
2.584733495712280273e+02	2.969999999999999929e+01
2.609364330768585205e+02	2.969999999999999929e+01
2.633983926773071289e+02	2.973000000000000043e+01
2.658618509769439697e+02	2.973000000000000043e+01
2.683237144947052002e+02	2.969999999999999929e+01
2.707864389419555664e+02	2.973000000000000043e+01
2.732485523223876953e+02	2.973000000000000043e+01
2.757107899188995361e+02	2.969999999999999929e+01
2.781740045547485352e+02	2.973000000000000043e+01
2.806361632347106934e+02	2.969999999999999929e+01
2.830986788272857666e+02	2.969999999999999929e+01
2.855622708797454834e+02	2.969999999999999929e+01
2.880241425037384033e+02	2.969999999999999929e+01
2.904868123531341553e+02	2.966000000000000014e+01
2.929492635726928711e+02	2.973000000000000043e+01
2.954112262725830078e+02	2.973000000000000043e+01
2.978742744922637939e+02	2.969999999999999929e+01
3.003377616405487061e+02	2.969999999999999929e+01
3.027996823787689209e+02	2.969999999999999929e+01
3.052622613906860352e+02	2.973000000000000043e+01
3.077247493267059326e+02	2.969999999999999929e+01
3.101876549720764160e+02	2.969999999999999929e+01
3.126500773429870605e+02	2.969999999999999929e+01
3.151120367050170898e+02	2.969999999999999929e+01
3.175754716396331787e+02	2.969999999999999929e+01
3.200380795001983643e+02	2.969999999999999929e+01
3.225001633167266846e+02	2.969999999999999929e+01
3.249622557163238525e+02	2.973000000000000043e+01
3.274247407913208008e+02	2.969999999999999929e+01
3.298882043361663818e+02	2.973000000000000043e+01
3.323508584499359131e+02	2.969999999999999929e+01
3.348126270771026611e+02	2.969999999999999929e+01
3.372762069702148438e+02	2.969999999999999929e+01
3.397380070686340332e+02	2.969999999999999929e+01
3.422007389068603516e+02	2.969999999999999929e+01
3.446627533435821533e+02	2.969999999999999929e+01
3.471254992485046387e+02	2.969999999999999929e+01
3.495882558822631836e+02	2.973000000000000043e+01
3.520508413314819336e+02	2.969999999999999929e+01
3.545133032798767090e+02	2.962999999999999901e+01
3.569754199981689453e+02	2.969999999999999929e+01
3.594384126663208008e+02	2.969999999999999929e+01
3.619006502628326416e+02	2.969999999999999929e+01
3.643638648986816406e+02	2.969999999999999929e+01
3.668260605335235596e+02	2.966000000000000014e+01
3.692893383502960205e+02	2.962999999999999901e+01
3.717511782646179199e+02	2.966000000000000014e+01
3.742143354415893555e+02	2.969999999999999929e+01
3.766756854057312012e+02	2.976000000000000156e+01
3.791384177207946777e+02	2.966000000000000014e+01
3.816022822856903076e+02	2.966000000000000014e+01
3.840646126270294189e+02	2.969999999999999929e+01
3.865267033576965332e+02	2.973000000000000043e+01
3.889889547824859619e+02	2.966000000000000014e+01
3.914519875049591064e+02	2.966000000000000014e+01
3.939143357276916504e+02	2.969999999999999929e+01
3.963776264190673828e+02	2.973000000000000043e+01
3.988392710685729980e+02	2.973000000000000043e+01
4.013020367622375488e+02	2.962999999999999901e+01
4.037645249366760254e+02	2.969999999999999929e+01
4.062270565032958984e+02	2.973000000000000043e+01
4.086897306442260742e+02	2.973000000000000043e+01
4.111530539989471436e+02	2.976000000000000156e+01
4.136146392822265625e+02	2.973000000000000043e+01
4.160772569179534912e+02	2.969999999999999929e+01
4.185401830673217773e+02	2.966000000000000014e+01
4.210024991035461426e+02	2.973000000000000043e+01
4.234652700424194336e+02	2.966000000000000014e+01
4.259281210899353027e+02	2.969999999999999929e+01
4.283898763656616211e+02	2.969999999999999929e+01
4.308527202606201172e+02	2.969999999999999929e+01
4.333151934146881104e+02	2.969999999999999929e+01
4.357775120735168457e+02	2.962999999999999901e+01
4.382402584552764893e+02	2.966000000000000014e+01
4.407022099494934082e+02	2.966000000000000014e+01
