# 20220727
# time			temp			
0.000000000000000000e+00	2.976000000000000156e+01
2.462203979492187500e+00	2.976000000000000156e+01
4.925322771072387695e+00	2.966000000000000014e+01
7.388364315032958984e+00	2.966000000000000014e+01
9.850558996200561523e+00	2.973000000000000043e+01
1.231354260444641113e+01	2.973000000000000043e+01
1.477566671371459961e+01	2.976000000000000156e+01
1.723799228668212891e+01	2.976000000000000156e+01
1.970045471191406250e+01	2.976000000000000156e+01
2.216314244270324707e+01	2.976000000000000156e+01
2.462527108192443848e+01	2.980000000000000071e+01
2.708915567398071289e+01	2.976000000000000156e+01
2.955147719383239746e+01	2.973000000000000043e+01
3.201408648490905762e+01	2.976000000000000156e+01
3.447628474235534668e+01	2.973000000000000043e+01
3.693822145462036133e+01	2.973000000000000043e+01
3.940136289596557617e+01	2.980000000000000071e+01
4.186374545097351074e+01	2.976000000000000156e+01
4.432628512382507324e+01	2.973000000000000043e+01
4.678965377807617188e+01	2.976000000000000156e+01
4.925145769119262695e+01	2.976000000000000156e+01
5.171484661102294922e+01	2.976000000000000156e+01
5.417723917961120605e+01	2.973000000000000043e+01
5.663923048973083496e+01	2.980000000000000071e+01
5.910222315788269043e+01	2.976000000000000156e+01
6.156418204307556152e+01	2.980000000000000071e+01
6.402617216110229492e+01	2.976000000000000156e+01
6.648925971984863281e+01	2.976000000000000156e+01
6.895239281654357910e+01	2.980000000000000071e+01
7.141433072090148926e+01	2.976000000000000156e+01
7.387757301330566406e+01	2.980000000000000071e+01
7.634006190299987793e+01	2.980000000000000071e+01
7.880204534530639648e+01	2.982999999999999829e+01
8.126472997665405273e+01	2.976000000000000156e+01
8.372710847854614258e+01	2.976000000000000156e+01
8.619010806083679199e+01	2.976000000000000156e+01
8.865176534652709961e+01	2.982999999999999829e+01
9.111532545089721680e+01	2.980000000000000071e+01
9.357754349708557129e+01	2.985999999999999943e+01
9.604022240638732910e+01	2.980000000000000071e+01
9.850244450569152832e+01	2.976000000000000156e+01
1.009652409553527832e+02	2.976000000000000156e+01
1.034282200336456299e+02	2.976000000000000156e+01
1.058901896476745605e+02	2.976000000000000156e+01
1.083527710437774658e+02	2.976000000000000156e+01
1.108158164024353027e+02	2.973000000000000043e+01
1.132778899669647217e+02	2.980000000000000071e+01
1.157401833534240723e+02	2.976000000000000156e+01
1.182022809982299805e+02	2.976000000000000156e+01
1.206652436256408691e+02	2.976000000000000156e+01
1.231287147998809814e+02	2.976000000000000156e+01
1.255909366607666016e+02	2.976000000000000156e+01
1.280536758899688721e+02	2.976000000000000156e+01
1.305160698890686035e+02	2.980000000000000071e+01
1.329780490398406982e+02	2.976000000000000156e+01
1.354405307769775391e+02	2.980000000000000071e+01
1.379031398296356201e+02	2.980000000000000071e+01
1.403657035827636719e+02	2.976000000000000156e+01
1.428293011188507080e+02	2.980000000000000071e+01
1.452908351421356201e+02	2.980000000000000071e+01
1.477533140182495117e+02	2.976000000000000156e+01
1.502154793739318848e+02	2.976000000000000156e+01
1.526779484748840332e+02	2.969999999999999929e+01
1.551416666507720947e+02	2.976000000000000156e+01
1.576039276123046875e+02	2.976000000000000156e+01
1.600665237903594971e+02	2.976000000000000156e+01
1.625296428203582764e+02	2.976000000000000156e+01
1.649912154674530029e+02	2.976000000000000156e+01
1.674544129371643066e+02	2.973000000000000043e+01
1.699175190925598145e+02	2.976000000000000156e+01
1.723795406818389893e+02	2.982999999999999829e+01
1.748425619602203369e+02	2.982999999999999829e+01
1.773044469356536865e+02	2.976000000000000156e+01
1.797673182487487793e+02	2.973000000000000043e+01
1.822304503917694092e+02	2.976000000000000156e+01
1.846917145252227783e+02	2.976000000000000156e+01
1.871547126770019531e+02	2.976000000000000156e+01
1.896174728870391846e+02	2.976000000000000156e+01
1.920803523063659668e+02	2.976000000000000156e+01
1.945415852069854736e+02	2.973000000000000043e+01
1.970047783851623535e+02	2.973000000000000043e+01
1.994681780338287354e+02	2.976000000000000156e+01
2.019292573928833008e+02	2.973000000000000043e+01
2.043923797607421875e+02	2.976000000000000156e+01
2.068553962707519531e+02	2.980000000000000071e+01
2.093177027702331543e+02	2.976000000000000156e+01
2.117805230617523193e+02	2.980000000000000071e+01
2.142429490089416504e+02	2.976000000000000156e+01
2.167049026489257812e+02	2.976000000000000156e+01
2.191672368049621582e+02	2.980000000000000071e+01
2.216309306621551514e+02	2.980000000000000071e+01
2.240928425788879395e+02	2.989999999999999858e+01
2.265546030998229980e+02	2.982999999999999829e+01
2.290186474323272705e+02	2.982999999999999829e+01
2.314804716110229492e+02	2.982999999999999829e+01
2.339430863857269287e+02	2.980000000000000071e+01
2.364068133831024170e+02	2.976000000000000156e+01
2.388677299022674561e+02	2.980000000000000071e+01
2.413312702178955078e+02	2.973000000000000043e+01
2.437931900024414062e+02	2.980000000000000071e+01
2.462563252449035645e+02	2.985999999999999943e+01
2.487190582752227783e+02	2.982999999999999829e+01
2.511816630363464355e+02	2.976000000000000156e+01
2.536429560184478760e+02	2.976000000000000156e+01
2.561067862510681152e+02	2.980000000000000071e+01
2.585683958530426025e+02	2.980000000000000071e+01
2.610312607288360596e+02	2.973000000000000043e+01
2.634937407970428467e+02	2.982999999999999829e+01
2.659565846920013428e+02	2.969999999999999929e+01
2.684189474582672119e+02	2.976000000000000156e+01
2.708818612098693848e+02	2.976000000000000156e+01
2.733447761535644531e+02	2.976000000000000156e+01
2.758069727420806885e+02	2.976000000000000156e+01
2.782695951461791992e+02	2.973000000000000043e+01
2.807321097850799561e+02	2.973000000000000043e+01
2.831943938732147217e+02	2.973000000000000043e+01
2.856566495895385742e+02	2.973000000000000043e+01
2.881197087764739990e+02	2.973000000000000043e+01
2.905813262462615967e+02	2.973000000000000043e+01
2.930446064472198486e+02	2.973000000000000043e+01
2.955076630115509033e+02	2.976000000000000156e+01
2.979696130752563477e+02	2.973000000000000043e+01
3.004318439960479736e+02	2.976000000000000156e+01
3.028950264453887939e+02	2.973000000000000043e+01
3.053572089672088623e+02	2.976000000000000156e+01
3.078200602531433105e+02	2.973000000000000043e+01
3.102826426029205322e+02	2.980000000000000071e+01
3.127445240020751953e+02	2.980000000000000071e+01
3.152081067562103271e+02	2.980000000000000071e+01
3.176695573329925537e+02	2.980000000000000071e+01
3.201331515312194824e+02	2.980000000000000071e+01
3.225954072475433350e+02	2.982999999999999829e+01
3.250586280822753906e+02	2.976000000000000156e+01
3.275213489532470703e+02	2.982999999999999829e+01
3.299831149578094482e+02	2.985999999999999943e+01
3.324459414482116699e+02	2.982999999999999829e+01
3.349085557460784912e+02	2.985999999999999943e+01
3.373713243007659912e+02	2.980000000000000071e+01
3.398332564830780029e+02	2.982999999999999829e+01
3.422955298423767090e+02	2.980000000000000071e+01
3.447584507465362549e+02	2.980000000000000071e+01
3.472210052013397217e+02	2.973000000000000043e+01
3.496833896636962891e+02	2.980000000000000071e+01
3.521461634635925293e+02	2.982999999999999829e+01
3.546081461906433105e+02	2.973000000000000043e+01
3.570714051723480225e+02	2.973000000000000043e+01
3.595338778495788574e+02	2.976000000000000156e+01
3.619969339370727539e+02	2.976000000000000156e+01
3.644587142467498779e+02	2.976000000000000156e+01
3.669222855567932129e+02	2.980000000000000071e+01
3.693847203254699707e+02	2.973000000000000043e+01
3.718466956615447998e+02	2.976000000000000156e+01
3.743093185424804688e+02	2.976000000000000156e+01
3.767722439765930176e+02	2.976000000000000156e+01
3.792343437671661377e+02	2.980000000000000071e+01
3.816973495483398438e+02	2.980000000000000071e+01
3.841591839790344238e+02	2.980000000000000071e+01
3.866214351654052734e+02	2.980000000000000071e+01
3.890852961540222168e+02	2.976000000000000156e+01
3.915468947887420654e+02	2.976000000000000156e+01
3.940095758438110352e+02	2.976000000000000156e+01
3.964729585647583008e+02	2.980000000000000071e+01
3.989347689151763916e+02	2.976000000000000156e+01
4.013979063034057617e+02	2.976000000000000156e+01
4.038608112335205078e+02	2.973000000000000043e+01
4.063223567008972168e+02	2.976000000000000156e+01
4.087852139472961426e+02	2.980000000000000071e+01
4.112474977970123291e+02	2.980000000000000071e+01
4.137104222774505615e+02	2.976000000000000156e+01
4.161734576225280762e+02	2.980000000000000071e+01
4.186349041461944580e+02	2.976000000000000156e+01
4.210980284214019775e+02	2.976000000000000156e+01
4.235604295730590820e+02	2.980000000000000071e+01
4.260234684944152832e+02	2.976000000000000156e+01
4.284851489067077637e+02	2.976000000000000156e+01
4.309488093852996826e+02	2.980000000000000071e+01
4.334114887714385986e+02	2.976000000000000156e+01
4.358738272190093994e+02	2.980000000000000071e+01
4.383362696170806885e+02	2.980000000000000071e+01
4.407988538742065430e+02	2.966000000000000014e+01
