# 20220727
# time			temp			
0.000000000000000000e+00	2.966000000000000014e+01
2.462321281433105469e+00	2.958999999999999986e+01
4.924860715866088867e+00	2.958999999999999986e+01
7.387248992919921875e+00	2.962999999999999901e+01
9.850712776184082031e+00	2.962999999999999901e+01
1.231323289871215820e+01	2.962999999999999901e+01
1.477476429939270020e+01	2.962999999999999901e+01
1.723794913291931152e+01	2.962999999999999901e+01
1.969975209236145020e+01	2.962999999999999901e+01
2.216323852539062500e+01	2.958999999999999986e+01
2.462525272369384766e+01	2.962999999999999901e+01
2.708761191368103027e+01	2.966000000000000014e+01
2.955052590370178223e+01	2.962999999999999901e+01
3.201308727264404297e+01	2.958999999999999986e+01
3.447541737556457520e+01	2.966000000000000014e+01
3.693806385993957520e+01	2.962999999999999901e+01
3.940084886550903320e+01	2.962999999999999901e+01
4.186282610893249512e+01	2.962999999999999901e+01
4.432585692405700684e+01	2.955999999999999872e+01
4.678782773017883301e+01	2.962999999999999901e+01
4.925070047378540039e+01	2.962999999999999901e+01
5.171323871612548828e+01	2.966000000000000014e+01
5.417613458633422852e+01	2.962999999999999901e+01
5.663858103752136230e+01	2.958999999999999986e+01
5.910062479972839355e+01	2.958999999999999986e+01
6.156400656700134277e+01	2.962999999999999901e+01
6.402632284164428711e+01	2.962999999999999901e+01
6.648957896232604980e+01	2.962999999999999901e+01
6.895174288749694824e+01	2.962999999999999901e+01
7.141388797760009766e+01	2.962999999999999901e+01
7.387668347358703613e+01	2.958999999999999986e+01
7.633888316154479980e+01	2.966000000000000014e+01
7.880153203010559082e+01	2.962999999999999901e+01
8.126381874084472656e+01	2.962999999999999901e+01
8.372640919685363770e+01	2.966000000000000014e+01
8.618913912773132324e+01	2.966000000000000014e+01
8.865229105949401855e+01	2.966000000000000014e+01
9.111423087120056152e+01	2.969999999999999929e+01
9.357628798484802246e+01	2.973000000000000043e+01
9.603878426551818848e+01	2.969999999999999929e+01
9.850159311294555664e+01	2.969999999999999929e+01
1.009649627208709717e+02	2.966000000000000014e+01
1.034267716407775879e+02	2.969999999999999929e+01
1.058893675804138184e+02	2.969999999999999929e+01
1.083527646064758301e+02	2.973000000000000043e+01
1.108149900436401367e+02	2.973000000000000043e+01
1.132768714427947998e+02	2.969999999999999929e+01
1.157390158176422119e+02	2.969999999999999929e+01
1.182019000053405762e+02	2.969999999999999929e+01
1.206641042232513428e+02	2.973000000000000043e+01
1.231275911331176758e+02	2.969999999999999929e+01
1.255907731056213379e+02	2.969999999999999929e+01
1.280524029731750488e+02	2.969999999999999929e+01
1.305154957771301270e+02	2.969999999999999929e+01
1.329776041507720947e+02	2.969999999999999929e+01
1.354397299289703369e+02	2.973000000000000043e+01
1.379028441905975342e+02	2.966000000000000014e+01
1.403649199008941650e+02	2.969999999999999929e+01
1.428273200988769531e+02	2.969999999999999929e+01
1.452901310920715332e+02	2.966000000000000014e+01
1.477529010772705078e+02	2.969999999999999929e+01
1.502153828144073486e+02	2.973000000000000043e+01
1.526782915592193604e+02	2.973000000000000043e+01
1.551405551433563232e+02	2.973000000000000043e+01
1.576028161048889160e+02	2.969999999999999929e+01
1.600656948089599609e+02	2.973000000000000043e+01
1.625284171104431152e+02	2.976000000000000156e+01
1.649914352893829346e+02	2.969999999999999929e+01
1.674538631439208984e+02	2.976000000000000156e+01
1.699165899753570557e+02	2.969999999999999929e+01
1.723784646987915039e+02	2.973000000000000043e+01
1.748407547473907471e+02	2.973000000000000043e+01
1.773032855987548828e+02	2.966000000000000014e+01
1.797655184268951416e+02	2.966000000000000014e+01
1.822287366390228271e+02	2.962999999999999901e+01
1.846911244392395020e+02	2.958999999999999986e+01
1.871537492275238037e+02	2.966000000000000014e+01
1.896165442466735840e+02	2.962999999999999901e+01
1.920787410736083984e+02	2.962999999999999901e+01
1.945419118404388428e+02	2.962999999999999901e+01
1.970041284561157227e+02	2.962999999999999901e+01
1.994668381214141846e+02	2.958999999999999986e+01
2.019291524887084961e+02	2.962999999999999901e+01
2.043914611339569092e+02	2.958999999999999986e+01
2.068533074855804443e+02	2.958999999999999986e+01
2.093169412612915039e+02	2.962999999999999901e+01
2.117785570621490479e+02	2.958999999999999986e+01
2.142423446178436279e+02	2.958999999999999986e+01
2.167043297290802002e+02	2.955999999999999872e+01
2.191668291091918945e+02	2.958999999999999986e+01
2.216297898292541504e+02	2.955999999999999872e+01
2.240921106338500977e+02	2.958999999999999986e+01
2.265545530319213867e+02	2.958999999999999986e+01
2.290176136493682861e+02	2.955999999999999872e+01
2.314796791076660156e+02	2.962999999999999901e+01
2.339418232440948486e+02	2.958999999999999986e+01
2.364045116901397705e+02	2.958999999999999986e+01
2.388673486709594727e+02	2.958999999999999986e+01
2.413300166130065918e+02	2.955999999999999872e+01
2.437922825813293457e+02	2.962999999999999901e+01
2.462552363872528076e+02	2.958999999999999986e+01
2.487173280715942383e+02	2.962999999999999901e+01
2.511802937984466553e+02	2.958999999999999986e+01
2.536426436901092529e+02	2.966000000000000014e+01
2.561049017906188965e+02	2.966000000000000014e+01
2.585674650669097900e+02	2.958999999999999986e+01
2.610305378437042236e+02	2.966000000000000014e+01
2.634930112361907959e+02	2.962999999999999901e+01
2.659555845260620117e+02	2.962999999999999901e+01
2.684185752868652344e+02	2.962999999999999901e+01
2.708805539608001709e+02	2.966000000000000014e+01
2.733427615165710449e+02	2.966000000000000014e+01
2.758051903247833252e+02	2.969999999999999929e+01
2.782679841518402100e+02	2.969999999999999929e+01
2.807306153774261475e+02	2.969999999999999929e+01
2.831937117576599121e+02	2.969999999999999929e+01
2.856551785469055176e+02	2.966000000000000014e+01
2.881184453964233398e+02	2.966000000000000014e+01
2.905810787677764893e+02	2.969999999999999929e+01
2.930437092781066895e+02	2.969999999999999929e+01
2.955057258605957031e+02	2.966000000000000014e+01
2.979690451622009277e+02	2.969999999999999929e+01
3.004307703971862793e+02	2.966000000000000014e+01
3.028941342830657959e+02	2.969999999999999929e+01
3.053559417724609375e+02	2.973000000000000043e+01
3.078192498683929443e+02	2.966000000000000014e+01
3.102818796634674072e+02	2.966000000000000014e+01
3.127431888580322266e+02	2.969999999999999929e+01
3.152074906826019287e+02	2.969999999999999929e+01
3.176695289611816406e+02	2.966000000000000014e+01
3.201320674419403076e+02	2.966000000000000014e+01
3.225938560962677002e+02	2.969999999999999929e+01
3.250571899414062500e+02	2.966000000000000014e+01
3.275198965072631836e+02	2.969999999999999929e+01
3.299818301200866699e+02	2.973000000000000043e+01
3.324446723461151123e+02	2.973000000000000043e+01
3.349068233966827393e+02	2.973000000000000043e+01
3.373693971633911133e+02	2.976000000000000156e+01
3.398317861557006836e+02	2.976000000000000156e+01
3.422952444553375244e+02	2.973000000000000043e+01
3.447569291591644287e+02	2.976000000000000156e+01
3.472199118137359619e+02	2.976000000000000156e+01
3.496826560497283936e+02	2.973000000000000043e+01
3.521455466747283936e+02	2.973000000000000043e+01
3.546078045368194580e+02	2.973000000000000043e+01
3.570697381496429443e+02	2.973000000000000043e+01
3.595329802036285400e+02	2.969999999999999929e+01
3.619948499202728271e+02	2.969999999999999929e+01
3.644580256938934326e+02	2.966000000000000014e+01
3.669204604625701904e+02	2.969999999999999929e+01
3.693825595378875732e+02	2.969999999999999929e+01
3.718451023101806641e+02	2.969999999999999929e+01
3.743085353374481201e+02	2.969999999999999929e+01
3.767700302600860596e+02	2.969999999999999929e+01
3.792328763008117676e+02	2.966000000000000014e+01
3.816959185600280762e+02	2.962999999999999901e+01
3.841588051319122314e+02	2.962999999999999901e+01
3.866211829185485840e+02	2.962999999999999901e+01
3.890836923122406006e+02	2.962999999999999901e+01
3.915456786155700684e+02	2.966000000000000014e+01
3.940081360340118408e+02	2.962999999999999901e+01
3.964705560207366943e+02	2.958999999999999986e+01
3.989335901737213135e+02	2.955999999999999872e+01
4.013958373069763184e+02	2.955999999999999872e+01
4.038586454391479492e+02	2.958999999999999986e+01
4.063217067718505859e+02	2.958999999999999986e+01
4.087838406562805176e+02	2.958999999999999986e+01
4.112462770938873291e+02	2.958999999999999986e+01
4.137082664966583252e+02	2.962999999999999901e+01
4.161712892055511475e+02	2.962999999999999901e+01
4.186335899829864502e+02	2.962999999999999901e+01
4.210963416099548340e+02	2.962999999999999901e+01
4.235585315227508545e+02	2.966000000000000014e+01
4.260213160514831543e+02	2.966000000000000014e+01
4.284847915172576904e+02	2.966000000000000014e+01
4.309465487003326416e+02	2.962999999999999901e+01
4.334090981483459473e+02	2.962999999999999901e+01
4.358722074031829834e+02	2.966000000000000014e+01
4.383338525295257568e+02	2.966000000000000014e+01
4.407966508865356445e+02	2.962999999999999901e+01
