# 20220727
# time			temp			
0.000000000000000000e+00	2.857999999999999829e+01
2.462962388992309570e+00	2.864999999999999858e+01
4.924483060836791992e+00	2.867999999999999972e+01
7.386846303939819336e+00	2.864999999999999858e+01
9.849189758300781250e+00	2.860999999999999943e+01
1.231136035919189453e+01	2.864999999999999858e+01
1.477333307266235352e+01	2.860999999999999943e+01
1.723605966567993164e+01	2.857999999999999829e+01
1.969802474975585938e+01	2.853999999999999915e+01
2.215998339653015137e+01	2.851000000000000156e+01
2.462217617034912109e+01	2.851000000000000156e+01
2.708382773399353027e+01	2.851000000000000156e+01
2.954642844200134277e+01	2.844000000000000128e+01
3.200824809074401855e+01	2.844000000000000128e+01
3.447080373764038086e+01	2.841000000000000014e+01
3.693214488029479980e+01	2.837000000000000099e+01
3.939487791061401367e+01	2.833999999999999986e+01
4.185649371147155762e+01	2.833999999999999986e+01
4.431869506835937500e+01	2.826999999999999957e+01
4.678057932853698730e+01	2.823999999999999844e+01
4.924338841438293457e+01	2.826999999999999957e+01
5.170500588417053223e+01	2.817000000000000171e+01
5.416772770881652832e+01	2.817000000000000171e+01
5.662980437278747559e+01	2.814000000000000057e+01
5.909181141853332520e+01	2.810000000000000142e+01
6.155378913879394531e+01	2.807000000000000028e+01
6.401632833480834961e+01	2.803999999999999915e+01
6.647798323631286621e+01	2.807000000000000028e+01
6.893925380706787109e+01	2.800000000000000000e+01
7.140221619606018066e+01	2.800000000000000000e+01
7.386367321014404297e+01	2.792999999999999972e+01
7.632576537132263184e+01	2.789999999999999858e+01
7.878772544860839844e+01	2.792999999999999972e+01
8.125040245056152344e+01	2.787000000000000099e+01
8.371287465095520020e+01	2.787000000000000099e+01
8.617437386512756348e+01	2.782999999999999829e+01
8.863644814491271973e+01	2.766000000000000014e+01
9.109872961044311523e+01	2.773000000000000043e+01
9.356133794784545898e+01	2.776999999999999957e+01
9.602382946014404297e+01	2.769999999999999929e+01
9.848468995094299316e+01	2.769999999999999929e+01
1.009478714466094971e+02	2.762999999999999901e+01
1.034094274044036865e+02	2.760000000000000142e+01
1.058711099624633789e+02	2.760000000000000142e+01
1.083333787918090820e+02	2.753000000000000114e+01
1.107953424453735352e+02	2.755999999999999872e+01
1.132584347724914551e+02	2.753000000000000114e+01
1.157197909355163574e+02	2.746000000000000085e+01
1.181826901435852051e+02	2.746000000000000085e+01
1.206449360847473145e+02	2.739000000000000057e+01
1.231070580482482910e+02	2.742999999999999972e+01
1.255684690475463867e+02	2.739000000000000057e+01
1.280310673713684082e+02	2.735999999999999943e+01
1.304925296306610107e+02	2.735999999999999943e+01
1.329545352458953857e+02	2.735999999999999943e+01
1.354169209003448486e+02	2.732999999999999829e+01
1.378785178661346436e+02	2.728999999999999915e+01
1.403412387371063232e+02	2.728999999999999915e+01
1.428031985759735107e+02	2.721999999999999886e+01
1.452652311325073242e+02	2.721999999999999886e+01
1.477277059555053711e+02	2.719000000000000128e+01
1.501893103122711182e+02	2.716000000000000014e+01
1.526521477699279785e+02	2.712000000000000099e+01
1.551140401363372803e+02	2.716000000000000014e+01
1.575755066871643066e+02	2.712000000000000099e+01
1.600379974842071533e+02	2.708999999999999986e+01
1.624994633197784424e+02	2.708999999999999986e+01
1.649623608589172363e+02	2.708999999999999986e+01
1.674247214794158936e+02	2.705000000000000071e+01
1.698862812519073486e+02	2.705000000000000071e+01
1.723487734794616699e+02	2.692000000000000171e+01
1.748100833892822266e+02	2.698999999999999844e+01
1.772724506855010986e+02	2.698999999999999844e+01
1.797343394756317139e+02	2.692000000000000171e+01
1.821973028182983398e+02	2.694999999999999929e+01
1.846590650081634521e+02	2.687999999999999901e+01
1.871211521625518799e+02	2.685000000000000142e+01
1.895832233428955078e+02	2.682000000000000028e+01
1.920451755523681641e+02	2.685000000000000142e+01
1.945073642730712891e+02	2.685000000000000142e+01
1.969691536426544189e+02	2.682000000000000028e+01
1.994318387508392334e+02	2.675000000000000000e+01
2.018932194709777832e+02	2.675000000000000000e+01
2.043562912940979004e+02	2.671999999999999886e+01
2.068179156780242920e+02	2.671999999999999886e+01
2.092800652980804443e+02	2.671999999999999886e+01
2.117421243190765381e+02	2.667999999999999972e+01
2.142042121887207031e+02	2.664999999999999858e+01
2.166660795211791992e+02	2.660999999999999943e+01
2.191284089088439941e+02	2.660999999999999943e+01
2.215907313823699951e+02	2.660999999999999943e+01
2.240531039237976074e+02	2.655000000000000071e+01
2.265150320529937744e+02	2.657999999999999829e+01
2.289767143726348877e+02	2.655000000000000071e+01
2.314391100406646729e+02	2.648000000000000043e+01
2.339013001918792725e+02	2.648000000000000043e+01
2.363631324768066406e+02	2.644000000000000128e+01
2.388250491619110107e+02	2.644000000000000128e+01
2.412874751091003418e+02	2.641000000000000014e+01
2.437500123977661133e+02	2.641000000000000014e+01
2.462121746540069580e+02	2.633999999999999986e+01
2.486740608215332031e+02	2.641000000000000014e+01
2.511353700160980225e+02	2.637999999999999901e+01
2.535979650020599365e+02	2.630999999999999872e+01
2.560602204799652100e+02	2.630999999999999872e+01
2.585210537910461426e+02	2.628000000000000114e+01
2.609837658405303955e+02	2.623999999999999844e+01
2.634463644027709961e+02	2.623999999999999844e+01
2.659083397388458252e+02	2.621000000000000085e+01
2.683701581954956055e+02	2.623999999999999844e+01
2.708320674896240234e+02	2.621000000000000085e+01
2.732942070960998535e+02	2.617000000000000171e+01
2.757566156387329102e+02	2.621000000000000085e+01
2.782187721729278564e+02	2.617000000000000171e+01
2.806809363365173340e+02	2.614000000000000057e+01
2.831436035633087158e+02	2.610999999999999943e+01
2.856052539348602295e+02	2.610999999999999943e+01
2.880673277378082275e+02	2.607000000000000028e+01
2.905288956165313721e+02	2.610999999999999943e+01
2.929912817478179932e+02	2.607000000000000028e+01
2.954541244506835938e+02	2.607000000000000028e+01
2.979153821468353271e+02	2.603999999999999915e+01
3.003782401084899902e+02	2.601000000000000156e+01
3.028391730785369873e+02	2.601000000000000156e+01
3.053014836311340332e+02	2.596999999999999886e+01
3.077639515399932861e+02	2.596999999999999886e+01
3.102265386581420898e+02	2.601000000000000156e+01
3.126889362335205078e+02	2.594000000000000128e+01
3.151509995460510254e+02	2.589999999999999858e+01
3.176131272315979004e+02	2.589999999999999858e+01
3.200742385387420654e+02	2.583999999999999986e+01
3.225370798110961914e+02	2.587000000000000099e+01
3.249986708164215088e+02	2.583999999999999986e+01
3.274608495235443115e+02	2.587000000000000099e+01
3.299234757423400879e+02	2.580000000000000071e+01
3.323853540420532227e+02	2.576999999999999957e+01
3.348470299243927002e+02	2.576999999999999957e+01
3.373092718124389648e+02	2.580000000000000071e+01
3.397713091373443604e+02	2.573000000000000043e+01
3.422330293655395508e+02	2.569999999999999929e+01
3.446962337493896484e+02	2.573000000000000043e+01
3.471578228473663330e+02	2.569999999999999929e+01
3.496200079917907715e+02	2.569999999999999929e+01
3.520819969177246094e+02	2.569999999999999929e+01
3.545443024635314941e+02	2.562999999999999901e+01
3.570062973499298096e+02	2.560000000000000142e+01
3.594680850505828857e+02	2.562999999999999901e+01
3.619300830364227295e+02	2.557000000000000028e+01
3.643920793533325195e+02	2.560000000000000142e+01
3.668540008068084717e+02	2.557000000000000028e+01
3.693166441917419434e+02	2.557000000000000028e+01
3.717781398296356201e+02	2.557000000000000028e+01
3.742409992218017578e+02	2.557000000000000028e+01
3.767030816078186035e+02	2.550000000000000000e+01
3.791646349430084229e+02	2.550000000000000000e+01
3.816271259784698486e+02	2.553000000000000114e+01
3.840887320041656494e+02	2.546000000000000085e+01
3.865517625808715820e+02	2.550000000000000000e+01
3.890133612155914307e+02	2.546000000000000085e+01
3.914753694534301758e+02	2.546000000000000085e+01
3.939372150897979736e+02	2.546000000000000085e+01
3.964001665115356445e+02	2.542999999999999972e+01
3.988609945774078369e+02	2.539999999999999858e+01
4.013236858844757080e+02	2.542999999999999972e+01
4.037863078117370605e+02	2.539999999999999858e+01
4.062483925819396973e+02	2.535999999999999943e+01
4.087097630500793457e+02	2.532999999999999829e+01
4.111720547676086426e+02	2.535999999999999943e+01
4.136342933177947998e+02	2.532999999999999829e+01
4.160966184139251709e+02	2.532999999999999829e+01
4.185585761070251465e+02	2.532999999999999829e+01
4.210203320980072021e+02	2.528999999999999915e+01
4.234827916622161865e+02	2.523000000000000043e+01
4.259447524547576904e+02	2.526000000000000156e+01
4.284072015285491943e+02	2.523000000000000043e+01
4.308689126968383789e+02	2.523000000000000043e+01
4.333308310508728027e+02	2.523000000000000043e+01
4.357929623126983643e+02	2.523000000000000043e+01
4.382557706832885742e+02	2.523000000000000043e+01
4.407175483703613281e+02	2.516000000000000014e+01
