# 20220727
# time			temp			
0.000000000000000000e+00	2.962999999999999901e+01
2.462558746337890625e+00	2.962999999999999901e+01
4.925405740737915039e+00	2.958999999999999986e+01
7.386563777923583984e+00	2.966000000000000014e+01
9.850264787673950195e+00	2.958999999999999986e+01
1.231233620643615723e+01	2.962999999999999901e+01
1.477499794960021973e+01	2.962999999999999901e+01
1.723733305931091309e+01	2.958999999999999986e+01
1.965388321876525879e+01	2.958999999999999986e+01
2.211649417877197266e+01	2.962999999999999901e+01
2.457891702651977539e+01	2.966000000000000014e+01
2.704154753684997559e+01	2.962999999999999901e+01
2.950369930267333984e+01	2.966000000000000014e+01
3.196605205535888672e+01	2.962999999999999901e+01
3.438260483741760254e+01	2.962999999999999901e+01
3.684507632255554199e+01	2.962999999999999901e+01
3.930767679214477539e+01	2.966000000000000014e+01
4.177067065238952637e+01	2.966000000000000014e+01
4.423330783843994141e+01	2.966000000000000014e+01
4.669574594497680664e+01	2.973000000000000043e+01
4.915793013572692871e+01	2.966000000000000014e+01
5.162083697319030762e+01	2.969999999999999929e+01
5.408364915847778320e+01	2.973000000000000043e+01
5.654629540443420410e+01	2.969999999999999929e+01
5.900876498222351074e+01	2.973000000000000043e+01
6.147050142288208008e+01	2.976000000000000156e+01
6.393350625038146973e+01	2.969999999999999929e+01
6.639517164230346680e+01	2.969999999999999929e+01
6.885883641242980957e+01	2.969999999999999929e+01
7.132093811035156250e+01	2.966000000000000014e+01
7.378421568870544434e+01	2.966000000000000014e+01
7.624571585655212402e+01	2.966000000000000014e+01
7.870841908454895020e+01	2.969999999999999929e+01
8.117088627815246582e+01	2.966000000000000014e+01
8.363370823860168457e+01	2.962999999999999901e+01
8.609601974487304688e+01	2.958999999999999986e+01
8.855872797966003418e+01	2.955999999999999872e+01
9.102170705795288086e+01	2.962999999999999901e+01
9.348437452316284180e+01	2.958999999999999986e+01
9.594725632667541504e+01	2.962999999999999901e+01
9.840832209587097168e+01	2.958999999999999986e+01
1.008723025321960449e+02	2.962999999999999901e+01
1.033336284160614014e+02	2.962999999999999901e+01
1.057972450256347656e+02	2.958999999999999986e+01
1.082592036724090576e+02	2.958999999999999986e+01
1.107216410636901855e+02	2.958999999999999986e+01
1.131844909191131592e+02	2.958999999999999986e+01
1.156464524269104004e+02	2.962999999999999901e+01
1.181097931861877441e+02	2.962999999999999901e+01
1.205727419853210449e+02	2.962999999999999901e+01
1.230342311859130859e+02	2.962999999999999901e+01
1.254970266819000244e+02	2.962999999999999901e+01
1.279601581096649170e+02	2.966000000000000014e+01
1.304219901561737061e+02	2.966000000000000014e+01
1.328848021030426025e+02	2.966000000000000014e+01
1.353468027114868164e+02	2.962999999999999901e+01
1.378102343082427979e+02	2.962999999999999901e+01
1.402728507518768311e+02	2.962999999999999901e+01
1.427357063293457031e+02	2.966000000000000014e+01
1.451979312896728516e+02	2.966000000000000014e+01
1.476597347259521484e+02	2.962999999999999901e+01
1.501224861145019531e+02	2.966000000000000014e+01
1.525852348804473877e+02	2.966000000000000014e+01
1.550475842952728271e+02	2.969999999999999929e+01
1.575105702877044678e+02	2.966000000000000014e+01
1.599728901386260986e+02	2.966000000000000014e+01
1.624350314140319824e+02	2.966000000000000014e+01
1.648983809947967529e+02	2.966000000000000014e+01
1.673595895767211914e+02	2.966000000000000014e+01
1.698234713077545166e+02	2.966000000000000014e+01
1.722855162620544434e+02	2.969999999999999929e+01
1.747485215663909912e+02	2.966000000000000014e+01
1.772108225822448730e+02	2.969999999999999929e+01
1.796730186939239502e+02	2.966000000000000014e+01
1.821356184482574463e+02	2.966000000000000014e+01
1.845983757972717285e+02	2.962999999999999901e+01
1.870611872673034668e+02	2.966000000000000014e+01
1.895232441425323486e+02	2.962999999999999901e+01
1.919856746196746826e+02	2.966000000000000014e+01
1.944481484889984131e+02	2.962999999999999901e+01
1.969108881950378418e+02	2.962999999999999901e+01
1.993728537559509277e+02	2.966000000000000014e+01
2.018363792896270752e+02	2.966000000000000014e+01
2.042981853485107422e+02	2.958999999999999986e+01
2.067616133689880371e+02	2.966000000000000014e+01
2.092236878871917725e+02	2.962999999999999901e+01
2.116866712570190430e+02	2.966000000000000014e+01
2.141496605873107910e+02	2.966000000000000014e+01
2.166121511459350586e+02	2.966000000000000014e+01
2.190747923851013184e+02	2.966000000000000014e+01
2.215366890430450439e+02	2.962999999999999901e+01
2.239989154338836670e+02	2.966000000000000014e+01
2.264623756408691406e+02	2.966000000000000014e+01
2.289248304367065430e+02	2.962999999999999901e+01
2.313862917423248291e+02	2.966000000000000014e+01
2.338495197296142578e+02	2.962999999999999901e+01
2.363117589950561523e+02	2.966000000000000014e+01
2.387747757434844971e+02	2.966000000000000014e+01
2.412375733852386475e+02	2.958999999999999986e+01
2.436993961334228516e+02	2.966000000000000014e+01
2.461626186370849609e+02	2.962999999999999901e+01
2.486242654323577881e+02	2.962999999999999901e+01
2.510868706703186035e+02	2.962999999999999901e+01
2.535497043132781982e+02	2.962999999999999901e+01
2.560127942562103271e+02	2.966000000000000014e+01
2.584745039939880371e+02	2.962999999999999901e+01
2.609376254081726074e+02	2.966000000000000014e+01
2.633995938301086426e+02	2.962999999999999901e+01
2.658628699779510498e+02	2.962999999999999901e+01
2.683243536949157715e+02	2.962999999999999901e+01
2.707882599830627441e+02	2.966000000000000014e+01
2.732499618530273438e+02	2.966000000000000014e+01
2.757129123210906982e+02	2.962999999999999901e+01
2.781751534938812256e+02	2.962999999999999901e+01
2.806382050514221191e+02	2.966000000000000014e+01
2.831008577346801758e+02	2.962999999999999901e+01
2.855635857582092285e+02	2.966000000000000014e+01
2.880258769989013672e+02	2.966000000000000014e+01
2.904875175952911377e+02	2.966000000000000014e+01
2.929508244991302490e+02	2.969999999999999929e+01
2.954124603271484375e+02	2.969999999999999929e+01
2.978752851486206055e+02	2.966000000000000014e+01
3.003374781608581543e+02	2.969999999999999929e+01
3.028009257316589355e+02	2.969999999999999929e+01
3.052637350559234619e+02	2.966000000000000014e+01
3.077262949943542480e+02	2.966000000000000014e+01
3.101883709430694580e+02	2.969999999999999929e+01
3.126504459381103516e+02	2.969999999999999929e+01
3.151134278774261475e+02	2.966000000000000014e+01
3.175761780738830566e+02	2.962999999999999901e+01
3.200388484001159668e+02	2.962999999999999901e+01
3.225014917850494385e+02	2.962999999999999901e+01
3.249641809463500977e+02	2.962999999999999901e+01
3.274256880283355713e+02	2.958999999999999986e+01
3.298885874748229980e+02	2.962999999999999901e+01
3.323504943847656250e+02	2.962999999999999901e+01
3.348138256072998047e+02	2.958999999999999986e+01
3.372761018276214600e+02	2.958999999999999986e+01
3.397387514114379883e+02	2.962999999999999901e+01
3.422015233039855957e+02	2.962999999999999901e+01
3.446644163131713867e+02	2.962999999999999901e+01
3.471269309520721436e+02	2.962999999999999901e+01
3.495895609855651855e+02	2.962999999999999901e+01
3.520516448020935059e+02	2.962999999999999901e+01
3.545138211250305176e+02	2.966000000000000014e+01
3.569765987396240234e+02	2.966000000000000014e+01
3.594390516281127930e+02	2.966000000000000014e+01
3.619020388126373291e+02	2.962999999999999901e+01
3.643635637760162354e+02	2.966000000000000014e+01
3.668276000022888184e+02	2.966000000000000014e+01
3.692888698577880859e+02	2.966000000000000014e+01
3.717518172264099121e+02	2.962999999999999901e+01
3.742147300243377686e+02	2.969999999999999929e+01
3.766773707866668701e+02	2.966000000000000014e+01
3.791400113105773926e+02	2.969999999999999929e+01
3.816019251346588135e+02	2.962999999999999901e+01
3.840647499561309814e+02	2.966000000000000014e+01
3.865274581909179688e+02	2.962999999999999901e+01
3.889898557662963867e+02	2.966000000000000014e+01
3.914526076316833496e+02	2.958999999999999986e+01
3.939146673679351807e+02	2.966000000000000014e+01
3.963772768974304199e+02	2.966000000000000014e+01
3.988397703170776367e+02	2.962999999999999901e+01
4.013030030727386475e+02	2.966000000000000014e+01
4.037654314041137695e+02	2.962999999999999901e+01
4.062276921272277832e+02	2.962999999999999901e+01
4.086903560161590576e+02	2.958999999999999986e+01
4.111536645889282227e+02	2.969999999999999929e+01
4.136160993576049805e+02	2.962999999999999901e+01
4.160782825946807861e+02	2.962999999999999901e+01
4.185409002304077148e+02	2.962999999999999901e+01
4.210038068294525146e+02	2.966000000000000014e+01
4.234663040637969971e+02	2.966000000000000014e+01
4.259282524585723877e+02	2.962999999999999901e+01
4.283904213905334473e+02	2.962999999999999901e+01
4.308539335727691650e+02	2.962999999999999901e+01
4.333157796859741211e+02	2.962999999999999901e+01
4.357788925170898438e+02	2.962999999999999901e+01
4.382406544685363770e+02	2.962999999999999901e+01
4.407035782337188721e+02	2.966000000000000014e+01
