# 20220727
# time			temp			
0.000000000000000000e+00	2.973000000000000043e+01
2.417769432067871094e+00	2.976000000000000156e+01
4.879458904266357422e+00	2.973000000000000043e+01
7.342046260833740234e+00	2.973000000000000043e+01
9.759659767150878906e+00	2.980000000000000071e+01
1.222186446189880371e+01	2.980000000000000071e+01
1.468445014953613281e+01	2.976000000000000156e+01
1.714650297164916992e+01	2.980000000000000071e+01
1.960954666137695312e+01	2.982999999999999829e+01
2.207240319252014160e+01	2.980000000000000071e+01
2.453463506698608398e+01	2.980000000000000071e+01
2.699739217758178711e+01	2.976000000000000156e+01
2.946023058891296387e+01	2.976000000000000156e+01
3.192197585105895996e+01	2.976000000000000156e+01
3.438431239128112793e+01	2.976000000000000156e+01
3.684689569473266602e+01	2.976000000000000156e+01
3.930895233154296875e+01	2.980000000000000071e+01
4.177165246009826660e+01	2.980000000000000071e+01
4.423423528671264648e+01	2.976000000000000156e+01
4.669680023193359375e+01	2.973000000000000043e+01
4.915968966484069824e+01	2.980000000000000071e+01
5.162199211120605469e+01	2.976000000000000156e+01
5.408486557006835938e+01	2.980000000000000071e+01
5.654735994338989258e+01	2.976000000000000156e+01
5.901048088073730469e+01	2.976000000000000156e+01
6.147283029556274414e+01	2.976000000000000156e+01
6.393600678443908691e+01	2.976000000000000156e+01
6.639846253395080566e+01	2.973000000000000043e+01
6.886110448837280273e+01	2.976000000000000156e+01
7.132358264923095703e+01	2.976000000000000156e+01
7.378561806678771973e+01	2.973000000000000043e+01
7.624829387664794922e+01	2.973000000000000043e+01
7.871141433715820312e+01	2.976000000000000156e+01
8.117408776283264160e+01	2.976000000000000156e+01
8.363617658615112305e+01	2.980000000000000071e+01
8.609944176673889160e+01	2.980000000000000071e+01
8.856143260002136230e+01	2.980000000000000071e+01
9.102371287345886230e+01	2.980000000000000071e+01
9.348665738105773926e+01	2.980000000000000071e+01
9.594912862777709961e+01	2.980000000000000071e+01
9.841232275962829590e+01	2.980000000000000071e+01
1.008744678497314453e+02	2.980000000000000071e+01
1.033367490768432617e+02	2.980000000000000071e+01
1.057991907596588135e+02	2.973000000000000043e+01
1.082617940902709961e+02	2.980000000000000071e+01
1.107251706123352051e+02	2.976000000000000156e+01
1.131864879131317139e+02	2.976000000000000156e+01
1.156497080326080322e+02	2.976000000000000156e+01
1.181121375560760498e+02	2.980000000000000071e+01
1.205752680301666260e+02	2.985999999999999943e+01
1.230381207466125488e+02	2.980000000000000071e+01
1.255005369186401367e+02	2.982999999999999829e+01
1.279631483554840088e+02	2.980000000000000071e+01
1.304259014129638672e+02	2.980000000000000071e+01
1.328881032466888428e+02	2.982999999999999829e+01
1.353509042263031006e+02	2.982999999999999829e+01
1.378130550384521484e+02	2.982999999999999829e+01
1.402765536308288574e+02	2.976000000000000156e+01
1.427384195327758789e+02	2.976000000000000156e+01
1.452009577751159668e+02	2.973000000000000043e+01
1.476633639335632324e+02	2.973000000000000043e+01
1.501261572837829590e+02	2.973000000000000043e+01
1.525891702175140381e+02	2.973000000000000043e+01
1.550518875122070312e+02	2.973000000000000043e+01
1.575138459205627441e+02	2.976000000000000156e+01
1.599768009185791016e+02	2.976000000000000156e+01
1.624390749931335449e+02	2.976000000000000156e+01
1.649017736911773682e+02	2.976000000000000156e+01
1.673644559383392334e+02	2.976000000000000156e+01
1.698266735076904297e+02	2.976000000000000156e+01
1.722896897792816162e+02	2.976000000000000156e+01
1.747523992061614990e+02	2.980000000000000071e+01
1.772148001194000244e+02	2.980000000000000071e+01
1.796780219078063965e+02	2.980000000000000071e+01
1.821404116153717041e+02	2.980000000000000071e+01
1.846029143333435059e+02	2.980000000000000071e+01
1.870649793148040771e+02	2.982999999999999829e+01
1.895285418033599854e+02	2.980000000000000071e+01
1.919908466339111328e+02	2.976000000000000156e+01
1.944538216590881348e+02	2.980000000000000071e+01
1.969154701232910156e+02	2.976000000000000156e+01
1.993787474632263184e+02	2.980000000000000071e+01
2.018413517475128174e+02	2.973000000000000043e+01
2.043039557933807373e+02	2.980000000000000071e+01
2.067662177085876465e+02	2.980000000000000071e+01
2.092292270660400391e+02	2.976000000000000156e+01
2.116919219493865967e+02	2.976000000000000156e+01
2.141531796455383301e+02	2.980000000000000071e+01
2.166166157722473145e+02	2.980000000000000071e+01
2.190793631076812744e+02	2.976000000000000156e+01
2.215418951511383057e+02	2.980000000000000071e+01
2.240044438838958740e+02	2.976000000000000156e+01
2.264665610790252686e+02	2.976000000000000156e+01
2.289299430847167969e+02	2.980000000000000071e+01
2.313915781974792480e+02	2.980000000000000071e+01
2.338552064895629883e+02	2.980000000000000071e+01
2.363173220157623291e+02	2.976000000000000156e+01
2.387799627780914307e+02	2.980000000000000071e+01
2.412425897121429443e+02	2.976000000000000156e+01
2.437045624256134033e+02	2.980000000000000071e+01
2.461674184799194336e+02	2.976000000000000156e+01
2.486297230720520020e+02	2.973000000000000043e+01
2.510924251079559326e+02	2.973000000000000043e+01
2.535556614398956299e+02	2.973000000000000043e+01
2.560180788040161133e+02	2.976000000000000156e+01
2.584802422523498535e+02	2.973000000000000043e+01
2.609430468082427979e+02	2.973000000000000043e+01
2.634045698642730713e+02	2.976000000000000156e+01
2.658680477142333984e+02	2.973000000000000043e+01
2.683308210372924805e+02	2.976000000000000156e+01
2.707929522991180420e+02	2.980000000000000071e+01
2.732557563781738281e+02	2.976000000000000156e+01
2.757183730602264404e+02	2.980000000000000071e+01
2.781806452274322510e+02	2.980000000000000071e+01
2.806431961059570312e+02	2.976000000000000156e+01
2.831065778732299805e+02	2.976000000000000156e+01
2.855685763359069824e+02	2.976000000000000156e+01
2.880315189361572266e+02	2.976000000000000156e+01
2.904940800666809082e+02	2.976000000000000156e+01
2.929564628601074219e+02	2.976000000000000156e+01
2.954199218750000000e+02	2.980000000000000071e+01
2.978813157081604004e+02	2.980000000000000071e+01
3.003444137573242188e+02	2.980000000000000071e+01
3.028072116374969482e+02	2.976000000000000156e+01
3.052689561843872070e+02	2.980000000000000071e+01
3.077318506240844727e+02	2.985999999999999943e+01
3.101949174404144287e+02	2.982999999999999829e+01
3.126571829319000244e+02	2.980000000000000071e+01
3.151204593181610107e+02	2.980000000000000071e+01
3.175824942588806152e+02	2.980000000000000071e+01
3.200446791648864746e+02	2.976000000000000156e+01
3.225081768035888672e+02	2.980000000000000071e+01
3.249695155620574951e+02	2.976000000000000156e+01
3.274324591159820557e+02	2.976000000000000156e+01
3.298956568241119385e+02	2.976000000000000156e+01
3.323574631214141846e+02	2.976000000000000156e+01
3.348200509548187256e+02	2.976000000000000156e+01
3.372832489013671875e+02	2.976000000000000156e+01
3.397456657886505127e+02	2.969999999999999929e+01
3.422080523967742920e+02	2.976000000000000156e+01
3.446710386276245117e+02	2.973000000000000043e+01
3.471336627006530762e+02	2.980000000000000071e+01
3.495960733890533447e+02	2.980000000000000071e+01
3.520588455200195312e+02	2.980000000000000071e+01
3.545211939811706543e+02	2.982999999999999829e+01
3.569841549396514893e+02	2.985999999999999943e+01
3.594463698863983154e+02	2.982999999999999829e+01
3.619096062183380127e+02	2.982999999999999829e+01
3.643715538978576660e+02	2.980000000000000071e+01
3.668348364830017090e+02	2.982999999999999829e+01
3.692963066101074219e+02	2.982999999999999829e+01
3.717593431472778320e+02	2.980000000000000071e+01
3.742221794128417969e+02	2.976000000000000156e+01
3.766851756572723389e+02	2.973000000000000043e+01
3.791470468044281006e+02	2.976000000000000156e+01
3.816095037460327148e+02	2.976000000000000156e+01
3.840724642276763916e+02	2.976000000000000156e+01
3.865351371765136719e+02	2.976000000000000156e+01
3.889978885650634766e+02	2.976000000000000156e+01
3.914597513675689697e+02	2.976000000000000156e+01
3.939224696159362793e+02	2.973000000000000043e+01
3.963856890201568604e+02	2.969999999999999929e+01
3.988478121757507324e+02	2.976000000000000156e+01
4.013105983734130859e+02	2.976000000000000156e+01
4.037723548412322998e+02	2.976000000000000156e+01
4.062354664802551270e+02	2.982999999999999829e+01
4.086984269618988037e+02	2.980000000000000071e+01
4.111612744331359863e+02	2.982999999999999829e+01
4.136239137649536133e+02	2.980000000000000071e+01
4.160858690738677979e+02	2.982999999999999829e+01
4.185484077930450439e+02	2.980000000000000071e+01
4.210115525722503662e+02	2.985999999999999943e+01
4.234727666378021240e+02	2.982999999999999829e+01
4.259362506866455078e+02	2.982999999999999829e+01
4.283994135856628418e+02	2.976000000000000156e+01
4.308610355854034424e+02	2.980000000000000071e+01
4.333236961364746094e+02	2.976000000000000156e+01
4.357864372730255127e+02	2.976000000000000156e+01
4.382496199607849121e+02	2.973000000000000043e+01
4.407114088535308838e+02	2.969999999999999929e+01
4.431746442317962646e+02	2.973000000000000043e+01
4.456373865604400635e+02	2.973000000000000043e+01
4.480997092723846436e+02	2.973000000000000043e+01
4.505624103546142578e+02	2.973000000000000043e+01
4.530250811576843262e+02	2.973000000000000043e+01
4.554870147705078125e+02	2.969999999999999929e+01
4.579505023956298828e+02	2.976000000000000156e+01
4.604132938385009766e+02	2.980000000000000071e+01
4.628757719993591309e+02	2.973000000000000043e+01
4.653378906250000000e+02	2.976000000000000156e+01
4.678000400066375732e+02	2.980000000000000071e+01
4.702635419368743896e+02	2.980000000000000071e+01
4.727256138324737549e+02	2.980000000000000071e+01
4.751885142326354980e+02	2.980000000000000071e+01
4.776504263877868652e+02	2.980000000000000071e+01
4.801133544445037842e+02	2.976000000000000156e+01
4.825755624771118164e+02	2.980000000000000071e+01
4.850381431579589844e+02	2.976000000000000156e+01
4.875004084110260010e+02	2.973000000000000043e+01
4.899632928371429443e+02	2.976000000000000156e+01
4.924267683029174805e+02	2.980000000000000071e+01
4.948893837928771973e+02	2.976000000000000156e+01
4.973507828712463379e+02	2.973000000000000043e+01
4.998140628337860107e+02	2.980000000000000071e+01
5.022761249542236328e+02	2.973000000000000043e+01
5.047380211353302002e+02	2.976000000000000156e+01
5.072019808292388916e+02	2.976000000000000156e+01
5.096643898487091064e+02	2.976000000000000156e+01
5.121267886161804199e+02	2.976000000000000156e+01
5.145892176628112793e+02	2.973000000000000043e+01
5.170518131256103516e+02	2.980000000000000071e+01
5.195142171382904053e+02	2.982999999999999829e+01
5.219774112701416016e+02	2.980000000000000071e+01
5.244395084381103516e+02	2.980000000000000071e+01
5.269017851352691650e+02	2.982999999999999829e+01
5.293655257225036621e+02	2.980000000000000071e+01
5.318280086517333984e+02	2.982999999999999829e+01
5.342902598381042480e+02	2.982999999999999829e+01
5.367529358863830566e+02	2.982999999999999829e+01
5.392153947353363037e+02	2.982999999999999829e+01
5.416780877113342285e+02	2.985999999999999943e+01
5.441408178806304932e+02	2.980000000000000071e+01
5.466034805774688721e+02	2.980000000000000071e+01
5.490655324459075928e+02	2.980000000000000071e+01
5.515284645557403564e+02	2.980000000000000071e+01
5.539913120269775391e+02	2.976000000000000156e+01
5.564541022777557373e+02	2.976000000000000156e+01
5.589156613349914551e+02	2.973000000000000043e+01
5.613784370422363281e+02	2.976000000000000156e+01
5.638415887355804443e+02	2.973000000000000043e+01
5.663034093379974365e+02	2.973000000000000043e+01
5.687665257453918457e+02	2.973000000000000043e+01
5.712290604114532471e+02	2.969999999999999929e+01
5.736913478374481201e+02	2.980000000000000071e+01
5.761538705825805664e+02	2.976000000000000156e+01
5.786166179180145264e+02	2.976000000000000156e+01
5.810796096324920654e+02	2.976000000000000156e+01
5.835413284301757812e+02	2.976000000000000156e+01
5.860042004585266113e+02	2.980000000000000071e+01
5.884665718078613281e+02	2.980000000000000071e+01
5.909293382167816162e+02	2.980000000000000071e+01
5.933917791843414307e+02	2.976000000000000156e+01
5.958547780513763428e+02	2.980000000000000071e+01
5.983175492286682129e+02	2.976000000000000156e+01
6.007796249389648438e+02	2.976000000000000156e+01
6.032428071498870850e+02	2.976000000000000156e+01
6.057049441337585449e+02	2.976000000000000156e+01
6.081679120063781738e+02	2.980000000000000071e+01
6.106306891441345215e+02	2.973000000000000043e+01
6.130925035476684570e+02	2.980000000000000071e+01
6.155557236671447754e+02	2.976000000000000156e+01
6.180183598995208740e+02	2.976000000000000156e+01
6.204806630611419678e+02	2.980000000000000071e+01
6.229427561759948730e+02	2.980000000000000071e+01
6.254053871631622314e+02	2.980000000000000071e+01
6.278684651851654053e+02	2.980000000000000071e+01
6.303309330940246582e+02	2.980000000000000071e+01
6.327936048507690430e+02	2.980000000000000071e+01
6.352552442550659180e+02	2.976000000000000156e+01
6.377194337844848633e+02	2.980000000000000071e+01
6.401807475090026855e+02	2.976000000000000156e+01
6.426434147357940674e+02	2.976000000000000156e+01
6.451064095497131348e+02	2.973000000000000043e+01
6.475692067146301270e+02	2.976000000000000156e+01
6.500315830707550049e+02	2.976000000000000156e+01
6.524946124553680420e+02	2.976000000000000156e+01
6.549572565555572510e+02	2.973000000000000043e+01
6.574190361499786377e+02	2.976000000000000156e+01
6.598822340965270996e+02	2.980000000000000071e+01
6.623443949222564697e+02	2.976000000000000156e+01
6.648077559471130371e+02	2.976000000000000156e+01
6.672702231407165527e+02	2.980000000000000071e+01
6.697325220108032227e+02	2.980000000000000071e+01
6.721953632831573486e+02	2.980000000000000071e+01
6.746576406955718994e+02	2.982999999999999829e+01
6.771204764842987061e+02	2.980000000000000071e+01
6.795823373794555664e+02	2.980000000000000071e+01
6.820447986125946045e+02	2.982999999999999829e+01
6.845077056884765625e+02	2.982999999999999829e+01
6.869706101417541504e+02	2.980000000000000071e+01
6.894332666397094727e+02	2.976000000000000156e+01
6.918959617614746094e+02	2.973000000000000043e+01
6.943582968711853027e+02	2.973000000000000043e+01
6.968212535381317139e+02	2.976000000000000156e+01
6.992829544544219971e+02	2.976000000000000156e+01
7.017465724945068359e+02	2.973000000000000043e+01
7.042084467411041260e+02	2.976000000000000156e+01
7.066711349487304688e+02	2.976000000000000156e+01
7.091736502647399902e+02	2.976000000000000156e+01
7.116421859264373779e+02	2.976000000000000156e+01
7.141039645671844482e+02	2.976000000000000156e+01
7.165670199394226074e+02	2.976000000000000156e+01
7.190296502113342285e+02	2.980000000000000071e+01
7.214920337200164795e+02	2.982999999999999829e+01
7.239543530941009521e+02	2.980000000000000071e+01
7.263706889152526855e+02	2.982999999999999829e+01
7.288334500789642334e+02	2.980000000000000071e+01
7.312964837551116943e+02	2.976000000000000156e+01
7.337588171958923340e+02	2.982999999999999829e+01
7.362215361595153809e+02	2.980000000000000071e+01
7.386844558715820312e+02	2.976000000000000156e+01
7.411464619636535645e+02	2.976000000000000156e+01
7.436094260215759277e+02	2.976000000000000156e+01
7.460718419551849365e+02	2.980000000000000071e+01
7.485337867736816406e+02	2.976000000000000156e+01
7.509977512359619141e+02	2.973000000000000043e+01
7.534594659805297852e+02	2.976000000000000156e+01
7.559225938320159912e+02	2.976000000000000156e+01
7.583843064308166504e+02	2.973000000000000043e+01
7.608475017547607422e+02	2.976000000000000156e+01
7.633101708889007568e+02	2.980000000000000071e+01
7.657726533412933350e+02	2.980000000000000071e+01
7.682350172996520996e+02	2.980000000000000071e+01
7.706983296871185303e+02	2.982999999999999829e+01
7.731596617698669434e+02	2.982999999999999829e+01
7.756233873367309570e+02	2.982999999999999829e+01
7.780854988098144531e+02	2.980000000000000071e+01
7.805479846000671387e+02	2.985999999999999943e+01
7.830112190246582031e+02	2.980000000000000071e+01
7.854734766483306885e+02	2.982999999999999829e+01
7.879354770183563232e+02	2.982999999999999829e+01
7.903980188369750977e+02	2.980000000000000071e+01
7.928611798286437988e+02	2.976000000000000156e+01
7.953239252567291260e+02	2.980000000000000071e+01
7.977863130569458008e+02	2.976000000000000156e+01
8.002492756843566895e+02	2.976000000000000156e+01
8.027120113372802734e+02	2.973000000000000043e+01
8.051740388870239258e+02	2.976000000000000156e+01
8.076365637779235840e+02	2.973000000000000043e+01
8.100987701416015625e+02	2.973000000000000043e+01
8.125621950626373291e+02	2.973000000000000043e+01
8.150240905284881592e+02	2.976000000000000156e+01
8.174872875213623047e+02	2.976000000000000156e+01
8.199502041339874268e+02	2.976000000000000156e+01
8.224125244617462158e+02	2.980000000000000071e+01
8.248754620552062988e+02	2.976000000000000156e+01
8.273371183872222900e+02	2.980000000000000071e+01
8.298000035285949707e+02	2.982999999999999829e+01
8.322627584934234619e+02	2.982999999999999829e+01
8.347251870632171631e+02	2.982999999999999829e+01
8.371874380111694336e+02	2.982999999999999829e+01
8.396502702236175537e+02	2.980000000000000071e+01
8.421132042407989502e+02	2.982999999999999829e+01
8.445760500431060791e+02	2.980000000000000071e+01
8.470375087261199951e+02	2.982999999999999829e+01
8.495011410713195801e+02	2.976000000000000156e+01
8.519632413387298584e+02	2.976000000000000156e+01
8.544254088401794434e+02	2.973000000000000043e+01
8.568886556625366211e+02	2.976000000000000156e+01
8.593512332439422607e+02	2.973000000000000043e+01
8.618141391277313232e+02	2.976000000000000156e+01
8.642762298583984375e+02	2.976000000000000156e+01
8.667390737533569336e+02	2.980000000000000071e+01
8.692009623050689697e+02	2.976000000000000156e+01
8.716642761230468750e+02	2.980000000000000071e+01
8.741264803409576416e+02	2.980000000000000071e+01
8.765886638164520264e+02	2.982999999999999829e+01
8.790518383979797363e+02	2.976000000000000156e+01
8.815142133235931396e+02	2.980000000000000071e+01
8.839765639305114746e+02	2.980000000000000071e+01
8.864398396015167236e+02	2.976000000000000156e+01
8.889022476673126221e+02	2.980000000000000071e+01
8.913644266128540039e+02	2.980000000000000071e+01
8.938267226219177246e+02	2.980000000000000071e+01
8.962900311946868896e+02	2.980000000000000071e+01
8.987523972988128662e+02	2.980000000000000071e+01
9.012154510021209717e+02	2.976000000000000156e+01
9.036780669689178467e+02	2.980000000000000071e+01
9.061401271820068359e+02	2.980000000000000071e+01
9.086021313667297363e+02	2.976000000000000156e+01
9.110659189224243164e+02	2.976000000000000156e+01
9.135285384654998779e+02	2.976000000000000156e+01
9.159907004833221436e+02	2.973000000000000043e+01
9.184531548023223877e+02	2.976000000000000156e+01
9.209152016639709473e+02	2.976000000000000156e+01
9.233782649040222168e+02	2.976000000000000156e+01
9.258409428596496582e+02	2.976000000000000156e+01
9.283035056591033936e+02	2.980000000000000071e+01
9.307656829357147217e+02	2.976000000000000156e+01
9.332290642261505127e+02	2.980000000000000071e+01
9.356917994022369385e+02	2.980000000000000071e+01
9.381533527374267578e+02	2.982999999999999829e+01
9.406160259246826172e+02	2.980000000000000071e+01
9.430790848731994629e+02	2.980000000000000071e+01
9.455414640903472900e+02	2.980000000000000071e+01
9.480038032531738281e+02	2.980000000000000071e+01
9.504666481018066406e+02	2.980000000000000071e+01
9.529289734363555908e+02	2.980000000000000071e+01
9.553923380374908447e+02	2.973000000000000043e+01
9.578542275428771973e+02	2.973000000000000043e+01
9.603171024322509766e+02	2.976000000000000156e+01
9.627799146175384521e+02	2.973000000000000043e+01
9.652427318096160889e+02	2.973000000000000043e+01
9.677051339149475098e+02	2.976000000000000156e+01
9.701675264835357666e+02	2.976000000000000156e+01
9.726298902034759521e+02	2.980000000000000071e+01
9.750920603275299072e+02	2.980000000000000071e+01
9.775553500652313232e+02	2.980000000000000071e+01
9.800169441699981689e+02	2.980000000000000071e+01
9.824803576469421387e+02	2.980000000000000071e+01
9.849425270557403564e+02	2.980000000000000071e+01
9.874053187370300293e+02	2.980000000000000071e+01
9.898680911064147949e+02	2.980000000000000071e+01
9.923308823108673096e+02	2.980000000000000071e+01
9.947933533191680908e+02	2.976000000000000156e+01
9.972560343742370605e+02	2.980000000000000071e+01
9.997180733680725098e+02	2.980000000000000071e+01
1.002180856227874756e+03	2.980000000000000071e+01
1.004643536567687988e+03	2.980000000000000071e+01
1.007106424570083618e+03	2.980000000000000071e+01
1.009569238424301147e+03	2.976000000000000156e+01
1.012031147003173828e+03	2.976000000000000156e+01
1.014493594169616699e+03	2.976000000000000156e+01
1.016956948518753052e+03	2.980000000000000071e+01
1.019419783353805542e+03	2.976000000000000156e+01
1.021881213665008545e+03	2.980000000000000071e+01
1.024344101905822754e+03	2.982999999999999829e+01
1.026806700468063354e+03	2.976000000000000156e+01
1.029269372701644897e+03	2.980000000000000071e+01
1.031732368946075439e+03	2.980000000000000071e+01
1.034194769382476807e+03	2.982999999999999829e+01
1.036657531738281250e+03	2.976000000000000156e+01
1.039120416402816772e+03	2.980000000000000071e+01
1.041581925153732300e+03	2.982999999999999829e+01
1.044044010162353516e+03	2.982999999999999829e+01
1.046508180856704712e+03	2.980000000000000071e+01
1.048970086336135864e+03	2.980000000000000071e+01
1.051432665109634399e+03	2.976000000000000156e+01
1.053895051240921021e+03	2.976000000000000156e+01
1.056357940912246704e+03	2.976000000000000156e+01
1.058821003675460815e+03	2.973000000000000043e+01
1.061283032178878784e+03	2.980000000000000071e+01
1.063745971202850342e+03	2.973000000000000043e+01
1.066207838296890259e+03	2.980000000000000071e+01
1.068670667171478271e+03	2.976000000000000156e+01
1.071134013414382935e+03	2.976000000000000156e+01
1.073595712423324585e+03	2.980000000000000071e+01
1.076058501243591309e+03	2.980000000000000071e+01
1.078521277666091919e+03	2.980000000000000071e+01
1.080984382629394531e+03	2.980000000000000071e+01
1.083446636199951172e+03	2.980000000000000071e+01
1.085908966302871704e+03	2.976000000000000156e+01
1.088371834516525269e+03	2.976000000000000156e+01
1.090834252834320068e+03	2.982999999999999829e+01
1.093297034502029419e+03	2.976000000000000156e+01
1.095759152889251709e+03	2.982999999999999829e+01
1.098221854209899902e+03	2.980000000000000071e+01
1.100683865547180176e+03	2.980000000000000071e+01
1.103146607398986816e+03	2.976000000000000156e+01
1.105609965324401855e+03	2.976000000000000156e+01
1.108072216987609863e+03	2.976000000000000156e+01
1.110535305976867676e+03	2.980000000000000071e+01
1.112997054100036621e+03	2.973000000000000043e+01
1.115460688352584839e+03	2.976000000000000156e+01
1.117923106670379639e+03	2.973000000000000043e+01
1.120385714530944824e+03	2.973000000000000043e+01
1.122847509145736694e+03	2.973000000000000043e+01
1.125310650348663330e+03	2.976000000000000156e+01
1.127772880315780640e+03	2.976000000000000156e+01
1.130235884189605713e+03	2.980000000000000071e+01
1.132697820425033569e+03	2.976000000000000156e+01
1.135160305261611938e+03	2.980000000000000071e+01
1.137623477697372437e+03	2.980000000000000071e+01
1.140086191177368164e+03	2.980000000000000071e+01
1.142548861980438232e+03	2.980000000000000071e+01
1.145010622978210449e+03	2.980000000000000071e+01
1.147473894834518433e+03	2.982999999999999829e+01
1.149936542987823486e+03	2.980000000000000071e+01
1.152399437665939331e+03	2.980000000000000071e+01
1.154861392974853516e+03	2.982999999999999829e+01
1.157324718713760376e+03	2.980000000000000071e+01
1.159786231279373169e+03	2.980000000000000071e+01
1.162248847961425781e+03	2.976000000000000156e+01
1.164711685180664062e+03	2.976000000000000156e+01
1.167174593687057495e+03	2.973000000000000043e+01
1.169637091159820557e+03	2.973000000000000043e+01
1.172099935054779053e+03	2.973000000000000043e+01
1.174562549591064453e+03	2.973000000000000043e+01
1.177023649692535400e+03	2.973000000000000043e+01
1.179487523078918457e+03	2.973000000000000043e+01
1.181949488401412964e+03	2.976000000000000156e+01
1.184412623643875122e+03	2.976000000000000156e+01
1.186875028371810913e+03	2.980000000000000071e+01
1.189337707996368408e+03	2.980000000000000071e+01
1.191799773693084717e+03	2.982999999999999829e+01
1.194262843132019043e+03	2.976000000000000156e+01
1.196725725173950195e+03	2.980000000000000071e+01
1.199187375068664551e+03	2.982999999999999829e+01
1.201649966001510620e+03	2.982999999999999829e+01
1.204112416028976440e+03	2.980000000000000071e+01
1.206575398683547974e+03	2.976000000000000156e+01
1.209038322687149048e+03	2.976000000000000156e+01
1.211501284122467041e+03	2.976000000000000156e+01
1.213963363170623779e+03	2.976000000000000156e+01
1.216425950288772583e+03	2.976000000000000156e+01
1.218888461828231812e+03	2.969999999999999929e+01
1.221351284265518188e+03	2.973000000000000043e+01
1.223814203739166260e+03	2.980000000000000071e+01
1.226276266574859619e+03	2.973000000000000043e+01
1.228739449024200439e+03	2.973000000000000043e+01
1.231201979637145996e+03	2.976000000000000156e+01
1.233664899587631226e+03	2.973000000000000043e+01
1.236127077341079712e+03	2.980000000000000071e+01
1.238589803934097290e+03	2.976000000000000156e+01
1.241052261829376221e+03	2.976000000000000156e+01
1.243514883279800415e+03	2.980000000000000071e+01
1.245977075099945068e+03	2.980000000000000071e+01
1.248439872980117798e+03	2.982999999999999829e+01
1.250902242660522461e+03	2.982999999999999829e+01
1.253364499568939209e+03	2.982999999999999829e+01
1.255827007293701172e+03	2.980000000000000071e+01
1.258289261817932129e+03	2.982999999999999829e+01
1.260752213001251221e+03	2.980000000000000071e+01
1.263215029716491699e+03	2.976000000000000156e+01
1.265678295135498047e+03	2.976000000000000156e+01
1.268140998601913452e+03	2.973000000000000043e+01
1.270603132247924805e+03	2.976000000000000156e+01
1.273065626621246338e+03	2.980000000000000071e+01
1.275527341842651367e+03	2.976000000000000156e+01
1.277991087913513184e+03	2.976000000000000156e+01
1.280453445672988892e+03	2.976000000000000156e+01
1.282915972709655762e+03	2.976000000000000156e+01
1.285378947496414185e+03	2.973000000000000043e+01
1.287841213703155518e+03	2.980000000000000071e+01
1.290303145885467529e+03	2.980000000000000071e+01
1.292766037225723267e+03	2.980000000000000071e+01
1.295228449344635010e+03	2.980000000000000071e+01
1.297691595077514648e+03	2.980000000000000071e+01
1.300153951406478882e+03	2.980000000000000071e+01
1.302615748643875122e+03	2.980000000000000071e+01
1.305079611539840698e+03	2.980000000000000071e+01
1.307541838884353638e+03	2.982999999999999829e+01
1.310004548311233521e+03	2.976000000000000156e+01
1.312466378211975098e+03	2.980000000000000071e+01
1.314928816795349121e+03	2.980000000000000071e+01
1.317391457557678223e+03	2.976000000000000156e+01
1.319854197740554810e+03	2.976000000000000156e+01
1.322317371845245361e+03	2.976000000000000156e+01
1.324779807567596436e+03	2.973000000000000043e+01
1.327242419242858887e+03	2.976000000000000156e+01
1.329704612731933594e+03	2.976000000000000156e+01
1.332167036771774292e+03	2.976000000000000156e+01
1.334629862546920776e+03	2.976000000000000156e+01
1.337092219591140747e+03	2.973000000000000043e+01
1.339554885149002075e+03	2.976000000000000156e+01
1.342017750024795532e+03	2.976000000000000156e+01
1.344479881525039673e+03	2.976000000000000156e+01
1.346942885875701904e+03	2.980000000000000071e+01
1.349405757427215576e+03	2.982999999999999829e+01
1.351867966651916504e+03	2.982999999999999829e+01
1.354331186294555664e+03	2.980000000000000071e+01
1.356793882846832275e+03	2.982999999999999829e+01
1.359255403041839600e+03	2.982999999999999829e+01
1.361718944549560547e+03	2.980000000000000071e+01
1.364180721521377563e+03	2.980000000000000071e+01
1.366644425153732300e+03	2.980000000000000071e+01
1.369106949806213379e+03	2.976000000000000156e+01
1.371568558692932129e+03	2.976000000000000156e+01
1.374031931877136230e+03	2.980000000000000071e+01
1.376493656635284424e+03	2.976000000000000156e+01
1.378956084728240967e+03	2.980000000000000071e+01
1.381418863058090210e+03	2.976000000000000156e+01
1.383881739616394043e+03	2.980000000000000071e+01
1.386343676328659058e+03	2.976000000000000156e+01
1.388806674242019653e+03	2.980000000000000071e+01
1.391269033432006836e+03	2.980000000000000071e+01
1.393731699705123901e+03	2.980000000000000071e+01
1.396194071054458618e+03	2.980000000000000071e+01
1.398657337427139282e+03	2.976000000000000156e+01
1.401119504451751709e+03	2.980000000000000071e+01
1.403582066535949707e+03	2.980000000000000071e+01
1.406045134544372559e+03	2.976000000000000156e+01
1.408507744550704956e+03	2.982999999999999829e+01
1.410970681190490723e+03	2.980000000000000071e+01
1.413432537555694580e+03	2.980000000000000071e+01
1.415895567417144775e+03	2.980000000000000071e+01
1.418357542037963867e+03	2.980000000000000071e+01
1.420820949316024780e+03	2.976000000000000156e+01
1.423282962083816528e+03	2.980000000000000071e+01
1.425746224880218506e+03	2.976000000000000156e+01
1.428208124637603760e+03	2.973000000000000043e+01
1.430671015739440918e+03	2.976000000000000156e+01
1.433133327960968018e+03	2.976000000000000156e+01
1.435596202135086060e+03	2.976000000000000156e+01
1.438058749437332153e+03	2.976000000000000156e+01
1.440521177768707275e+03	2.980000000000000071e+01
1.442984178304672241e+03	2.980000000000000071e+01
1.445446745872497559e+03	2.980000000000000071e+01
1.447908640861511230e+03	2.980000000000000071e+01
1.450371245384216309e+03	2.976000000000000156e+01
1.452834766864776611e+03	2.982999999999999829e+01
1.455296910285949707e+03	2.980000000000000071e+01
1.457760115146636963e+03	2.973000000000000043e+01
1.460222209692001343e+03	2.980000000000000071e+01
1.462684347867965698e+03	2.976000000000000156e+01
1.465146700382232666e+03	2.976000000000000156e+01
1.467609088659286499e+03	2.976000000000000156e+01
1.470071864128112793e+03	2.973000000000000043e+01
1.472535355806350708e+03	2.976000000000000156e+01
1.474997690200805664e+03	2.976000000000000156e+01
