# 20220728
# time			temp			
0.000000000000000000e+00	2.953000000000000114e+01
2.462786912918090820e+00	2.953000000000000114e+01
4.925709724426269531e+00	2.953000000000000114e+01
7.387995958328247070e+00	2.955999999999999872e+01
9.851057291030883789e+00	2.955999999999999872e+01
1.231275057792663574e+01	2.958999999999999986e+01
1.477571511268615723e+01	2.953000000000000114e+01
1.723806285858154297e+01	2.953000000000000114e+01
1.970086240768432617e+01	2.955999999999999872e+01
2.216356277465820312e+01	2.955999999999999872e+01
2.462653899192810059e+01	2.948999999999999844e+01
2.708872961997985840e+01	2.953000000000000114e+01
2.955174207687377930e+01	2.953000000000000114e+01
3.201408267021179199e+01	2.953000000000000114e+01
3.447678422927856445e+01	2.953000000000000114e+01
3.693859767913818359e+01	2.955999999999999872e+01
3.940095210075378418e+01	2.955999999999999872e+01
4.186416792869567871e+01	2.955999999999999872e+01
4.432632136344909668e+01	2.953000000000000114e+01
4.679001474380493164e+01	2.948999999999999844e+01
4.925259399414062500e+01	2.948999999999999844e+01
5.171472072601318359e+01	2.953000000000000114e+01
5.417719054222106934e+01	2.948999999999999844e+01
5.664029550552368164e+01	2.948999999999999844e+01
5.910233378410339355e+01	2.946000000000000085e+01
6.156475114822387695e+01	2.953000000000000114e+01
6.402824401855468750e+01	2.948999999999999844e+01
6.649058532714843750e+01	2.946000000000000085e+01
6.895339345932006836e+01	2.953000000000000114e+01
7.141544365882873535e+01	2.948999999999999844e+01
7.387779021263122559e+01	2.942000000000000171e+01
7.634111404418945312e+01	2.948999999999999844e+01
7.880366492271423340e+01	2.948999999999999844e+01
8.126628684997558594e+01	2.948999999999999844e+01
8.372781896591186523e+01	2.948999999999999844e+01
8.619095635414123535e+01	2.948999999999999844e+01
8.865306425094604492e+01	2.948999999999999844e+01
9.111657357215881348e+01	2.948999999999999844e+01
9.357886362075805664e+01	2.953000000000000114e+01
9.604095530509948730e+01	2.948999999999999844e+01
9.850394630432128906e+01	2.948999999999999844e+01
1.009661459922790527e+02	2.948999999999999844e+01
1.034286489486694336e+02	2.948999999999999844e+01
1.058913826942443848e+02	2.948999999999999844e+01
1.083546152114868164e+02	2.946000000000000085e+01
1.108169398307800293e+02	2.948999999999999844e+01
1.132799897193908691e+02	2.948999999999999844e+01
1.157420923709869385e+02	2.948999999999999844e+01
1.182045588493347168e+02	2.953000000000000114e+01
1.206677377223968506e+02	2.948999999999999844e+01
1.231305353641510010e+02	2.948999999999999844e+01
1.255927000045776367e+02	2.948999999999999844e+01
1.280549404621124268e+02	2.948999999999999844e+01
1.305181031227111816e+02	2.948999999999999844e+01
1.329805378913879395e+02	2.946000000000000085e+01
1.354425466060638428e+02	2.948999999999999844e+01
1.379054782390594482e+02	2.948999999999999844e+01
1.403677499294281006e+02	2.948999999999999844e+01
1.428312449455261230e+02	2.946000000000000085e+01
1.452935020923614502e+02	2.946000000000000085e+01
1.477557528018951416e+02	2.946000000000000085e+01
1.502183625698089600e+02	2.948999999999999844e+01
1.526816465854644775e+02	2.946000000000000085e+01
1.551435728073120117e+02	2.946000000000000085e+01
1.576059789657592773e+02	2.946000000000000085e+01
1.600684006214141846e+02	2.946000000000000085e+01
1.625316555500030518e+02	2.948999999999999844e+01
1.649935204982757568e+02	2.942000000000000171e+01
1.674568874835968018e+02	2.946000000000000085e+01
1.699195318222045898e+02	2.946000000000000085e+01
1.723814573287963867e+02	2.946000000000000085e+01
1.748444378376007080e+02	2.946000000000000085e+01
1.773068060874938965e+02	2.946000000000000085e+01
1.797700729370117188e+02	2.948999999999999844e+01
1.822319400310516357e+02	2.946000000000000085e+01
1.846949248313903809e+02	2.946000000000000085e+01
1.871575741767883301e+02	2.942000000000000171e+01
1.896205308437347412e+02	2.942000000000000171e+01
1.920822937488555908e+02	2.948999999999999844e+01
1.945452778339385986e+02	2.946000000000000085e+01
1.970082960128784180e+02	2.946000000000000085e+01
1.994708905220031738e+02	2.946000000000000085e+01
2.019326927661895752e+02	2.946000000000000085e+01
2.043959290981292725e+02	2.948999999999999844e+01
2.068580083847045898e+02	2.948999999999999844e+01
2.093214459419250488e+02	2.946000000000000085e+01
2.117839860916137695e+02	2.948999999999999844e+01
2.142456531524658203e+02	2.946000000000000085e+01
2.167090013027191162e+02	2.946000000000000085e+01
2.191713209152221680e+02	2.946000000000000085e+01
2.216338660717010498e+02	2.942000000000000171e+01
2.240963988304138184e+02	2.942000000000000171e+01
2.265586404800415039e+02	2.946000000000000085e+01
2.290214045047760010e+02	2.942000000000000171e+01
2.314844524860382080e+02	2.946000000000000085e+01
2.339471173286437988e+02	2.948999999999999844e+01
2.364095263481140137e+02	2.948999999999999844e+01
2.388725247383117676e+02	2.942000000000000171e+01
2.413342409133911133e+02	2.942000000000000171e+01
2.437974696159362793e+02	2.939000000000000057e+01
2.462602543830871582e+02	2.942000000000000171e+01
2.487222433090209961e+02	2.942000000000000171e+01
2.511852924823760986e+02	2.942000000000000171e+01
2.536465969085693359e+02	2.942000000000000171e+01
2.561095867156982422e+02	2.946000000000000085e+01
2.585732388496398926e+02	2.942000000000000171e+01
2.610358152389526367e+02	2.946000000000000085e+01
2.634976177215576172e+02	2.942000000000000171e+01
2.659612052440643311e+02	2.946000000000000085e+01
2.684230585098266602e+02	2.939000000000000057e+01
2.708855133056640625e+02	2.942000000000000171e+01
2.733481605052947998e+02	2.942000000000000171e+01
2.758105547428131104e+02	2.942000000000000171e+01
2.782742931842803955e+02	2.942000000000000171e+01
2.807369854450225830e+02	2.946000000000000085e+01
2.831993262767791748e+02	2.939000000000000057e+01
2.856612491607666016e+02	2.942000000000000171e+01
2.881243319511413574e+02	2.946000000000000085e+01
2.905864834785461426e+02	2.946000000000000085e+01
2.930495560169219971e+02	2.946000000000000085e+01
2.955125112533569336e+02	2.946000000000000085e+01
2.979748594760894775e+02	2.946000000000000085e+01
3.004377825260162354e+02	2.942000000000000171e+01
3.029002451896667480e+02	2.946000000000000085e+01
3.053625674247741699e+02	2.946000000000000085e+01
3.078252115249633789e+02	2.946000000000000085e+01
3.102870566844940186e+02	2.946000000000000085e+01
3.127508056163787842e+02	2.942000000000000171e+01
3.152125678062438965e+02	2.946000000000000085e+01
3.176756038665771484e+02	2.946000000000000085e+01
3.201379194259643555e+02	2.946000000000000085e+01
3.226006939411163330e+02	2.946000000000000085e+01
3.250630655288696289e+02	2.946000000000000085e+01
3.275254671573638916e+02	2.946000000000000085e+01
3.299889581203460693e+02	2.948999999999999844e+01
3.324513165950775146e+02	2.942000000000000171e+01
3.349140913486480713e+02	2.946000000000000085e+01
3.373756687641143799e+02	2.942000000000000171e+01
3.398392760753631592e+02	2.946000000000000085e+01
3.423016643524169922e+02	2.942000000000000171e+01
3.447643020153045654e+02	2.946000000000000085e+01
3.472266442775726318e+02	2.946000000000000085e+01
3.496893162727355957e+02	2.946000000000000085e+01
3.521521368026733398e+02	2.946000000000000085e+01
3.546138780117034912e+02	2.942000000000000171e+01
3.570772519111633301e+02	2.942000000000000171e+01
3.595392885208129883e+02	2.946000000000000085e+01
3.620022497177124023e+02	2.946000000000000085e+01
3.644652137756347656e+02	2.942000000000000171e+01
3.669272124767303467e+02	2.948999999999999844e+01
3.693905181884765625e+02	2.948999999999999844e+01
3.718531253337860107e+02	2.946000000000000085e+01
3.743152384757995605e+02	2.946000000000000085e+01
3.767775547504425049e+02	2.942000000000000171e+01
3.792408933639526367e+02	2.946000000000000085e+01
3.817032208442687988e+02	2.942000000000000171e+01
3.841659190654754639e+02	2.948999999999999844e+01
3.866275656223297119e+02	2.946000000000000085e+01
3.890906827449798584e+02	2.946000000000000085e+01
3.915539178848266602e+02	2.948999999999999844e+01
3.940154802799224854e+02	2.946000000000000085e+01
3.964786334037780762e+02	2.946000000000000085e+01
3.989415848255157471e+02	2.942000000000000171e+01
4.014034764766693115e+02	2.948999999999999844e+01
4.038659987449645996e+02	2.946000000000000085e+01
4.063284990787506104e+02	2.946000000000000085e+01
4.087913756370544434e+02	2.942000000000000171e+01
4.112540652751922607e+02	2.946000000000000085e+01
4.137161538600921631e+02	2.942000000000000171e+01
4.161797797679901123e+02	2.946000000000000085e+01
4.186423470973968506e+02	2.939000000000000057e+01
4.211050214767456055e+02	2.942000000000000171e+01
4.235673058032989502e+02	2.942000000000000171e+01
4.260297172069549561e+02	2.946000000000000085e+01
4.284924376010894775e+02	2.946000000000000085e+01
4.309551558494567871e+02	2.939000000000000057e+01
4.334170508384704590e+02	2.942000000000000171e+01
4.358801209926605225e+02	2.946000000000000085e+01
4.383429365158081055e+02	2.946000000000000085e+01
4.408055434226989746e+02	2.946000000000000085e+01
4.432678480148315430e+02	2.946000000000000085e+01
4.457301902770996094e+02	2.942000000000000171e+01
4.481928222179412842e+02	2.942000000000000171e+01
4.506554863452911377e+02	2.942000000000000171e+01
4.531180591583251953e+02	2.946000000000000085e+01
4.555807199478149414e+02	2.946000000000000085e+01
4.580436570644378662e+02	2.946000000000000085e+01
4.605069665908813477e+02	2.946000000000000085e+01
4.629685385227203369e+02	2.946000000000000085e+01
4.654314024448394775e+02	2.946000000000000085e+01
4.678944225311279297e+02	2.948999999999999844e+01
4.703568079471588135e+02	2.948999999999999844e+01
4.728192102909088135e+02	2.946000000000000085e+01
4.752821376323699951e+02	2.946000000000000085e+01
4.777444338798522949e+02	2.946000000000000085e+01
4.802072997093200684e+02	2.948999999999999844e+01
4.826696231365203857e+02	2.946000000000000085e+01
4.851317248344421387e+02	2.948999999999999844e+01
4.875939772129058838e+02	2.948999999999999844e+01
4.900576462745666504e+02	2.948999999999999844e+01
4.925194988250732422e+02	2.946000000000000085e+01
4.949830319881439209e+02	2.953000000000000114e+01
4.974452400207519531e+02	2.946000000000000085e+01
4.999071242809295654e+02	2.946000000000000085e+01
5.023707220554351807e+02	2.953000000000000114e+01
5.048327631950378418e+02	2.948999999999999844e+01
5.072959246635437012e+02	2.948999999999999844e+01
5.097582628726959229e+02	2.948999999999999844e+01
5.122203059196472168e+02	2.948999999999999844e+01
5.146835653781890869e+02	2.946000000000000085e+01
5.171458082199096680e+02	2.953000000000000114e+01
5.196085753440856934e+02	2.948999999999999844e+01
5.220709216594696045e+02	2.946000000000000085e+01
5.245336506366729736e+02	2.953000000000000114e+01
5.269956686496734619e+02	2.948999999999999844e+01
5.294587504863739014e+02	2.948999999999999844e+01
5.319217958450317383e+02	2.948999999999999844e+01
5.343840026855468750e+02	2.953000000000000114e+01
5.368469133377075195e+02	2.946000000000000085e+01
5.393093943595886230e+02	2.946000000000000085e+01
5.417717547416687012e+02	2.948999999999999844e+01
5.442345738410949707e+02	2.948999999999999844e+01
5.466975851058959961e+02	2.948999999999999844e+01
5.491593649387359619e+02	2.946000000000000085e+01
5.516218361854553223e+02	2.946000000000000085e+01
5.540851879119873047e+02	2.948999999999999844e+01
5.565473275184631348e+02	2.946000000000000085e+01
5.590101189613342285e+02	2.946000000000000085e+01
5.614729139804840088e+02	2.942000000000000171e+01
5.639348239898681641e+02	2.946000000000000085e+01
5.663973491191864014e+02	2.942000000000000171e+01
5.688607811927795410e+02	2.946000000000000085e+01
5.713228294849395752e+02	2.942000000000000171e+01
5.737854394912719727e+02	2.948999999999999844e+01
5.762481718063354492e+02	2.948999999999999844e+01
5.787109754085540771e+02	2.942000000000000171e+01
5.811739454269409180e+02	2.946000000000000085e+01
5.836353089809417725e+02	2.946000000000000085e+01
5.860989117622375488e+02	2.948999999999999844e+01
5.885615515708923340e+02	2.946000000000000085e+01
5.910239930152893066e+02	2.946000000000000085e+01
5.934865114688873291e+02	2.948999999999999844e+01
5.959489183425903320e+02	2.948999999999999844e+01
5.984117317199707031e+02	2.948999999999999844e+01
6.008743982315063477e+02	2.948999999999999844e+01
6.033367280960083008e+02	2.948999999999999844e+01
6.057989821434020996e+02	2.946000000000000085e+01
6.082608468532562256e+02	2.946000000000000085e+01
6.107251334190368652e+02	2.948999999999999844e+01
6.131877102851867676e+02	2.946000000000000085e+01
6.156492924690246582e+02	2.946000000000000085e+01
6.181126194000244141e+02	2.946000000000000085e+01
6.205754497051239014e+02	2.946000000000000085e+01
6.230372974872589111e+02	2.946000000000000085e+01
6.254998667240142822e+02	2.948999999999999844e+01
6.279620995521545410e+02	2.942000000000000171e+01
6.304254662990570068e+02	2.948999999999999844e+01
6.328883397579193115e+02	2.946000000000000085e+01
6.353499262332916260e+02	2.946000000000000085e+01
6.378133649826049805e+02	2.946000000000000085e+01
6.402760961055755615e+02	2.942000000000000171e+01
6.427387297153472900e+02	2.946000000000000085e+01
6.452005381584167480e+02	2.942000000000000171e+01
6.476630821228027344e+02	2.939000000000000057e+01
6.501259763240814209e+02	2.946000000000000085e+01
6.525884470939636230e+02	2.946000000000000085e+01
6.550513465404510498e+02	2.942000000000000171e+01
6.575141184329986572e+02	2.948999999999999844e+01
6.599764213562011719e+02	2.946000000000000085e+01
6.624389674663543701e+02	2.948999999999999844e+01
6.649016487598419189e+02	2.948999999999999844e+01
6.673639531135559082e+02	2.948999999999999844e+01
6.698270132541656494e+02	2.946000000000000085e+01
6.722896316051483154e+02	2.948999999999999844e+01
6.747518904209136963e+02	2.953000000000000114e+01
6.772150971889495850e+02	2.948999999999999844e+01
6.796768915653228760e+02	2.948999999999999844e+01
6.821398608684539795e+02	2.953000000000000114e+01
6.846029284000396729e+02	2.953000000000000114e+01
6.870652499198913574e+02	2.946000000000000085e+01
6.895280792713165283e+02	2.953000000000000114e+01
6.919905292987823486e+02	2.946000000000000085e+01
6.944525516033172607e+02	2.948999999999999844e+01
6.969153702259063721e+02	2.953000000000000114e+01
6.993778488636016846e+02	2.948999999999999844e+01
7.018403475284576416e+02	2.948999999999999844e+01
7.043034055233001709e+02	2.948999999999999844e+01
7.067660944461822510e+02	2.955999999999999872e+01
7.092280573844909668e+02	2.948999999999999844e+01
7.116907470226287842e+02	2.953000000000000114e+01
7.141534006595611572e+02	2.948999999999999844e+01
7.166160857677459717e+02	2.953000000000000114e+01
7.190786817073822021e+02	2.955999999999999872e+01
7.215418713092803955e+02	2.948999999999999844e+01
7.240029368400573730e+02	2.948999999999999844e+01
7.264668700695037842e+02	2.948999999999999844e+01
7.289287872314453125e+02	2.948999999999999844e+01
7.313921527862548828e+02	2.953000000000000114e+01
7.338539278507232666e+02	2.948999999999999844e+01
7.363171648979187012e+02	2.948999999999999844e+01
7.387802133560180664e+02	2.948999999999999844e+01
7.412427155971527100e+02	2.948999999999999844e+01
7.437048597335815430e+02	2.946000000000000085e+01
7.461668469905853271e+02	2.948999999999999844e+01
7.486296958923339844e+02	2.948999999999999844e+01
7.510925929546356201e+02	2.946000000000000085e+01
7.535556132793426514e+02	2.946000000000000085e+01
7.560176234245300293e+02	2.946000000000000085e+01
7.584808382987976074e+02	2.946000000000000085e+01
7.609426524639129639e+02	2.946000000000000085e+01
7.634061653614044189e+02	2.946000000000000085e+01
7.658687672615051270e+02	2.948999999999999844e+01
7.683305485248565674e+02	2.946000000000000085e+01
7.707933561801910400e+02	2.948999999999999844e+01
7.732564053535461426e+02	2.946000000000000085e+01
7.757186825275421143e+02	2.946000000000000085e+01
7.781808128356933594e+02	2.946000000000000085e+01
7.806438853740692139e+02	2.948999999999999844e+01
7.831061074733734131e+02	2.946000000000000085e+01
7.855688874721527100e+02	2.948999999999999844e+01
7.880319378376007080e+02	2.946000000000000085e+01
7.904944372177124023e+02	2.948999999999999844e+01
7.929567937850952148e+02	2.948999999999999844e+01
7.954198703765869141e+02	2.948999999999999844e+01
7.978820180892944336e+02	2.948999999999999844e+01
8.003448317050933838e+02	2.948999999999999844e+01
8.028075859546661377e+02	2.948999999999999844e+01
8.052693493366241455e+02	2.948999999999999844e+01
8.077327458858489990e+02	2.953000000000000114e+01
8.101947507858276367e+02	2.948999999999999844e+01
8.126581737995147705e+02	2.953000000000000114e+01
8.151202373504638672e+02	2.948999999999999844e+01
8.175826835632324219e+02	2.948999999999999844e+01
8.200453827381134033e+02	2.953000000000000114e+01
8.225081975460052490e+02	2.946000000000000085e+01
8.249704136848449707e+02	2.948999999999999844e+01
8.274330391883850098e+02	2.946000000000000085e+01
8.298963646888732910e+02	2.946000000000000085e+01
8.323584377765655518e+02	2.939000000000000057e+01
8.348206636905670166e+02	2.946000000000000085e+01
8.372836029529571533e+02	2.946000000000000085e+01
8.397466328144073486e+02	2.942000000000000171e+01
8.422086160182952881e+02	2.946000000000000085e+01
8.446713302135467529e+02	2.946000000000000085e+01
8.471340246200561523e+02	2.948999999999999844e+01
8.495964608192443848e+02	2.946000000000000085e+01
8.520599672794342041e+02	2.946000000000000085e+01
8.545223116874694824e+02	2.946000000000000085e+01
8.569845080375671387e+02	2.946000000000000085e+01
8.594472889900207520e+02	2.946000000000000085e+01
8.619091968536376953e+02	2.946000000000000085e+01
8.643724105358123779e+02	2.946000000000000085e+01
8.668343706130981445e+02	2.946000000000000085e+01
8.692973639965057373e+02	2.948999999999999844e+01
8.717601969242095947e+02	2.948999999999999844e+01
8.742224862575531006e+02	2.948999999999999844e+01
8.766849949359893799e+02	2.946000000000000085e+01
8.791478972434997559e+02	2.946000000000000085e+01
8.816105518341064453e+02	2.946000000000000085e+01
8.840727667808532715e+02	2.946000000000000085e+01
8.865354552268981934e+02	2.946000000000000085e+01
8.889978020191192627e+02	2.948999999999999844e+01
8.914614756107330322e+02	2.948999999999999844e+01
8.939229047298431396e+02	2.948999999999999844e+01
8.963856089115142822e+02	2.948999999999999844e+01
8.988488242626190186e+02	2.948999999999999844e+01
9.013117487430572510e+02	2.948999999999999844e+01
9.037739963531494141e+02	2.948999999999999844e+01
9.062366406917572021e+02	2.946000000000000085e+01
9.086997461318969727e+02	2.942000000000000171e+01
9.111616718769073486e+02	2.948999999999999844e+01
9.136243727207183838e+02	2.946000000000000085e+01
9.160874037742614746e+02	2.942000000000000171e+01
9.185492444038391113e+02	2.946000000000000085e+01
9.210125091075897217e+02	2.948999999999999844e+01
9.234745514392852783e+02	2.946000000000000085e+01
9.259375300407409668e+02	2.946000000000000085e+01
9.283995878696441650e+02	2.946000000000000085e+01
9.308621542453765869e+02	2.946000000000000085e+01
9.333254597187042236e+02	2.948999999999999844e+01
9.357873337268829346e+02	2.948999999999999844e+01
9.382499363422393799e+02	2.946000000000000085e+01
9.407135448455810547e+02	2.948999999999999844e+01
9.431759912967681885e+02	2.946000000000000085e+01
9.456385047435760498e+02	2.948999999999999844e+01
9.481003942489624023e+02	2.946000000000000085e+01
9.505633749961853027e+02	2.948999999999999844e+01
9.530257117748260498e+02	2.946000000000000085e+01
9.554884507656097412e+02	2.948999999999999844e+01
9.579508314132690430e+02	2.953000000000000114e+01
9.604132618904113770e+02	2.948999999999999844e+01
9.628763706684112549e+02	2.948999999999999844e+01
9.653384089469909668e+02	2.953000000000000114e+01
9.678013384342193604e+02	2.948999999999999844e+01
9.702643039226531982e+02	2.948999999999999844e+01
9.727271268367767334e+02	2.948999999999999844e+01
9.751889350414276123e+02	2.953000000000000114e+01
9.776524434089660645e+02	2.948999999999999844e+01
9.801150355339050293e+02	2.953000000000000114e+01
9.825766489505767822e+02	2.948999999999999844e+01
9.850399498939514160e+02	2.948999999999999844e+01
9.875010323524475098e+02	2.948999999999999844e+01
9.899651677608489990e+02	2.946000000000000085e+01
9.924276413917541504e+02	2.948999999999999844e+01
9.948901445865631104e+02	2.946000000000000085e+01
9.973525774478912354e+02	2.948999999999999844e+01
9.998146848678588867e+02	2.946000000000000085e+01
1.002277318000793457e+03	2.948999999999999844e+01
1.004740290880203247e+03	2.946000000000000085e+01
1.007203372955322266e+03	2.948999999999999844e+01
1.009665379524230957e+03	2.948999999999999844e+01
1.012128173112869263e+03	2.948999999999999844e+01
1.014591179370880127e+03	2.948999999999999844e+01
1.017053194761276245e+03	2.946000000000000085e+01
1.019516456365585327e+03	2.948999999999999844e+01
1.021979085445404053e+03	2.946000000000000085e+01
1.024441544771194458e+03	2.953000000000000114e+01
1.026903152465820312e+03	2.948999999999999844e+01
1.029366314888000488e+03	2.953000000000000114e+01
1.031829145669937134e+03	2.953000000000000114e+01
1.034291107892990112e+03	2.948999999999999844e+01
1.036754308462142944e+03	2.948999999999999844e+01
1.039216277599334717e+03	2.946000000000000085e+01
1.041679700613021851e+03	2.948999999999999844e+01
1.044141475439071655e+03	2.953000000000000114e+01
1.046604329824447632e+03	2.946000000000000085e+01
1.049066431999206543e+03	2.953000000000000114e+01
1.051529529333114624e+03	2.948999999999999844e+01
1.053991782665252686e+03	2.953000000000000114e+01
1.056454429388046265e+03	2.953000000000000114e+01
1.058917460680007935e+03	2.953000000000000114e+01
1.061380429506301880e+03	2.948999999999999844e+01
1.063842314243316650e+03	2.948999999999999844e+01
1.066305399179458618e+03	2.953000000000000114e+01
1.068768205165863037e+03	2.948999999999999844e+01
1.071230322360992432e+03	2.948999999999999844e+01
1.073693124532699585e+03	2.953000000000000114e+01
1.076154778003692627e+03	2.953000000000000114e+01
1.078618205785751343e+03	2.948999999999999844e+01
1.081080555677413940e+03	2.955999999999999872e+01
1.083544145345687866e+03	2.953000000000000114e+01
1.086006331205368042e+03	2.955999999999999872e+01
1.088467998027801514e+03	2.953000000000000114e+01
1.090930943250656128e+03	2.953000000000000114e+01
1.093393879175186157e+03	2.955999999999999872e+01
1.095855844974517822e+03	2.953000000000000114e+01
1.098318294525146484e+03	2.955999999999999872e+01
1.100781062841415405e+03	2.955999999999999872e+01
1.103243905782699585e+03	2.955999999999999872e+01
1.105706225872039795e+03	2.955999999999999872e+01
1.108168922662734985e+03	2.955999999999999872e+01
1.110631608963012695e+03	2.953000000000000114e+01
1.113094477176666260e+03	2.953000000000000114e+01
1.115557359933853149e+03	2.953000000000000114e+01
1.118018918514251709e+03	2.955999999999999872e+01
1.120482276439666748e+03	2.955999999999999872e+01
1.122944828510284424e+03	2.955999999999999872e+01
1.125407566070556641e+03	2.955999999999999872e+01
1.127869802951812744e+03	2.955999999999999872e+01
1.130332963943481445e+03	2.958999999999999986e+01
1.132794471740722656e+03	2.958999999999999986e+01
1.135257825613021851e+03	2.955999999999999872e+01
1.137720235824584961e+03	2.955999999999999872e+01
1.140182685852050781e+03	2.955999999999999872e+01
1.142645596981048584e+03	2.955999999999999872e+01
1.145108013391494751e+03	2.955999999999999872e+01
1.147570541620254517e+03	2.955999999999999872e+01
1.150033195018768311e+03	2.955999999999999872e+01
1.152495447635650635e+03	2.953000000000000114e+01
1.154958405494689941e+03	2.953000000000000114e+01
1.157421123504638672e+03	2.948999999999999844e+01
1.159883113861083984e+03	2.955999999999999872e+01
1.162346472024917603e+03	2.955999999999999872e+01
1.164808572769165039e+03	2.953000000000000114e+01
1.167270795106887817e+03	2.948999999999999844e+01
1.169733917474746704e+03	2.953000000000000114e+01
1.172196959257125854e+03	2.955999999999999872e+01
1.174659579515457153e+03	2.948999999999999844e+01
1.177121727228164673e+03	2.953000000000000114e+01
1.179584455013275146e+03	2.948999999999999844e+01
1.182047436237335205e+03	2.948999999999999844e+01
1.184509460926055908e+03	2.953000000000000114e+01
1.186972325563430786e+03	2.953000000000000114e+01
1.189435002565383911e+03	2.948999999999999844e+01
1.191897411823272705e+03	2.953000000000000114e+01
1.194359118223190308e+03	2.946000000000000085e+01
1.196821987867355347e+03	2.953000000000000114e+01
1.199285387277603149e+03	2.953000000000000114e+01
1.201747486829757690e+03	2.946000000000000085e+01
1.204210294008255005e+03	2.948999999999999844e+01
1.206672501802444458e+03	2.946000000000000085e+01
1.209135638713836670e+03	2.948999999999999844e+01
1.211598747253417969e+03	2.953000000000000114e+01
1.214060340881347656e+03	2.948999999999999844e+01
1.216523151636123657e+03	2.953000000000000114e+01
1.218985896348953247e+03	2.948999999999999844e+01
1.221448616027832031e+03	2.955999999999999872e+01
1.223911741018295288e+03	2.955999999999999872e+01
1.226373934507369995e+03	2.953000000000000114e+01
1.228836804151535034e+03	2.953000000000000114e+01
1.231299638032913208e+03	2.953000000000000114e+01
1.233761718988418579e+03	2.953000000000000114e+01
1.236224173784255981e+03	2.953000000000000114e+01
1.238686668634414673e+03	2.953000000000000114e+01
1.241149847984313965e+03	2.953000000000000114e+01
1.243611681938171387e+03	2.953000000000000114e+01
1.246074839353561401e+03	2.955999999999999872e+01
1.248537253141403198e+03	2.953000000000000114e+01
1.250999266624450684e+03	2.953000000000000114e+01
1.253462111473083496e+03	2.953000000000000114e+01
1.255925430297851562e+03	2.953000000000000114e+01
1.258387730598449707e+03	2.953000000000000114e+01
1.260850120067596436e+03	2.955999999999999872e+01
1.263312114715576172e+03	2.953000000000000114e+01
1.265775332212448120e+03	2.953000000000000114e+01
1.268238225936889648e+03	2.955999999999999872e+01
1.270700520753860474e+03	2.948999999999999844e+01
1.273163619518280029e+03	2.946000000000000085e+01
1.275625616788864136e+03	2.953000000000000114e+01
1.278088047266006470e+03	2.948999999999999844e+01
1.280551311492919922e+03	2.948999999999999844e+01
1.283013988256454468e+03	2.948999999999999844e+01
1.285475568294525146e+03	2.948999999999999844e+01
1.287938607692718506e+03	2.946000000000000085e+01
1.290400882244110107e+03	2.946000000000000085e+01
1.292864311695098877e+03	2.946000000000000085e+01
1.295326763629913330e+03	2.948999999999999844e+01
1.297788576602935791e+03	2.946000000000000085e+01
1.300252395868301392e+03	2.948999999999999844e+01
1.302714650392532349e+03	2.948999999999999844e+01
1.305177170991897583e+03	2.946000000000000085e+01
1.307639663219451904e+03	2.948999999999999844e+01
1.310102210521697998e+03	2.946000000000000085e+01
1.312564301490783691e+03	2.948999999999999844e+01
1.315027079105377197e+03	2.948999999999999844e+01
1.317490354061126709e+03	2.953000000000000114e+01
1.319952437162399292e+03	2.948999999999999844e+01
1.322415580272674561e+03	2.948999999999999844e+01
1.324878410100936890e+03	2.953000000000000114e+01
1.327340131759643555e+03	2.948999999999999844e+01
1.329802690982818604e+03	2.948999999999999844e+01
1.332265052795410156e+03	2.948999999999999844e+01
1.334727718830108643e+03	2.946000000000000085e+01
1.337191316366195679e+03	2.948999999999999844e+01
1.339653836011886597e+03	2.948999999999999844e+01
1.342116225957870483e+03	2.946000000000000085e+01
1.344579074621200562e+03	2.948999999999999844e+01
1.347040733575820923e+03	2.953000000000000114e+01
1.349504008054733276e+03	2.948999999999999844e+01
1.351966658592224121e+03	2.948999999999999844e+01
1.354427960634231567e+03	2.948999999999999844e+01
1.356891418695449829e+03	2.948999999999999844e+01
1.359354454994201660e+03	2.946000000000000085e+01
1.361816533565521240e+03	2.953000000000000114e+01
1.364279242992401123e+03	2.948999999999999844e+01
1.366742496252059937e+03	2.946000000000000085e+01
1.369204165458679199e+03	2.946000000000000085e+01
1.371667726278305054e+03	2.948999999999999844e+01
1.374130174875259399e+03	2.946000000000000085e+01
1.376592129230499268e+03	2.946000000000000085e+01
1.379054881334304810e+03	2.942000000000000171e+01
1.381517894029617310e+03	2.946000000000000085e+01
1.383980231761932373e+03	2.948999999999999844e+01
1.386443415641784668e+03	2.946000000000000085e+01
1.388905433654785156e+03	2.946000000000000085e+01
1.391367751598358154e+03	2.946000000000000085e+01
1.393831107854843140e+03	2.942000000000000171e+01
1.396293463230133057e+03	2.946000000000000085e+01
1.398755785942077637e+03	2.948999999999999844e+01
1.401218338489532471e+03	2.948999999999999844e+01
1.403681184053421021e+03	2.946000000000000085e+01
1.406143545389175415e+03	2.948999999999999844e+01
1.408606788873672485e+03	2.948999999999999844e+01
1.411068794012069702e+03	2.948999999999999844e+01
1.413531461715698242e+03	2.948999999999999844e+01
1.415994331598281860e+03	2.953000000000000114e+01
1.418456135272979736e+03	2.948999999999999844e+01
1.420919290304183960e+03	2.948999999999999844e+01
1.423382365703582764e+03	2.948999999999999844e+01
1.425844166517257690e+03	2.946000000000000085e+01
1.428306729793548584e+03	2.953000000000000114e+01
1.430769377231597900e+03	2.948999999999999844e+01
1.433231715917587280e+03	2.948999999999999844e+01
1.435694854497909546e+03	2.948999999999999844e+01
1.438157474994659424e+03	2.948999999999999844e+01
1.440619952201843262e+03	2.948999999999999844e+01
1.443082412242889404e+03	2.946000000000000085e+01
1.445544982671737671e+03	2.953000000000000114e+01
1.448008095741271973e+03	2.948999999999999844e+01
1.450469583988189697e+03	2.948999999999999844e+01
1.452932307720184326e+03	2.948999999999999844e+01
1.455395657539367676e+03	2.946000000000000085e+01
1.457858215332031250e+03	2.946000000000000085e+01
1.460320413589477539e+03	2.946000000000000085e+01
1.462783682584762573e+03	2.948999999999999844e+01
1.465245754003524780e+03	2.946000000000000085e+01
1.467708649158477783e+03	2.946000000000000085e+01
1.470170898675918579e+03	2.946000000000000085e+01
1.472633109092712402e+03	2.946000000000000085e+01
1.475096622705459595e+03	2.946000000000000085e+01
