# 20220727
# time			temp			
0.000000000000000000e+00	2.982999999999999829e+01
2.462744951248168945e+00	2.980000000000000071e+01
4.924746751785278320e+00	2.976000000000000156e+01
7.387941122055053711e+00	2.982999999999999829e+01
9.849484205245971680e+00	2.980000000000000071e+01
1.226672530174255371e+01	2.982999999999999829e+01
1.472859644889831543e+01	2.982999999999999829e+01
1.719174957275390625e+01	2.985999999999999943e+01
1.965456223487854004e+01	2.982999999999999829e+01
2.211667966842651367e+01	2.985999999999999943e+01
2.453335976600646973e+01	2.982999999999999829e+01
2.699614405632019043e+01	2.982999999999999829e+01
2.945849275588989258e+01	2.982999999999999829e+01
3.192077755928039551e+01	2.985999999999999943e+01
3.438312935829162598e+01	2.982999999999999829e+01
3.684653782844543457e+01	2.982999999999999829e+01
3.930943226814270020e+01	2.985999999999999943e+01
4.177194905281066895e+01	2.980000000000000071e+01
4.423418283462524414e+01	2.982999999999999829e+01
4.669695591926574707e+01	2.980000000000000071e+01
4.915911841392517090e+01	2.982999999999999829e+01
5.162177467346191406e+01	2.982999999999999829e+01
5.408493804931640625e+01	2.982999999999999829e+01
5.654718160629272461e+01	2.982999999999999829e+01
5.900974416732788086e+01	2.980000000000000071e+01
6.147269058227539062e+01	2.982999999999999829e+01
6.393449521064758301e+01	2.982999999999999829e+01
6.639759111404418945e+01	2.982999999999999829e+01
6.886086654663085938e+01	2.985999999999999943e+01
7.132315063476562500e+01	2.985999999999999943e+01
7.378578662872314453e+01	2.982999999999999829e+01
7.624863600730895996e+01	2.985999999999999943e+01
7.871099710464477539e+01	2.985999999999999943e+01
8.117358589172363281e+01	2.985999999999999943e+01
8.363653016090393066e+01	2.985999999999999943e+01
8.609882521629333496e+01	2.985999999999999943e+01
8.856114506721496582e+01	2.985999999999999943e+01
9.102393174171447754e+01	2.985999999999999943e+01
9.348692584037780762e+01	2.985999999999999943e+01
9.594912672042846680e+01	2.985999999999999943e+01
9.841173934936523438e+01	2.989999999999999858e+01
1.008742341995239258e+02	2.985999999999999943e+01
1.033370039463043213e+02	2.982999999999999829e+01
1.057991340160369873e+02	2.982999999999999829e+01
1.082615592479705811e+02	2.985999999999999943e+01
1.107241740226745605e+02	2.985999999999999943e+01
1.131878006458282471e+02	2.985999999999999943e+01
1.156495893001556396e+02	2.985999999999999943e+01
1.181127729415893555e+02	2.985999999999999943e+01
1.205745658874511719e+02	2.985999999999999943e+01
1.230375881195068359e+02	2.985999999999999943e+01
1.254996635913848877e+02	2.985999999999999943e+01
1.279627921581268311e+02	2.985999999999999943e+01
1.304256770610809326e+02	2.985999999999999943e+01
1.328882262706756592e+02	2.980000000000000071e+01
1.353505439758300781e+02	2.982999999999999829e+01
1.378131234645843506e+02	2.985999999999999943e+01
1.402757842540740967e+02	2.985999999999999943e+01
1.427384240627288818e+02	2.980000000000000071e+01
1.452017128467559814e+02	2.982999999999999829e+01
1.476641697883605957e+02	2.985999999999999943e+01
1.501257221698760986e+02	2.982999999999999829e+01
1.525894553661346436e+02	2.982999999999999829e+01
1.550521545410156250e+02	2.982999999999999829e+01
1.575137536525726318e+02	2.982999999999999829e+01
1.599772133827209473e+02	2.982999999999999829e+01
1.624398396015167236e+02	2.985999999999999943e+01
1.649026556015014648e+02	2.985999999999999943e+01
1.673649272918701172e+02	2.982999999999999829e+01
1.698274269104003906e+02	2.982999999999999829e+01
1.722898495197296143e+02	2.982999999999999829e+01
1.747526268959045410e+02	2.982999999999999829e+01
1.772155373096466064e+02	2.980000000000000071e+01
1.796777400970458984e+02	2.980000000000000071e+01
1.821398687362670898e+02	2.982999999999999829e+01
1.846030573844909668e+02	2.982999999999999829e+01
1.870654101371765137e+02	2.980000000000000071e+01
1.895277404785156250e+02	2.980000000000000071e+01
1.919907031059265137e+02	2.982999999999999829e+01
1.944536907672882080e+02	2.985999999999999943e+01
1.969153060913085938e+02	2.980000000000000071e+01
1.993784480094909668e+02	2.985999999999999943e+01
2.018409187793731689e+02	2.985999999999999943e+01
2.043030369281768799e+02	2.985999999999999943e+01
2.067667665481567383e+02	2.982999999999999829e+01
2.092286715507507324e+02	2.982999999999999829e+01
2.116920244693756104e+02	2.982999999999999829e+01
2.141538472175598145e+02	2.982999999999999829e+01
2.166166172027587891e+02	2.982999999999999829e+01
2.190792241096496582e+02	2.982999999999999829e+01
2.215418617725372314e+02	2.982999999999999829e+01
2.240051159858703613e+02	2.989999999999999858e+01
2.264676997661590576e+02	2.980000000000000071e+01
2.289298245906829834e+02	2.982999999999999829e+01
2.313927025794982910e+02	2.985999999999999943e+01
2.338554744720458984e+02	2.985999999999999943e+01
2.363173875808715820e+02	2.982999999999999829e+01
2.387798328399658203e+02	2.989999999999999858e+01
2.412429234981536865e+02	2.985999999999999943e+01
2.437053716182708740e+02	2.985999999999999943e+01
2.461681132316589355e+02	2.985999999999999943e+01
2.486300992965698242e+02	2.985999999999999943e+01
2.510935189723968506e+02	2.982999999999999829e+01
2.535558464527130127e+02	2.985999999999999943e+01
2.560186297893524170e+02	2.985999999999999943e+01
2.584808311462402344e+02	2.982999999999999829e+01
2.609441580772399902e+02	2.985999999999999943e+01
2.634062061309814453e+02	2.985999999999999943e+01
2.658691792488098145e+02	2.985999999999999943e+01
2.683318152427673340e+02	2.982999999999999829e+01
2.707946879863739014e+02	2.985999999999999943e+01
2.732567346096038818e+02	2.985999999999999943e+01
2.757197887897491455e+02	2.985999999999999943e+01
2.781827619075775146e+02	2.980000000000000071e+01
2.806453919410705566e+02	2.985999999999999943e+01
2.831072621345520020e+02	2.980000000000000071e+01
2.855694432258605957e+02	2.982999999999999829e+01
2.880329446792602539e+02	2.982999999999999829e+01
2.904949800968170166e+02	2.982999999999999829e+01
2.929579019546508789e+02	2.980000000000000071e+01
2.954208993911743164e+02	2.982999999999999829e+01
2.978829596042633057e+02	2.982999999999999829e+01
3.003456704616546631e+02	2.985999999999999943e+01
3.028082323074340820e+02	2.985999999999999943e+01
3.052703394889831543e+02	2.985999999999999943e+01
3.077330195903778076e+02	2.985999999999999943e+01
3.101963577270507812e+02	2.982999999999999829e+01
3.126582934856414795e+02	2.982999999999999829e+01
3.151209325790405273e+02	2.985999999999999943e+01
3.175837585926055908e+02	2.985999999999999943e+01
3.200468809604644775e+02	2.985999999999999943e+01
3.225087625980377197e+02	2.982999999999999829e+01
3.249716839790344238e+02	2.982999999999999829e+01
3.274339818954467773e+02	2.982999999999999829e+01
3.298962476253509521e+02	2.982999999999999829e+01
3.323591473102569580e+02	2.980000000000000071e+01
3.348221464157104492e+02	2.980000000000000071e+01
3.372845551967620850e+02	2.982999999999999829e+01
3.397473547458648682e+02	2.982999999999999829e+01
3.422097249031066895e+02	2.980000000000000071e+01
3.446729063987731934e+02	2.982999999999999829e+01
3.471349923610687256e+02	2.982999999999999829e+01
3.495979745388031006e+02	2.982999999999999829e+01
3.520604836940765381e+02	2.982999999999999829e+01
3.545228419303894043e+02	2.982999999999999829e+01
3.569855170249938965e+02	2.989999999999999858e+01
3.594485936164855957e+02	2.985999999999999943e+01
3.619105374813079834e+02	2.989999999999999858e+01
3.643738296031951904e+02	2.989999999999999858e+01
3.668356292247772217e+02	2.985999999999999943e+01
3.692989842891693115e+02	2.989999999999999858e+01
3.717615079879760742e+02	2.989999999999999858e+01
3.742231891155242920e+02	2.989999999999999858e+01
3.766866836547851562e+02	2.989999999999999858e+01
3.791487491130828857e+02	2.989999999999999858e+01
3.816114885807037354e+02	2.985999999999999943e+01
3.840738067626953125e+02	2.989999999999999858e+01
3.865373554229736328e+02	2.992999999999999972e+01
3.889991633892059326e+02	2.985999999999999943e+01
3.914618024826049805e+02	2.985999999999999943e+01
3.939251472949981689e+02	2.985999999999999943e+01
3.963869915008544922e+02	2.989999999999999858e+01
3.988498570919036865e+02	2.985999999999999943e+01
4.013119816780090332e+02	2.985999999999999943e+01
4.037747414112091064e+02	2.989999999999999858e+01
4.062381987571716309e+02	2.985999999999999943e+01
4.087000191211700439e+02	2.989999999999999858e+01
4.111625359058380127e+02	2.985999999999999943e+01
4.136254777908325195e+02	2.982999999999999829e+01
4.160876812934875488e+02	2.982999999999999829e+01
4.185512585639953613e+02	2.989999999999999858e+01
4.210136919021606445e+02	2.985999999999999943e+01
4.234756495952606201e+02	2.985999999999999943e+01
4.259381203651428223e+02	2.985999999999999943e+01
4.284015116691589355e+02	2.985999999999999943e+01
4.308626723289489746e+02	2.982999999999999829e+01
4.333258070945739746e+02	2.985999999999999943e+01
4.357886443138122559e+02	2.985999999999999943e+01
4.382520713806152344e+02	2.985999999999999943e+01
4.407136237621307373e+02	2.985999999999999943e+01
4.431771972179412842e+02	2.982999999999999829e+01
4.456396508216857910e+02	2.982999999999999829e+01
4.481020522117614746e+02	2.982999999999999829e+01
4.505645246505737305e+02	2.982999999999999829e+01
4.530265867710113525e+02	2.982999999999999829e+01
4.554897201061248779e+02	2.982999999999999829e+01
4.579527368545532227e+02	2.980000000000000071e+01
4.604146680831909180e+02	2.980000000000000071e+01
4.628775725364685059e+02	2.982999999999999829e+01
4.653398766517639160e+02	2.982999999999999829e+01
4.678031673431396484e+02	2.982999999999999829e+01
4.702649071216583252e+02	2.982999999999999829e+01
4.727278311252593994e+02	2.980000000000000071e+01
4.751910772323608398e+02	2.982999999999999829e+01
4.776535856723785400e+02	2.976000000000000156e+01
4.801159267425537109e+02	2.982999999999999829e+01
4.825780365467071533e+02	2.982999999999999829e+01
4.850408914089202881e+02	2.980000000000000071e+01
4.875034694671630859e+02	2.976000000000000156e+01
4.899663364887237549e+02	2.980000000000000071e+01
4.924287412166595459e+02	2.982999999999999829e+01
4.948915367126464844e+02	2.982999999999999829e+01
4.973529882431030273e+02	2.985999999999999943e+01
4.998162536621093750e+02	2.980000000000000071e+01
5.022785558700561523e+02	2.982999999999999829e+01
5.047420215606689453e+02	2.989999999999999858e+01
5.072044491767883301e+02	2.982999999999999829e+01
5.096666882038116455e+02	2.985999999999999943e+01
5.121294322013854980e+02	2.985999999999999943e+01
5.145917718410491943e+02	2.982999999999999829e+01
5.170544571876525879e+02	2.989999999999999858e+01
5.195175538063049316e+02	2.985999999999999943e+01
5.219797132015228271e+02	2.985999999999999943e+01
5.244427537918090820e+02	2.985999999999999943e+01
5.269045970439910889e+02	2.989999999999999858e+01
5.293680350780487061e+02	2.985999999999999943e+01
5.318309154510498047e+02	2.985999999999999943e+01
5.342928237915039062e+02	2.985999999999999943e+01
5.367557027339935303e+02	2.982999999999999829e+01
5.392189390659332275e+02	2.982999999999999829e+01
5.416810743808746338e+02	2.982999999999999829e+01
5.441438627243041992e+02	2.985999999999999943e+01
5.466065330505371094e+02	2.985999999999999943e+01
5.490684046745300293e+02	2.985999999999999943e+01
5.515317599773406982e+02	2.980000000000000071e+01
5.539944968223571777e+02	2.985999999999999943e+01
5.564569461345672607e+02	2.982999999999999829e+01
5.589185647964477539e+02	2.985999999999999943e+01
5.613816266059875488e+02	2.985999999999999943e+01
5.638448016643524170e+02	2.982999999999999829e+01
5.663065836429595947e+02	2.985999999999999943e+01
5.687699306011199951e+02	2.982999999999999829e+01
5.712323815822601318e+02	2.985999999999999943e+01
5.736950864791870117e+02	2.982999999999999829e+01
5.761577126979827881e+02	2.982999999999999829e+01
5.786200277805328369e+02	2.985999999999999943e+01
5.810830099582672119e+02	2.982999999999999829e+01
5.835453908443450928e+02	2.982999999999999829e+01
5.860076441764831543e+02	2.982999999999999829e+01
5.884705624580383301e+02	2.985999999999999943e+01
5.909328126907348633e+02	2.985999999999999943e+01
5.933961896896362305e+02	2.985999999999999943e+01
5.958584537506103516e+02	2.985999999999999943e+01
5.983211033344268799e+02	2.982999999999999829e+01
6.007831223011016846e+02	2.982999999999999829e+01
6.032455630302429199e+02	2.982999999999999829e+01
6.057086901664733887e+02	2.982999999999999829e+01
6.081707713603973389e+02	2.980000000000000071e+01
6.106334218978881836e+02	2.980000000000000071e+01
6.130966467857360840e+02	2.982999999999999829e+01
6.155588021278381348e+02	2.982999999999999829e+01
6.180213894844055176e+02	2.980000000000000071e+01
6.204847879409790039e+02	2.982999999999999829e+01
6.229474780559539795e+02	2.982999999999999829e+01
6.254097676277160645e+02	2.982999999999999829e+01
6.278715162277221680e+02	2.982999999999999829e+01
6.303353333473205566e+02	2.982999999999999829e+01
6.327978179454803467e+02	2.980000000000000071e+01
6.352601065635681152e+02	2.982999999999999829e+01
6.377222979068756104e+02	2.980000000000000071e+01
6.401853168010711670e+02	2.982999999999999829e+01
6.426482956409454346e+02	2.980000000000000071e+01
6.451098451614379883e+02	2.980000000000000071e+01
6.475730197429656982e+02	2.980000000000000071e+01
6.500350816249847412e+02	2.980000000000000071e+01
6.524980196952819824e+02	2.980000000000000071e+01
6.549612026214599609e+02	2.982999999999999829e+01
6.574229023456573486e+02	2.982999999999999829e+01
6.598857200145721436e+02	2.982999999999999829e+01
6.623483638763427734e+02	2.982999999999999829e+01
6.648113191127777100e+02	2.985999999999999943e+01
6.672735643386840820e+02	2.985999999999999943e+01
6.697369272708892822e+02	2.985999999999999943e+01
6.721989667415618896e+02	2.985999999999999943e+01
6.746612820625305176e+02	2.985999999999999943e+01
6.771246838569641113e+02	2.989999999999999858e+01
6.795869746208190918e+02	2.989999999999999858e+01
6.820496873855590820e+02	2.985999999999999943e+01
6.845122005939483643e+02	2.992999999999999972e+01
6.869750087261199951e+02	2.985999999999999943e+01
6.894373478889465332e+02	2.985999999999999943e+01
6.918998200893402100e+02	2.989999999999999858e+01
6.943616077899932861e+02	2.989999999999999858e+01
6.968246986865997314e+02	2.985999999999999943e+01
6.992877223491668701e+02	2.989999999999999858e+01
7.017502322196960449e+02	2.989999999999999858e+01
7.042129034996032715e+02	2.989999999999999858e+01
7.066755681037902832e+02	2.985999999999999943e+01
7.091384325027465820e+02	2.989999999999999858e+01
7.116010713577270508e+02	2.985999999999999943e+01
7.140636849403381348e+02	2.989999999999999858e+01
7.165256183147430420e+02	2.985999999999999943e+01
7.189883518218994141e+02	2.989999999999999858e+01
7.214517931938171387e+02	2.989999999999999858e+01
7.239141154289245605e+02	2.985999999999999943e+01
7.263758962154388428e+02	2.985999999999999943e+01
7.288390870094299316e+02	2.982999999999999829e+01
7.313012523651123047e+02	2.989999999999999858e+01
7.337644095420837402e+02	2.985999999999999943e+01
7.362264614105224609e+02	2.985999999999999943e+01
7.386892096996307373e+02	2.985999999999999943e+01
7.411520531177520752e+02	2.985999999999999943e+01
7.436145317554473877e+02	2.985999999999999943e+01
7.460770850181579590e+02	2.992999999999999972e+01
7.485402216911315918e+02	2.985999999999999943e+01
7.510021147727966309e+02	2.985999999999999943e+01
7.534653506278991699e+02	2.980000000000000071e+01
7.559271941184997559e+02	2.985999999999999943e+01
7.583901536464691162e+02	2.982999999999999829e+01
7.608529443740844727e+02	2.982999999999999829e+01
7.633146195411682129e+02	2.982999999999999829e+01
7.657787525653839111e+02	2.982999999999999829e+01
7.682406184673309326e+02	2.982999999999999829e+01
7.707032821178436279e+02	2.982999999999999829e+01
7.731657211780548096e+02	2.982999999999999829e+01
7.756290907859802246e+02	2.982999999999999829e+01
7.780909585952758789e+02	2.980000000000000071e+01
7.805530762672424316e+02	2.985999999999999943e+01
7.830157380104064941e+02	2.982999999999999829e+01
7.854794645309448242e+02	2.982999999999999829e+01
7.879415123462677002e+02	2.982999999999999829e+01
7.904047133922576904e+02	2.982999999999999829e+01
7.928662345409393311e+02	2.982999999999999829e+01
7.953296971321105957e+02	2.985999999999999943e+01
7.977919797897338867e+02	2.985999999999999943e+01
8.002544424533843994e+02	2.980000000000000071e+01
8.027165310382843018e+02	2.989999999999999858e+01
8.051796634197235107e+02	2.980000000000000071e+01
8.076422274112701416e+02	2.985999999999999943e+01
8.101045715808868408e+02	2.985999999999999943e+01
8.125682795047760010e+02	2.989999999999999858e+01
8.150297651290893555e+02	2.985999999999999943e+01
8.174926104545593262e+02	2.985999999999999943e+01
8.199556274414062500e+02	2.982999999999999829e+01
8.224185676574707031e+02	2.985999999999999943e+01
8.248811717033386230e+02	2.985999999999999943e+01
8.273425977230072021e+02	2.985999999999999943e+01
8.298062160015106201e+02	2.985999999999999943e+01
8.322682070732116699e+02	2.982999999999999829e+01
8.347315411567687988e+02	2.982999999999999829e+01
8.371936879158020020e+02	2.985999999999999943e+01
8.396565933227539062e+02	2.982999999999999829e+01
8.421185998916625977e+02	2.982999999999999829e+01
8.445809767246246338e+02	2.985999999999999943e+01
8.470445020198822021e+02	2.985999999999999943e+01
8.495062766075134277e+02	2.989999999999999858e+01
8.519698307514190674e+02	2.982999999999999829e+01
8.544316236972808838e+02	2.985999999999999943e+01
8.568941087722778320e+02	2.985999999999999943e+01
8.593571329116821289e+02	2.982999999999999829e+01
8.618202679157257080e+02	2.982999999999999829e+01
8.642830152511596680e+02	2.985999999999999943e+01
8.667455246448516846e+02	2.982999999999999829e+01
8.692073097229003906e+02	2.985999999999999943e+01
8.716698696613311768e+02	2.982999999999999829e+01
8.741327440738677979e+02	2.985999999999999943e+01
8.765958700180053711e+02	2.982999999999999829e+01
8.790573418140411377e+02	2.982999999999999829e+01
8.815197820663452148e+02	2.982999999999999829e+01
8.839827821254730225e+02	2.980000000000000071e+01
8.864461612701416016e+02	2.982999999999999829e+01
8.889083957672119141e+02	2.982999999999999829e+01
8.913706316947937012e+02	2.982999999999999829e+01
8.938340034484863281e+02	2.985999999999999943e+01
8.962968268394470215e+02	2.982999999999999829e+01
8.987587573528289795e+02	2.980000000000000071e+01
9.012214121818542480e+02	2.985999999999999943e+01
9.036834022998809814e+02	2.985999999999999943e+01
9.061469435691833496e+02	2.985999999999999943e+01
9.086096107959747314e+02	2.982999999999999829e+01
9.110714941024780273e+02	2.982999999999999829e+01
9.135339417457580566e+02	2.982999999999999829e+01
9.159972994327545166e+02	2.982999999999999829e+01
9.184596202373504639e+02	2.982999999999999829e+01
9.209226303100585938e+02	2.982999999999999829e+01
9.233842170238494873e+02	2.980000000000000071e+01
9.258472478389739990e+02	2.980000000000000071e+01
9.283101644515991211e+02	2.982999999999999829e+01
9.307729668617248535e+02	2.982999999999999829e+01
9.332349214553833008e+02	2.982999999999999829e+01
9.356979091167449951e+02	2.980000000000000071e+01
9.381602444648742676e+02	2.982999999999999829e+01
9.406225569248199463e+02	2.985999999999999943e+01
9.430849735736846924e+02	2.982999999999999829e+01
9.455485858917236328e+02	2.985999999999999943e+01
9.480103077888488770e+02	2.985999999999999943e+01
9.504738280773162842e+02	2.985999999999999943e+01
9.529363856315612793e+02	2.985999999999999943e+01
9.553983850479125977e+02	2.985999999999999943e+01
9.578607373237609863e+02	2.989999999999999858e+01
9.603230447769165039e+02	2.985999999999999943e+01
9.627869753837585449e+02	2.982999999999999829e+01
9.652492351531982422e+02	2.982999999999999829e+01
9.677111983299255371e+02	2.982999999999999829e+01
9.701739499568939209e+02	2.982999999999999829e+01
9.726363937854766846e+02	2.985999999999999943e+01
9.750994718074798584e+02	2.982999999999999829e+01
9.775617146492004395e+02	2.989999999999999858e+01
9.800251414775848389e+02	2.985999999999999943e+01
9.824871649742126465e+02	2.982999999999999829e+01
9.849496300220489502e+02	2.985999999999999943e+01
9.874130394458770752e+02	2.982999999999999829e+01
9.898758316040039062e+02	2.982999999999999829e+01
9.923373606204986572e+02	2.982999999999999829e+01
9.948006887435913086e+02	2.989999999999999858e+01
9.972627799510955811e+02	2.980000000000000071e+01
9.997259316444396973e+02	2.982999999999999829e+01
1.002188443899154663e+03	2.985999999999999943e+01
1.004651117563247681e+03	2.985999999999999943e+01
1.007113555669784546e+03	2.989999999999999858e+01
1.009575908660888672e+03	2.982999999999999829e+01
1.012038229703903198e+03	2.985999999999999943e+01
1.014501656532287598e+03	2.985999999999999943e+01
1.016964500904083252e+03	2.985999999999999943e+01
1.019426039457321167e+03	2.985999999999999943e+01
1.021888609409332275e+03	2.982999999999999829e+01
1.024351320743560791e+03	2.985999999999999943e+01
1.026814066171646118e+03	2.982999999999999829e+01
1.029276098728179932e+03	2.985999999999999943e+01
1.031738771200180054e+03	2.982999999999999829e+01
1.034202604770660400e+03	2.985999999999999943e+01
1.036664932966232300e+03	2.985999999999999943e+01
1.039127475976943970e+03	2.985999999999999943e+01
1.041589462757110596e+03	2.985999999999999943e+01
1.044052661180496216e+03	2.985999999999999943e+01
1.046514882087707520e+03	2.982999999999999829e+01
1.048977500200271606e+03	2.985999999999999943e+01
1.051440127372741699e+03	2.985999999999999943e+01
1.053902305126190186e+03	2.982999999999999829e+01
1.056365692138671875e+03	2.982999999999999829e+01
1.058828751325607300e+03	2.985999999999999943e+01
1.061290535688400269e+03	2.982999999999999829e+01
1.063753468990325928e+03	2.982999999999999829e+01
1.066216449975967407e+03	2.980000000000000071e+01
1.068679115056991577e+03	2.982999999999999829e+01
1.071142002820968628e+03	2.982999999999999829e+01
1.073604261159896851e+03	2.980000000000000071e+01
1.076066916942596436e+03	2.982999999999999829e+01
1.078528847217559814e+03	2.982999999999999829e+01
1.080991537332534790e+03	2.980000000000000071e+01
1.083454056501388550e+03	2.980000000000000071e+01
1.085917207717895508e+03	2.982999999999999829e+01
1.088379067182540894e+03	2.982999999999999829e+01
1.090842535734176636e+03	2.982999999999999829e+01
1.093304316997528076e+03	2.985999999999999943e+01
1.095767030239105225e+03	2.982999999999999829e+01
1.098230427980422974e+03	2.985999999999999943e+01
1.100692182064056396e+03	2.985999999999999943e+01
1.103154686927795410e+03	2.985999999999999943e+01
1.105617989540100098e+03	2.985999999999999943e+01
1.108080123901367188e+03	2.982999999999999829e+01
1.110542437314987183e+03	2.985999999999999943e+01
1.113004953861236572e+03	2.982999999999999829e+01
1.115468350887298584e+03	2.985999999999999943e+01
1.117930503368377686e+03	2.982999999999999829e+01
1.120393791675567627e+03	2.982999999999999829e+01
1.122855423212051392e+03	2.982999999999999829e+01
1.125318771123886108e+03	2.980000000000000071e+01
1.127781712770462036e+03	2.982999999999999829e+01
1.130243964672088623e+03	2.982999999999999829e+01
1.132706365585327148e+03	2.982999999999999829e+01
1.135169390201568604e+03	2.980000000000000071e+01
1.137630967140197754e+03	2.982999999999999829e+01
1.140094114542007446e+03	2.985999999999999943e+01
1.142557176828384399e+03	2.982999999999999829e+01
1.145019402980804443e+03	2.982999999999999829e+01
1.147481570720672607e+03	2.980000000000000071e+01
1.149944166898727417e+03	2.982999999999999829e+01
1.152407439470291138e+03	2.982999999999999829e+01
1.154870011329650879e+03	2.982999999999999829e+01
1.157332654953002930e+03	2.982999999999999829e+01
1.159795227050781250e+03	2.982999999999999829e+01
1.162257310628890991e+03	2.982999999999999829e+01
1.164720117807388306e+03	2.982999999999999829e+01
1.167182119131088257e+03	2.982999999999999829e+01
1.169644814014434814e+03	2.980000000000000071e+01
1.172108337640762329e+03	2.976000000000000156e+01
1.174569990634918213e+03	2.980000000000000071e+01
1.177032728672027588e+03	2.980000000000000071e+01
1.179495109081268311e+03	2.982999999999999829e+01
1.181958647012710571e+03	2.980000000000000071e+01
1.184420147180557251e+03	2.980000000000000071e+01
1.186883440732955933e+03	2.980000000000000071e+01
1.189345609188079834e+03	2.980000000000000071e+01
1.191808830261230469e+03	2.980000000000000071e+01
1.194271210193634033e+03	2.982999999999999829e+01
1.196733406066894531e+03	2.982999999999999829e+01
1.199196333169937134e+03	2.982999999999999829e+01
1.201659292221069336e+03	2.982999999999999829e+01
1.204121886968612671e+03	2.982999999999999829e+01
1.206584534645080566e+03	2.985999999999999943e+01
1.209046499490737915e+03	2.982999999999999829e+01
1.211508898735046387e+03	2.982999999999999829e+01
1.213972258567810059e+03	2.985999999999999943e+01
1.216434789180755615e+03	2.985999999999999943e+01
1.218896743297576904e+03	2.982999999999999829e+01
1.221359464883804321e+03	2.985999999999999943e+01
1.223822664260864258e+03	2.989999999999999858e+01
1.226285450935363770e+03	2.985999999999999943e+01
1.228747315168380737e+03	2.982999999999999829e+01
1.231210444927215576e+03	2.985999999999999943e+01
1.233671919107437134e+03	2.982999999999999829e+01
1.236135792970657349e+03	2.982999999999999829e+01
1.238598377466201782e+03	2.982999999999999829e+01
1.241061044454574585e+03	2.982999999999999829e+01
1.243522771120071411e+03	2.982999999999999829e+01
1.245985282897949219e+03	2.982999999999999829e+01
1.248448144435882568e+03	2.980000000000000071e+01
1.250910577774047852e+03	2.980000000000000071e+01
1.253373752832412720e+03	2.980000000000000071e+01
1.255836652278900146e+03	2.980000000000000071e+01
1.258298846721649170e+03	2.976000000000000156e+01
1.260760460615158081e+03	2.982999999999999829e+01
1.263223847627639771e+03	2.980000000000000071e+01
1.265685965776443481e+03	2.982999999999999829e+01
1.268149362087249756e+03	2.980000000000000071e+01
1.270612210512161255e+03	2.980000000000000071e+01
1.273074467897415161e+03	2.982999999999999829e+01
1.275537479877471924e+03	2.982999999999999829e+01
1.277999933242797852e+03	2.982999999999999829e+01
1.280462782859802246e+03	2.982999999999999829e+01
1.282924941539764404e+03	2.982999999999999829e+01
1.285387676000595093e+03	2.985999999999999943e+01
1.287849448442459106e+03	2.982999999999999829e+01
1.290313088893890381e+03	2.982999999999999829e+01
1.292775472640991211e+03	2.985999999999999943e+01
1.295237395048141479e+03	2.985999999999999943e+01
1.297700266361236572e+03	2.980000000000000071e+01
1.300163506507873535e+03	2.982999999999999829e+01
1.302625787734985352e+03	2.982999999999999829e+01
1.305088751077651978e+03	2.980000000000000071e+01
1.307550573587417603e+03	2.982999999999999829e+01
1.310013706445693970e+03	2.980000000000000071e+01
1.312475461244583130e+03	2.980000000000000071e+01
1.314938540697097778e+03	2.976000000000000156e+01
1.317401557683944702e+03	2.980000000000000071e+01
1.319864485740661621e+03	2.985999999999999943e+01
1.322326475858688354e+03	2.980000000000000071e+01
1.324789044618606567e+03	2.982999999999999829e+01
1.327251298427581787e+03	2.980000000000000071e+01
1.329714345216751099e+03	2.982999999999999829e+01
1.332177103281021118e+03	2.985999999999999943e+01
1.334639608144760132e+03	2.982999999999999829e+01
1.337102616310119629e+03	2.982999999999999829e+01
1.339563997030258179e+03	2.989999999999999858e+01
1.342026721239089966e+03	2.985999999999999943e+01
1.344489800691604614e+03	2.985999999999999943e+01
1.346952247142791748e+03	2.982999999999999829e+01
1.349414693117141724e+03	2.985999999999999943e+01
1.351877930879592896e+03	2.985999999999999943e+01
1.354340260982513428e+03	2.982999999999999829e+01
1.356802473068237305e+03	2.985999999999999943e+01
1.359265843391418457e+03	2.985999999999999943e+01
1.361728545904159546e+03	2.985999999999999943e+01
1.364190329551696777e+03	2.985999999999999943e+01
1.366653316497802734e+03	2.985999999999999943e+01
1.369116262674331665e+03	2.982999999999999829e+01
1.371578557252883911e+03	2.980000000000000071e+01
1.374040994167327881e+03	2.982999999999999829e+01
1.376503341913223267e+03	2.982999999999999829e+01
1.378966490507125854e+03	2.982999999999999829e+01
1.381428523778915405e+03	2.982999999999999829e+01
1.383891897439956665e+03	2.982999999999999829e+01
1.386354633092880249e+03	2.982999999999999829e+01
1.388817187786102295e+03	2.982999999999999829e+01
1.391279075145721436e+03	2.980000000000000071e+01
1.393741539478302002e+03	2.982999999999999829e+01
1.396204414367675781e+03	2.982999999999999829e+01
1.398666873216629028e+03	2.985999999999999943e+01
1.401129137992858887e+03	2.982999999999999829e+01
1.403592558145523071e+03	2.980000000000000071e+01
1.406055177927017212e+03	2.982999999999999829e+01
1.408517531633377075e+03	2.980000000000000071e+01
1.410980324745178223e+03	2.982999999999999829e+01
1.413442849159240723e+03	2.982999999999999829e+01
1.415904970884323120e+03	2.982999999999999829e+01
1.418367905616760254e+03	2.982999999999999829e+01
1.420830225229263306e+03	2.982999999999999829e+01
1.423292859792709351e+03	2.985999999999999943e+01
1.425755956411361694e+03	2.982999999999999829e+01
1.428218203783035278e+03	2.980000000000000071e+01
1.430680579900741577e+03	2.980000000000000071e+01
1.433144086599349976e+03	2.980000000000000071e+01
1.435606210470199585e+03	2.985999999999999943e+01
1.438068572044372559e+03	2.980000000000000071e+01
1.440531462907791138e+03	2.982999999999999829e+01
1.442994532585144043e+03	2.982999999999999829e+01
1.445457022190093994e+03	2.980000000000000071e+01
1.447919080495834351e+03	2.980000000000000071e+01
1.450382193803787231e+03	2.980000000000000071e+01
1.452844365835189819e+03	2.980000000000000071e+01
1.455307286977767944e+03	2.982999999999999829e+01
1.457769456386566162e+03	2.982999999999999829e+01
1.460232143163681030e+03	2.982999999999999829e+01
1.462695211410522461e+03	2.980000000000000071e+01
1.465158063173294067e+03	2.982999999999999829e+01
1.467619909048080444e+03	2.980000000000000071e+01
1.470082783460617065e+03	2.980000000000000071e+01
1.472545678377151489e+03	2.985999999999999943e+01
1.475007207870483398e+03	2.985999999999999943e+01
