# 20220727
# time			temp			
0.000000000000000000e+00	2.980000000000000071e+01
2.462254047393798828e+00	2.976000000000000156e+01
4.925355195999145508e+00	2.982999999999999829e+01
7.388100147247314453e+00	2.985999999999999943e+01
9.849835634231567383e+00	2.982999999999999829e+01
1.231241416931152344e+01	2.985999999999999943e+01
1.477519345283508301e+01	2.982999999999999829e+01
1.723740887641906738e+01	2.980000000000000071e+01
1.970006465911865234e+01	2.980000000000000071e+01
2.216266822814941406e+01	2.976000000000000156e+01
2.462540435791015625e+01	2.973000000000000043e+01
2.708835959434509277e+01	2.976000000000000156e+01
2.955112910270690918e+01	2.973000000000000043e+01
3.201323699951171875e+01	2.969999999999999929e+01
3.447646284103393555e+01	2.976000000000000156e+01
3.693858814239501953e+01	2.973000000000000043e+01
3.940094351768493652e+01	2.973000000000000043e+01
4.186418008804321289e+01	2.976000000000000156e+01
4.432694935798645020e+01	2.980000000000000071e+01
4.678912353515625000e+01	2.980000000000000071e+01
4.925166606903076172e+01	2.980000000000000071e+01
5.171456027030944824e+01	2.982999999999999829e+01
5.417649245262145996e+01	2.982999999999999829e+01
5.663981699943542480e+01	2.980000000000000071e+01
5.910193729400634766e+01	2.982999999999999829e+01
6.156492924690246582e+01	2.985999999999999943e+01
6.402686882019042969e+01	2.980000000000000071e+01
6.649025130271911621e+01	2.980000000000000071e+01
6.895288872718811035e+01	2.980000000000000071e+01
7.141548705101013184e+01	2.980000000000000071e+01
7.387753438949584961e+01	2.980000000000000071e+01
7.634038424491882324e+01	2.976000000000000156e+01
7.880317950248718262e+01	2.973000000000000043e+01
8.126575803756713867e+01	2.980000000000000071e+01
8.372823691368103027e+01	2.980000000000000071e+01
8.619009375572204590e+01	2.973000000000000043e+01
8.865333056449890137e+01	2.976000000000000156e+01
9.111592221260070801e+01	2.976000000000000156e+01
9.357765126228332520e+01	2.976000000000000156e+01
9.604093718528747559e+01	2.980000000000000071e+01
9.850296735763549805e+01	2.982999999999999829e+01
1.009661562442779541e+02	2.976000000000000156e+01
1.034285585880279541e+02	2.980000000000000071e+01
1.058913269042968750e+02	2.980000000000000071e+01
1.083532769680023193e+02	2.980000000000000071e+01
1.108161642551422119e+02	2.980000000000000071e+01
1.132792840003967285e+02	2.980000000000000071e+01
1.157417263984680176e+02	2.982999999999999829e+01
1.182040276527404785e+02	2.980000000000000071e+01
1.206664938926696777e+02	2.980000000000000071e+01
1.231286804676055908e+02	2.976000000000000156e+01
1.255920293331146240e+02	2.982999999999999829e+01
1.280543849468231201e+02	2.976000000000000156e+01
1.305172667503356934e+02	2.976000000000000156e+01
1.329798960685729980e+02	2.980000000000000071e+01
1.354422016143798828e+02	2.976000000000000156e+01
1.379045834541320801e+02	2.976000000000000156e+01
1.403675682544708252e+02	2.976000000000000156e+01
1.428302164077758789e+02	2.982999999999999829e+01
1.452924644947052002e+02	2.976000000000000156e+01
1.477554979324340820e+02	2.976000000000000156e+01
1.502174277305603027e+02	2.980000000000000071e+01
1.526805107593536377e+02	2.976000000000000156e+01
1.551422390937805176e+02	2.982999999999999829e+01
1.576058428287506104e+02	2.976000000000000156e+01
1.600684912204742432e+02	2.980000000000000071e+01
1.625302393436431885e+02	2.980000000000000071e+01
1.649929676055908203e+02	2.980000000000000071e+01
1.674552104473114014e+02	2.980000000000000071e+01
1.699187278747558594e+02	2.980000000000000071e+01
1.723810229301452637e+02	2.980000000000000071e+01
1.748430974483489990e+02	2.976000000000000156e+01
1.773063721656799316e+02	2.980000000000000071e+01
1.797686736583709717e+02	2.980000000000000071e+01
1.822315547466278076e+02	2.976000000000000156e+01
1.846937580108642578e+02	2.980000000000000071e+01
1.871566946506500244e+02	2.976000000000000156e+01
1.896192848682403564e+02	2.976000000000000156e+01
1.920819652080535889e+02	2.982999999999999829e+01
1.945433583259582520e+02	2.980000000000000071e+01
1.970067601203918457e+02	2.980000000000000071e+01
1.994682896137237549e+02	2.980000000000000071e+01
2.019315752983093262e+02	2.980000000000000071e+01
2.043941051959991455e+02	2.982999999999999829e+01
2.068566269874572754e+02	2.976000000000000156e+01
2.093189611434936523e+02	2.976000000000000156e+01
2.117820701599121094e+02	2.980000000000000071e+01
2.142451763153076172e+02	2.976000000000000156e+01
2.167066946029663086e+02	2.976000000000000156e+01
2.191687560081481934e+02	2.976000000000000156e+01
2.216328396797180176e+02	2.976000000000000156e+01
2.240955586433410645e+02	2.976000000000000156e+01
2.265577814579010010e+02	2.973000000000000043e+01
2.290203044414520264e+02	2.976000000000000156e+01
2.314825632572174072e+02	2.973000000000000043e+01
2.339450881481170654e+02	2.976000000000000156e+01
2.364079246520996094e+02	2.973000000000000043e+01
2.388704299926757812e+02	2.982999999999999829e+01
2.413328409194946289e+02	2.980000000000000071e+01
2.437952635288238525e+02	2.982999999999999829e+01
2.462578160762786865e+02	2.982999999999999829e+01
2.487202072143554688e+02	2.980000000000000071e+01
2.511827697753906250e+02	2.982999999999999829e+01
2.536460225582122803e+02	2.982999999999999829e+01
2.561089854240417480e+02	2.980000000000000071e+01
2.585711178779602051e+02	2.980000000000000071e+01
2.610340874195098877e+02	2.976000000000000156e+01
2.634960482120513916e+02	2.980000000000000071e+01
2.659589025974273682e+02	2.980000000000000071e+01
2.684215607643127441e+02	2.976000000000000156e+01
2.708845107555389404e+02	2.973000000000000043e+01
2.733468070030212402e+02	2.976000000000000156e+01
2.758092350959777832e+02	2.973000000000000043e+01
2.782717490196228027e+02	2.976000000000000156e+01
2.807346036434173584e+02	2.973000000000000043e+01
2.831964173316955566e+02	2.973000000000000043e+01
2.856593708992004395e+02	2.973000000000000043e+01
2.881224846839904785e+02	2.969999999999999929e+01
2.905851211547851562e+02	2.973000000000000043e+01
2.930469043254852295e+02	2.982999999999999829e+01
2.955099971294403076e+02	2.980000000000000071e+01
2.979729313850402832e+02	2.982999999999999829e+01
3.004350333213806152e+02	2.982999999999999829e+01
3.028974525928497314e+02	2.976000000000000156e+01
3.053599576950073242e+02	2.982999999999999829e+01
3.078223540782928467e+02	2.980000000000000071e+01
3.102857191562652588e+02	2.980000000000000071e+01
3.127478573322296143e+02	2.980000000000000071e+01
3.152110819816589355e+02	2.976000000000000156e+01
3.176730120182037354e+02	2.980000000000000071e+01
3.201359088420867920e+02	2.973000000000000043e+01
3.225981667041778564e+02	2.969999999999999929e+01
3.250611283779144287e+02	2.973000000000000043e+01
3.275232653617858887e+02	2.969999999999999929e+01
3.299856925010681152e+02	2.973000000000000043e+01
3.324490001201629639e+02	2.973000000000000043e+01
3.349112026691436768e+02	2.973000000000000043e+01
3.373742420673370361e+02	2.973000000000000043e+01
3.398357288837432861e+02	2.976000000000000156e+01
3.422987315654754639e+02	2.976000000000000156e+01
3.447610864639282227e+02	2.976000000000000156e+01
3.472244820594787598e+02	2.980000000000000071e+01
3.496865780353546143e+02	2.982999999999999829e+01
3.521494965553283691e+02	2.985999999999999943e+01
3.546118547916412354e+02	2.982999999999999829e+01
3.570745470523834229e+02	2.982999999999999829e+01
3.595373861789703369e+02	2.982999999999999829e+01
3.619999835491180420e+02	2.982999999999999829e+01
3.644627909660339355e+02	2.980000000000000071e+01
3.669244737625122070e+02	2.982999999999999829e+01
3.693874394893646240e+02	2.982999999999999829e+01
3.718495793342590332e+02	2.980000000000000071e+01
3.743123493194580078e+02	2.976000000000000156e+01
3.767749216556549072e+02	2.976000000000000156e+01
3.792377202510833740e+02	2.976000000000000156e+01
3.816999669075012207e+02	2.973000000000000043e+01
3.841626064777374268e+02	2.973000000000000043e+01
3.866259062290191650e+02	2.980000000000000071e+01
3.890877034664154053e+02	2.980000000000000071e+01
3.915506196022033691e+02	2.973000000000000043e+01
3.940129735469818115e+02	2.976000000000000156e+01
3.964753382205963135e+02	2.973000000000000043e+01
3.989379563331604004e+02	2.980000000000000071e+01
4.014005064964294434e+02	2.973000000000000043e+01
4.038632876873016357e+02	2.976000000000000156e+01
4.063259048461914062e+02	2.976000000000000156e+01
4.087882969379425049e+02	2.980000000000000071e+01
4.112509670257568359e+02	2.980000000000000071e+01
4.137138848304748535e+02	2.980000000000000071e+01
4.161763358116149902e+02	2.980000000000000071e+01
4.186388225555419922e+02	2.980000000000000071e+01
4.211010701656341553e+02	2.980000000000000071e+01
4.235647361278533936e+02	2.982999999999999829e+01
4.260269243717193604e+02	2.980000000000000071e+01
4.284893863201141357e+02	2.980000000000000071e+01
4.309513227939605713e+02	2.976000000000000156e+01
4.334147193431854248e+02	2.976000000000000156e+01
4.358759262561798096e+02	2.976000000000000156e+01
4.383396134376525879e+02	2.973000000000000043e+01
4.408021962642669678e+02	2.973000000000000043e+01
4.432643194198608398e+02	2.976000000000000156e+01
4.457269763946533203e+02	2.973000000000000043e+01
4.481896538734436035e+02	2.973000000000000043e+01
4.506523282527923584e+02	2.973000000000000043e+01
4.531156742572784424e+02	2.973000000000000043e+01
4.555782675743103027e+02	2.976000000000000156e+01
4.580401315689086914e+02	2.976000000000000156e+01
4.605027067661285400e+02	2.980000000000000071e+01
4.629657089710235596e+02	2.976000000000000156e+01
4.654283058643341064e+02	2.973000000000000043e+01
4.678910481929779053e+02	2.976000000000000156e+01
4.703533985614776611e+02	2.976000000000000156e+01
4.728154330253601074e+02	2.980000000000000071e+01
4.752783787250518799e+02	2.980000000000000071e+01
4.777412033081054688e+02	2.980000000000000071e+01
4.802039539813995361e+02	2.976000000000000156e+01
4.826662776470184326e+02	2.980000000000000071e+01
4.851286535263061523e+02	2.980000000000000071e+01
4.875916326045989990e+02	2.982999999999999829e+01
4.900530109405517578e+02	2.980000000000000071e+01
4.925166258811950684e+02	2.980000000000000071e+01
4.949789683818817139e+02	2.976000000000000156e+01
4.974414002895355225e+02	2.976000000000000156e+01
4.999041752815246582e+02	2.973000000000000043e+01
5.023671777248382568e+02	2.973000000000000043e+01
5.048294970989227295e+02	2.973000000000000043e+01
5.072920665740966797e+02	2.973000000000000043e+01
5.097539665699005127e+02	2.973000000000000043e+01
5.122171030044555664e+02	2.976000000000000156e+01
5.146797225475311279e+02	2.976000000000000156e+01
5.171428618431091309e+02	2.976000000000000156e+01
5.196052641868591309e+02	2.976000000000000156e+01
5.220675306320190430e+02	2.980000000000000071e+01
5.245296373367309570e+02	2.982999999999999829e+01
5.269927880764007568e+02	2.982999999999999829e+01
5.294547452926635742e+02	2.982999999999999829e+01
5.319181995391845703e+02	2.982999999999999829e+01
5.343805720806121826e+02	2.982999999999999829e+01
5.368425467014312744e+02	2.980000000000000071e+01
5.393057854175567627e+02	2.980000000000000071e+01
5.417680816650390625e+02	2.976000000000000156e+01
5.442308380603790283e+02	2.976000000000000156e+01
5.466935663223266602e+02	2.973000000000000043e+01
5.491553440093994141e+02	2.973000000000000043e+01
5.516185605525970459e+02	2.973000000000000043e+01
5.540807759761810303e+02	2.976000000000000156e+01
5.565434625148773193e+02	2.973000000000000043e+01
5.590061750411987305e+02	2.973000000000000043e+01
5.614690055847167969e+02	2.973000000000000043e+01
5.639316492080688477e+02	2.976000000000000156e+01
5.663942837715148926e+02	2.976000000000000156e+01
5.688560597896575928e+02	2.980000000000000071e+01
5.713193602561950684e+02	2.980000000000000071e+01
5.737813503742218018e+02	2.982999999999999829e+01
5.762438552379608154e+02	2.982999999999999829e+01
5.787071595191955566e+02	2.982999999999999829e+01
5.811701030731201172e+02	2.982999999999999829e+01
5.836318216323852539e+02	2.982999999999999829e+01
5.860950808525085449e+02	2.982999999999999829e+01
5.885575389862060547e+02	2.982999999999999829e+01
5.910203475952148438e+02	2.982999999999999829e+01
5.934820840358734131e+02	2.976000000000000156e+01
5.959451410770416260e+02	2.976000000000000156e+01
5.984082126617431641e+02	2.976000000000000156e+01
6.008702464103698730e+02	2.976000000000000156e+01
6.033331329822540283e+02	2.976000000000000156e+01
6.057960193157196045e+02	2.973000000000000043e+01
6.082583000659942627e+02	2.973000000000000043e+01
6.107201702594757080e+02	2.980000000000000071e+01
6.131835508346557617e+02	2.976000000000000156e+01
6.156460969448089600e+02	2.980000000000000071e+01
6.181077685356140137e+02	2.980000000000000071e+01
6.205713663101196289e+02	2.980000000000000071e+01
6.230336427688598633e+02	2.980000000000000071e+01
6.254955801963806152e+02	2.982999999999999829e+01
6.279591517448425293e+02	2.980000000000000071e+01
6.304208264350891113e+02	2.980000000000000071e+01
6.328837802410125732e+02	2.980000000000000071e+01
6.353468253612518311e+02	2.982999999999999829e+01
6.378091044425964355e+02	2.980000000000000071e+01
6.402710800170898438e+02	2.976000000000000156e+01
6.427346782684326172e+02	2.973000000000000043e+01
6.451967580318450928e+02	2.973000000000000043e+01
6.476589648723602295e+02	2.976000000000000156e+01
6.501211721897125244e+02	2.976000000000000156e+01
6.525844445228576660e+02	2.973000000000000043e+01
6.550463035106658936e+02	2.973000000000000043e+01
6.575102908611297607e+02	2.976000000000000156e+01
6.599721271991729736e+02	2.973000000000000043e+01
6.624344830513000488e+02	2.980000000000000071e+01
6.648978688716888428e+02	2.976000000000000156e+01
6.673594577312469482e+02	2.980000000000000071e+01
6.698231606483459473e+02	2.980000000000000071e+01
6.722849569320678711e+02	2.982999999999999829e+01
6.747479882240295410e+02	2.980000000000000071e+01
6.772104516029357910e+02	2.982999999999999829e+01
6.796733872890472412e+02	2.980000000000000071e+01
6.821358420848846436e+02	2.980000000000000071e+01
6.845983600616455078e+02	2.980000000000000071e+01
6.870604383945465088e+02	2.980000000000000071e+01
6.895239017009735107e+02	2.976000000000000156e+01
6.919863681793212891e+02	2.980000000000000071e+01
6.944476046562194824e+02	2.976000000000000156e+01
6.969115142822265625e+02	2.980000000000000071e+01
6.993735139369964600e+02	2.973000000000000043e+01
7.018364315032958984e+02	2.980000000000000071e+01
7.042991354465484619e+02	2.980000000000000071e+01
7.067618234157562256e+02	2.980000000000000071e+01
7.092245209217071533e+02	2.982999999999999829e+01
7.116861226558685303e+02	2.982999999999999829e+01
7.141490828990936279e+02	2.980000000000000071e+01
7.166121113300323486e+02	2.982999999999999829e+01
7.190747725963592529e+02	2.982999999999999829e+01
7.215373990535736084e+02	2.980000000000000071e+01
7.240000178813934326e+02	2.982999999999999829e+01
7.264621918201446533e+02	2.980000000000000071e+01
7.289250838756561279e+02	2.980000000000000071e+01
7.313872563838958740e+02	2.980000000000000071e+01
7.338501102924346924e+02	2.980000000000000071e+01
7.363130142688751221e+02	2.976000000000000156e+01
7.387749102115631104e+02	2.976000000000000156e+01
7.412375984191894531e+02	2.980000000000000071e+01
7.437003138065338135e+02	2.980000000000000071e+01
7.461625833511352539e+02	2.976000000000000156e+01
7.486247265338897705e+02	2.973000000000000043e+01
7.510880103111267090e+02	2.976000000000000156e+01
7.535504214763641357e+02	2.980000000000000071e+01
7.560134263038635254e+02	2.982999999999999829e+01
7.584757544994354248e+02	2.980000000000000071e+01
7.609380810260772705e+02	2.980000000000000071e+01
7.634002761840820312e+02	2.980000000000000071e+01
7.658635578155517578e+02	2.980000000000000071e+01
7.683254363536834717e+02	2.982999999999999829e+01
7.707882752418518066e+02	2.982999999999999829e+01
7.732517144680023193e+02	2.980000000000000071e+01
7.757141966819763184e+02	2.982999999999999829e+01
7.781757369041442871e+02	2.982999999999999829e+01
7.806391005516052246e+02	2.980000000000000071e+01
7.831011967658996582e+02	2.980000000000000071e+01
7.855645256042480469e+02	2.973000000000000043e+01
7.880262389183044434e+02	2.976000000000000156e+01
7.904890832901000977e+02	2.973000000000000043e+01
7.929519896507263184e+02	2.973000000000000043e+01
7.954138579368591309e+02	2.980000000000000071e+01
7.978764986991882324e+02	2.980000000000000071e+01
8.003388855457305908e+02	2.980000000000000071e+01
8.028016529083251953e+02	2.980000000000000071e+01
8.052642745971679688e+02	2.976000000000000156e+01
8.077273638248443604e+02	2.980000000000000071e+01
8.101895415782928467e+02	2.976000000000000156e+01
8.126530902385711670e+02	2.982999999999999829e+01
8.151146106719970703e+02	2.980000000000000071e+01
8.175774290561676025e+02	2.980000000000000071e+01
8.200402269363403320e+02	2.980000000000000071e+01
8.225025391578674316e+02	2.980000000000000071e+01
8.249656765460968018e+02	2.980000000000000071e+01
8.274280688762664795e+02	2.980000000000000071e+01
8.298900260925292969e+02	2.980000000000000071e+01
8.323526203632354736e+02	2.976000000000000156e+01
8.348156406879425049e+02	2.976000000000000156e+01
8.372786321640014648e+02	2.973000000000000043e+01
8.397407584190368652e+02	2.973000000000000043e+01
8.422036798000335693e+02	2.973000000000000043e+01
8.446655979156494141e+02	2.976000000000000156e+01
8.471287243366241455e+02	2.973000000000000043e+01
8.495910828113555908e+02	2.973000000000000043e+01
8.520539214611053467e+02	2.973000000000000043e+01
8.545163693428039551e+02	2.973000000000000043e+01
8.569788517951965332e+02	2.973000000000000043e+01
8.594420621395111084e+02	2.976000000000000156e+01
8.619041812419891357e+02	2.980000000000000071e+01
8.643672833442687988e+02	2.980000000000000071e+01
8.668299083709716797e+02	2.976000000000000156e+01
8.692922852039337158e+02	2.980000000000000071e+01
8.717550189495086670e+02	2.982999999999999829e+01
8.742170104980468750e+02	2.976000000000000156e+01
8.766802263259887695e+02	2.980000000000000071e+01
8.791425535678863525e+02	2.980000000000000071e+01
8.816048057079315186e+02	2.976000000000000156e+01
8.840671205520629883e+02	2.976000000000000156e+01
8.865296332836151123e+02	2.976000000000000156e+01
8.889925942420959473e+02	2.973000000000000043e+01
8.914554495811462402e+02	2.976000000000000156e+01
8.939180636405944824e+02	2.976000000000000156e+01
8.963801937103271484e+02	2.976000000000000156e+01
8.988424940109252930e+02	2.980000000000000071e+01
9.013057298660278320e+02	2.980000000000000071e+01
9.037678148746490479e+02	2.982999999999999829e+01
9.062311108112335205e+02	2.980000000000000071e+01
9.086936938762664795e+02	2.985999999999999943e+01
9.111557917594909668e+02	2.980000000000000071e+01
9.136186311244964600e+02	2.980000000000000071e+01
9.160805702209472656e+02	2.980000000000000071e+01
9.185437192916870117e+02	2.976000000000000156e+01
9.210064706802368164e+02	2.976000000000000156e+01
9.234692354202270508e+02	2.976000000000000156e+01
9.259310650825500488e+02	2.976000000000000156e+01
9.283934066295623779e+02	2.976000000000000156e+01
9.308564553260803223e+02	2.976000000000000156e+01
9.333196265697479248e+02	2.976000000000000156e+01
9.357810330390930176e+02	2.976000000000000156e+01
9.382439463138580322e+02	2.976000000000000156e+01
9.407065913677215576e+02	2.980000000000000071e+01
9.431689369678497314e+02	2.980000000000000071e+01
9.456321156024932861e+02	2.980000000000000071e+01
9.480943372249603271e+02	2.982999999999999829e+01
9.505574343204498291e+02	2.976000000000000156e+01
9.530192573070526123e+02	2.982999999999999829e+01
9.554826438426971436e+02	2.980000000000000071e+01
9.579445066452026367e+02	2.982999999999999829e+01
9.604063763618469238e+02	2.980000000000000071e+01
9.628701732158660889e+02	2.980000000000000071e+01
9.653326811790466309e+02	2.980000000000000071e+01
9.677954554557800293e+02	2.980000000000000071e+01
9.702579264640808105e+02	2.976000000000000156e+01
9.727206568717956543e+02	2.973000000000000043e+01
9.751828958988189697e+02	2.976000000000000156e+01
9.776450099945068359e+02	2.980000000000000071e+01
9.801077265739440918e+02	2.973000000000000043e+01
9.825701420307159424e+02	2.976000000000000156e+01
9.850331933498382568e+02	2.973000000000000043e+01
9.874961197376251221e+02	2.980000000000000071e+01
9.899581162929534912e+02	2.976000000000000156e+01
9.924211876392364502e+02	2.976000000000000156e+01
9.948837528228759766e+02	2.980000000000000071e+01
9.973455576896667480e+02	2.982999999999999829e+01
9.998085656166076660e+02	2.982999999999999829e+01
1.002271842956542969e+03	2.980000000000000071e+01
1.004734064579010010e+03	2.982999999999999829e+01
1.007196855783462524e+03	2.982999999999999829e+01
1.009659624338150024e+03	2.982999999999999829e+01
1.012121822595596313e+03	2.980000000000000071e+01
1.014584655761718750e+03	2.980000000000000071e+01
1.017046901226043701e+03	2.980000000000000071e+01
1.019508997678756714e+03	2.973000000000000043e+01
1.021972258567810059e+03	2.980000000000000071e+01
1.024434468507766724e+03	2.973000000000000043e+01
1.026897159099578857e+03	2.976000000000000156e+01
1.029359427452087402e+03	2.973000000000000043e+01
1.031822477817535400e+03	2.973000000000000043e+01
1.034285215139389038e+03	2.980000000000000071e+01
1.036747133493423462e+03	2.976000000000000156e+01
1.039209770202636719e+03	2.976000000000000156e+01
1.041672241210937500e+03	2.982999999999999829e+01
1.044135745048522949e+03	2.980000000000000071e+01
1.046597353935241699e+03	2.980000000000000071e+01
1.049060036659240723e+03	2.976000000000000156e+01
1.051522897005081177e+03	2.980000000000000071e+01
1.053985702514648438e+03	2.976000000000000156e+01
1.056448371410369873e+03	2.976000000000000156e+01
1.058911108493804932e+03	2.976000000000000156e+01
1.061372927427291870e+03	2.976000000000000156e+01
1.063836525440216064e+03	2.976000000000000156e+01
1.066298506498336792e+03	2.976000000000000156e+01
1.068761827945709229e+03	2.976000000000000156e+01
1.071223472595214844e+03	2.976000000000000156e+01
1.073686956405639648e+03	2.976000000000000156e+01
1.076148986816406250e+03	2.980000000000000071e+01
1.078611238479614258e+03	2.976000000000000156e+01
1.081074631214141846e+03	2.976000000000000156e+01
1.083537105321884155e+03	2.980000000000000071e+01
1.085999711513519287e+03	2.982999999999999829e+01
1.088462343692779541e+03	2.980000000000000071e+01
1.090924994707107544e+03	2.976000000000000156e+01
1.093386916160583496e+03	2.980000000000000071e+01
1.095850226640701294e+03	2.980000000000000071e+01
1.098311877965927124e+03	2.980000000000000071e+01
1.100774851560592651e+03	2.980000000000000071e+01
1.103237034559249878e+03	2.980000000000000071e+01
1.105700772762298584e+03	2.980000000000000071e+01
1.108162883520126343e+03	2.976000000000000156e+01
1.110624758481979370e+03	2.976000000000000156e+01
1.113088304042816162e+03	2.976000000000000156e+01
1.115550280094146729e+03	2.973000000000000043e+01
1.118013110160827637e+03	2.973000000000000043e+01
1.120475061178207397e+03	2.976000000000000156e+01
1.122937904119491577e+03	2.973000000000000043e+01
1.125400896072387695e+03	2.973000000000000043e+01
1.127863623857498169e+03	2.973000000000000043e+01
1.130326550722122192e+03	2.976000000000000156e+01
1.132789004802703857e+03	2.973000000000000043e+01
1.135251150369644165e+03	2.973000000000000043e+01
1.137713971138000488e+03	2.976000000000000156e+01
1.140175950050354004e+03	2.980000000000000071e+01
1.142638926744461060e+03	2.976000000000000156e+01
1.145101168155670166e+03	2.980000000000000071e+01
1.147564204216003418e+03	2.982999999999999829e+01
1.150026642322540283e+03	2.982999999999999829e+01
1.152488885641098022e+03	2.982999999999999829e+01
1.154952126741409302e+03	2.985999999999999943e+01
1.157414043426513672e+03	2.985999999999999943e+01
1.159876454114913940e+03	2.982999999999999829e+01
1.162339779138565063e+03	2.982999999999999829e+01
1.164802595138549805e+03	2.980000000000000071e+01
1.167264967679977417e+03	2.980000000000000071e+01
1.169726941108703613e+03	2.976000000000000156e+01
1.172189919471740723e+03	2.980000000000000071e+01
1.174652164936065674e+03	2.980000000000000071e+01
1.177114712476730347e+03	2.973000000000000043e+01
1.179577513694763184e+03	2.973000000000000043e+01
1.182039610147476196e+03	2.969999999999999929e+01
1.184503257036209106e+03	2.976000000000000156e+01
1.186965824127197266e+03	2.976000000000000156e+01
1.189428248882293701e+03	2.973000000000000043e+01
1.191890542745590210e+03	2.976000000000000156e+01
1.194352785110473633e+03	2.973000000000000043e+01
1.196815734148025513e+03	2.973000000000000043e+01
1.199277919054031372e+03	2.976000000000000156e+01
1.201740541696548462e+03	2.976000000000000156e+01
1.204203113555908203e+03	2.976000000000000156e+01
1.206666195631027222e+03	2.976000000000000156e+01
1.209128805875778198e+03	2.976000000000000156e+01
1.211591486454010010e+03	2.982999999999999829e+01
1.214053380250930786e+03	2.980000000000000071e+01
1.216516456365585327e+03	2.980000000000000071e+01
1.218979013919830322e+03	2.976000000000000156e+01
1.221441956281661987e+03	2.980000000000000071e+01
1.223904047489166260e+03	2.982999999999999829e+01
1.226366821289062500e+03	2.982999999999999829e+01
1.228829047441482544e+03	2.980000000000000071e+01
1.231292239189147949e+03	2.980000000000000071e+01
1.233754836797714233e+03	2.980000000000000071e+01
1.236216959953308105e+03	2.976000000000000156e+01
1.238680064439773560e+03	2.980000000000000071e+01
1.241142000913619995e+03	2.973000000000000043e+01
1.243605366468429565e+03	2.973000000000000043e+01
1.246067247867584229e+03	2.973000000000000043e+01
1.248530280113220215e+03	2.976000000000000156e+01
1.250992231369018555e+03	2.973000000000000043e+01
1.253454885959625244e+03	2.976000000000000156e+01
1.255917625427246094e+03	2.980000000000000071e+01
1.258380592107772827e+03	2.980000000000000071e+01
1.260843181133270264e+03	2.976000000000000156e+01
1.263305515766143799e+03	2.980000000000000071e+01
1.265767447233200073e+03	2.982999999999999829e+01
1.268230395317077637e+03	2.980000000000000071e+01
1.270692407846450806e+03	2.982999999999999829e+01
1.273155603408813477e+03	2.980000000000000071e+01
1.275618385553359985e+03	2.980000000000000071e+01
1.278080547332763672e+03	2.980000000000000071e+01
1.280544036149978638e+03	2.982999999999999829e+01
1.283005838632583618e+03	2.980000000000000071e+01
1.285468542337417603e+03	2.976000000000000156e+01
1.287931115388870239e+03	2.976000000000000156e+01
1.290394533872604370e+03	2.980000000000000071e+01
1.292856600522994995e+03	2.976000000000000156e+01
1.295318959951400757e+03	2.980000000000000071e+01
1.297781650543212891e+03	2.969999999999999929e+01
1.300244627714157104e+03	2.973000000000000043e+01
1.302706763267517090e+03	2.969999999999999929e+01
1.305169957637786865e+03	2.973000000000000043e+01
1.307632206678390503e+03	2.973000000000000043e+01
1.310094790697097778e+03	2.976000000000000156e+01
1.312557896852493286e+03	2.973000000000000043e+01
1.315019883632659912e+03	2.980000000000000071e+01
1.317482191324234009e+03	2.976000000000000156e+01
1.319944711685180664e+03	2.982999999999999829e+01
1.322407539844512939e+03	2.976000000000000156e+01
1.324870577096939087e+03	2.982999999999999829e+01
1.327333063602447510e+03	2.980000000000000071e+01
1.329795937538146973e+03	2.982999999999999829e+01
1.332257748365402222e+03	2.980000000000000071e+01
1.334720475196838379e+03	2.980000000000000071e+01
1.337183690547943115e+03	2.976000000000000156e+01
1.339645583391189575e+03	2.976000000000000156e+01
1.342108756780624390e+03	2.976000000000000156e+01
1.344570585727691650e+03	2.976000000000000156e+01
1.347033732175827026e+03	2.976000000000000156e+01
1.349496066570281982e+03	2.976000000000000156e+01
1.351959138631820679e+03	2.973000000000000043e+01
1.354421554327011108e+03	2.973000000000000043e+01
1.356883900880813599e+03	2.973000000000000043e+01
1.359346834659576416e+03	2.973000000000000043e+01
1.361808984518051147e+03	2.969999999999999929e+01
1.364272046566009521e+03	2.976000000000000156e+01
1.366734724521636963e+03	2.980000000000000071e+01
1.369197033405303955e+03	2.976000000000000156e+01
1.371659231424331665e+03	2.980000000000000071e+01
1.374122186660766602e+03	2.976000000000000156e+01
1.376584940195083618e+03	2.982999999999999829e+01
1.379047154903411865e+03	2.982999999999999829e+01
1.381509679555892944e+03	2.980000000000000071e+01
1.383972215175628662e+03	2.980000000000000071e+01
1.386435484170913696e+03	2.982999999999999829e+01
1.388897892236709595e+03	2.985999999999999943e+01
1.391360321044921875e+03	2.985999999999999943e+01
1.393822253704071045e+03	2.982999999999999829e+01
1.396285641908645630e+03	2.982999999999999829e+01
1.398747811317443848e+03	2.982999999999999829e+01
1.401210953712463379e+03	2.980000000000000071e+01
1.403673662424087524e+03	2.982999999999999829e+01
1.406136194229125977e+03	2.980000000000000071e+01
1.408597952842712402e+03	2.976000000000000156e+01
1.411060723066329956e+03	2.976000000000000156e+01
1.413523059368133545e+03	2.980000000000000071e+01
1.415986274719238281e+03	2.976000000000000156e+01
1.418448381185531616e+03	2.976000000000000156e+01
1.420910774469375610e+03	2.980000000000000071e+01
1.423373482465744019e+03	2.976000000000000156e+01
1.425836083650588989e+03	2.980000000000000071e+01
1.428299167394638062e+03	2.980000000000000071e+01
1.430760671854019165e+03	2.976000000000000156e+01
1.433224445581436157e+03	2.980000000000000071e+01
1.435686280488967896e+03	2.980000000000000071e+01
1.438148818492889404e+03	2.976000000000000156e+01
1.440611415147781372e+03	2.976000000000000156e+01
1.443074907064437866e+03	2.976000000000000156e+01
1.445537456750869751e+03	2.973000000000000043e+01
1.447999848127365112e+03	2.976000000000000156e+01
1.450462147951126099e+03	2.980000000000000071e+01
1.452924536228179932e+03	2.976000000000000156e+01
1.455386844158172607e+03	2.980000000000000071e+01
1.457850100517272949e+03	2.976000000000000156e+01
1.460312066078186035e+03	2.982999999999999829e+01
1.462775099039077759e+03	2.982999999999999829e+01
1.465237566947937012e+03	2.980000000000000071e+01
1.467700054645538330e+03	2.980000000000000071e+01
1.470163334131240845e+03	2.980000000000000071e+01
1.472624698162078857e+03	2.976000000000000156e+01
1.475087599277496338e+03	2.980000000000000071e+01
