# 20220728
# time			temp			
0.000000000000000000e+00	2.976000000000000156e+01
2.463620901107788086e+00	2.980000000000000071e+01
4.925460815429687500e+00	2.980000000000000071e+01
7.388323068618774414e+00	2.980000000000000071e+01
9.850743293762207031e+00	2.973000000000000043e+01
1.231329989433288574e+01	2.976000000000000156e+01
1.477653574943542480e+01	2.973000000000000043e+01
1.723903870582580566e+01	2.980000000000000071e+01
1.970193600654602051e+01	2.976000000000000156e+01
2.216443443298339844e+01	2.980000000000000071e+01
2.462615728378295898e+01	2.980000000000000071e+01
2.708881807327270508e+01	2.980000000000000071e+01
2.955192112922668457e+01	2.980000000000000071e+01
3.201481223106384277e+01	2.980000000000000071e+01
3.447651124000549316e+01	2.980000000000000071e+01
3.693963456153869629e+01	2.976000000000000156e+01
3.940218806266784668e+01	2.980000000000000071e+01
4.186458039283752441e+01	2.976000000000000156e+01
4.432672357559204102e+01	2.973000000000000043e+01
4.678965139389038086e+01	2.976000000000000156e+01
4.925133085250854492e+01	2.980000000000000071e+01
5.171535587310791016e+01	2.976000000000000156e+01
5.417703366279602051e+01	2.980000000000000071e+01
5.664000582695007324e+01	2.982999999999999829e+01
5.910279607772827148e+01	2.980000000000000071e+01
6.156496953964233398e+01	2.976000000000000156e+01
6.402764201164245605e+01	2.982999999999999829e+01
6.649008107185363770e+01	2.980000000000000071e+01
6.895317530632019043e+01	2.980000000000000071e+01
7.141577243804931641e+01	2.980000000000000071e+01
7.387846994400024414e+01	2.980000000000000071e+01
7.634114170074462891e+01	2.980000000000000071e+01
7.880396103858947754e+01	2.980000000000000071e+01
8.126604413986206055e+01	2.982999999999999829e+01
8.372860383987426758e+01	2.982999999999999829e+01
8.619131064414978027e+01	2.980000000000000071e+01
8.865436863899230957e+01	2.976000000000000156e+01
9.111679315567016602e+01	2.980000000000000071e+01
9.357934904098510742e+01	2.976000000000000156e+01
9.604220461845397949e+01	2.980000000000000071e+01
9.850429749488830566e+01	2.976000000000000156e+01
1.009669950008392334e+02	2.976000000000000156e+01
1.034287109375000000e+02	2.973000000000000043e+01
1.058918130397796631e+02	2.976000000000000156e+01
1.083543877601623535e+02	2.976000000000000156e+01
1.108167123794555664e+02	2.973000000000000043e+01
1.132796847820281982e+02	2.973000000000000043e+01
1.157427811622619629e+02	2.976000000000000156e+01
1.182044394016265869e+02	2.976000000000000156e+01
1.206675751209259033e+02	2.980000000000000071e+01
1.231302320957183838e+02	2.982999999999999829e+01
1.255929238796234131e+02	2.976000000000000156e+01
1.280557923316955566e+02	2.980000000000000071e+01
1.305184955596923828e+02	2.980000000000000071e+01
1.329811236858367920e+02	2.980000000000000071e+01
1.354428925514221191e+02	2.980000000000000071e+01
1.379059734344482422e+02	2.980000000000000071e+01
1.403688299655914307e+02	2.980000000000000071e+01
1.428303730487823486e+02	2.980000000000000071e+01
1.452927832603454590e+02	2.976000000000000156e+01
1.477559721469879150e+02	2.976000000000000156e+01
1.502184092998504639e+02	2.976000000000000156e+01
1.526812050342559814e+02	2.976000000000000156e+01
1.551445138454437256e+02	2.973000000000000043e+01
1.576063578128814697e+02	2.976000000000000156e+01
1.600696990489959717e+02	2.980000000000000071e+01
1.625321049690246582e+02	2.973000000000000043e+01
1.649942913055419922e+02	2.976000000000000156e+01
1.674564836025238037e+02	2.976000000000000156e+01
1.699199399948120117e+02	2.980000000000000071e+01
1.723815879821777344e+02	2.980000000000000071e+01
1.748443491458892822e+02	2.980000000000000071e+01
1.773070976734161377e+02	2.980000000000000071e+01
1.797690987586975098e+02	2.976000000000000156e+01
1.822324442863464355e+02	2.980000000000000071e+01
1.846952066421508789e+02	2.980000000000000071e+01
1.871577541828155518e+02	2.982999999999999829e+01
1.896208477020263672e+02	2.976000000000000156e+01
1.920832946300506592e+02	2.980000000000000071e+01
1.945454185009002686e+02	2.982999999999999829e+01
1.970077786445617676e+02	2.980000000000000071e+01
1.994704461097717285e+02	2.976000000000000156e+01
2.019336524009704590e+02	2.973000000000000043e+01
2.043960957527160645e+02	2.973000000000000043e+01
2.068581714630126953e+02	2.976000000000000156e+01
2.093202354907989502e+02	2.976000000000000156e+01
2.117833776473999023e+02	2.976000000000000156e+01
2.142463340759277344e+02	2.980000000000000071e+01
2.167091877460479736e+02	2.976000000000000156e+01
2.191717398166656494e+02	2.973000000000000043e+01
2.216338489055633545e+02	2.976000000000000156e+01
2.240964586734771729e+02	2.980000000000000071e+01
2.265592598915100098e+02	2.976000000000000156e+01
2.290212717056274414e+02	2.980000000000000071e+01
2.314843144416809082e+02	2.982999999999999829e+01
2.339469525814056396e+02	2.980000000000000071e+01
2.364097082614898682e+02	2.976000000000000156e+01
2.388716745376586914e+02	2.982999999999999829e+01
2.413349301815032959e+02	2.976000000000000156e+01
2.437970824241638184e+02	2.976000000000000156e+01
2.462596759796142578e+02	2.973000000000000043e+01
2.487223355770111084e+02	2.973000000000000043e+01
2.511850316524505615e+02	2.976000000000000156e+01
2.536477558612823486e+02	2.976000000000000156e+01
2.561103651523590088e+02	2.976000000000000156e+01
2.585728409290313721e+02	2.973000000000000043e+01
2.610353631973266602e+02	2.973000000000000043e+01
2.634975149631500244e+02	2.973000000000000043e+01
2.659600827693939209e+02	2.980000000000000071e+01
2.684227538108825684e+02	2.980000000000000071e+01
2.708855676651000977e+02	2.982999999999999829e+01
2.733485288619995117e+02	2.980000000000000071e+01
2.758104138374328613e+02	2.982999999999999829e+01
2.782727706432342529e+02	2.980000000000000071e+01
2.807363998889923096e+02	2.980000000000000071e+01
2.831984238624572754e+02	2.976000000000000156e+01
2.856610093116760254e+02	2.982999999999999829e+01
2.881235520839691162e+02	2.980000000000000071e+01
2.905869708061218262e+02	2.973000000000000043e+01
2.930491445064544678e+02	2.976000000000000156e+01
2.955118088722229004e+02	2.976000000000000156e+01
2.979739909172058105e+02	2.973000000000000043e+01
3.004363360404968262e+02	2.976000000000000156e+01
3.028994514942169189e+02	2.976000000000000156e+01
3.053620789051055908e+02	2.973000000000000043e+01
3.078237462043762207e+02	2.976000000000000156e+01
3.102866241931915283e+02	2.976000000000000156e+01
3.127493040561676025e+02	2.980000000000000071e+01
3.152121160030364990e+02	2.982999999999999829e+01
3.176746532917022705e+02	2.976000000000000156e+01
3.201373164653778076e+02	2.980000000000000071e+01
3.226003825664520264e+02	2.980000000000000071e+01
3.250629949569702148e+02	2.976000000000000156e+01
3.275247015953063965e+02	2.982999999999999829e+01
3.299872672557830811e+02	2.980000000000000071e+01
3.324501464366912842e+02	2.982999999999999829e+01
3.349123828411102295e+02	2.976000000000000156e+01
3.373759853839874268e+02	2.973000000000000043e+01
3.398378162384033203e+02	2.973000000000000043e+01
3.423006918430328369e+02	2.973000000000000043e+01
3.447634992599487305e+02	2.973000000000000043e+01
3.472252445220947266e+02	2.973000000000000043e+01
3.496882178783416748e+02	2.969999999999999929e+01
3.521506438255310059e+02	2.973000000000000043e+01
3.546140170097351074e+02	2.976000000000000156e+01
3.570762534141540527e+02	2.980000000000000071e+01
3.595384192466735840e+02	2.976000000000000156e+01
3.620006515979766846e+02	2.973000000000000043e+01
3.644636154174804688e+02	2.980000000000000071e+01
3.669262118339538574e+02	2.982999999999999829e+01
3.693889956474304199e+02	2.980000000000000071e+01
3.718522849082946777e+02	2.980000000000000071e+01
3.743140683174133301e+02	2.976000000000000156e+01
3.767770216464996338e+02	2.980000000000000071e+01
3.792391278743743896e+02	2.980000000000000071e+01
3.817025558948516846e+02	2.980000000000000071e+01
3.841652545928955078e+02	2.976000000000000156e+01
3.866275107860565186e+02	2.973000000000000043e+01
3.890893456935882568e+02	2.976000000000000156e+01
3.915529611110687256e+02	2.976000000000000156e+01
3.940149378776550293e+02	2.969999999999999929e+01
3.964771738052368164e+02	2.973000000000000043e+01
3.989402873516082764e+02	2.976000000000000156e+01
4.014034922122955322e+02	2.976000000000000156e+01
4.038658390045166016e+02	2.973000000000000043e+01
4.063275892734527588e+02	2.980000000000000071e+01
4.087903313636779785e+02	2.980000000000000071e+01
4.112529156208038330e+02	2.976000000000000156e+01
4.137151200771331787e+02	2.976000000000000156e+01
4.161780190467834473e+02	2.980000000000000071e+01
4.186409296989440918e+02	2.980000000000000071e+01
4.211033558845520020e+02	2.980000000000000071e+01
4.235663228034973145e+02	2.980000000000000071e+01
4.260287013053894043e+02	2.980000000000000071e+01
4.284917910099029541e+02	2.980000000000000071e+01
4.309541501998901367e+02	2.976000000000000156e+01
4.334170250892639160e+02	2.980000000000000071e+01
4.358784885406494141e+02	2.980000000000000071e+01
4.383421983718872070e+02	2.980000000000000071e+01
4.408043949604034424e+02	2.976000000000000156e+01
4.432668018341064453e+02	2.976000000000000156e+01
4.457295465469360352e+02	2.976000000000000156e+01
4.481920177936553955e+02	2.973000000000000043e+01
4.506547620296478271e+02	2.980000000000000071e+01
4.531169919967651367e+02	2.973000000000000043e+01
4.555800025463104248e+02	2.973000000000000043e+01
4.580418591499328613e+02	2.976000000000000156e+01
4.605051281452178955e+02	2.980000000000000071e+01
4.629671692848205566e+02	2.976000000000000156e+01
4.654300236701965332e+02	2.980000000000000071e+01
4.678924298286437988e+02	2.982999999999999829e+01
4.703559832572937012e+02	2.980000000000000071e+01
4.728182611465454102e+02	2.980000000000000071e+01
4.752800314426422119e+02	2.982999999999999829e+01
4.777427833080291748e+02	2.980000000000000071e+01
4.802058124542236328e+02	2.980000000000000071e+01
4.826680529117584229e+02	2.980000000000000071e+01
4.851314048767089844e+02	2.980000000000000071e+01
4.875930345058441162e+02	2.976000000000000156e+01
4.900565037727355957e+02	2.976000000000000156e+01
4.925191836357116699e+02	2.980000000000000071e+01
4.949815089702606201e+02	2.976000000000000156e+01
4.974440281391143799e+02	2.973000000000000043e+01
4.999071338176727295e+02	2.980000000000000071e+01
5.023691444396972656e+02	2.976000000000000156e+01
5.048319017887115479e+02	2.976000000000000156e+01
5.072945768833160400e+02	2.976000000000000156e+01
5.097564926147460938e+02	2.976000000000000156e+01
5.122196505069732666e+02	2.973000000000000043e+01
5.146821506023406982e+02	2.973000000000000043e+01
5.171443421840667725e+02	2.973000000000000043e+01
5.196070046424865723e+02	2.973000000000000043e+01
5.220699172019958496e+02	2.976000000000000156e+01
5.245321686267852783e+02	2.980000000000000071e+01
5.269952704906463623e+02	2.980000000000000071e+01
5.294579188823699951e+02	2.980000000000000071e+01
5.319199824333190918e+02	2.980000000000000071e+01
5.343832647800445557e+02	2.980000000000000071e+01
5.368455798625946045e+02	2.980000000000000071e+01
5.393080978393554688e+02	2.980000000000000071e+01
5.417703661918640137e+02	2.980000000000000071e+01
5.442326550483703613e+02	2.976000000000000156e+01
5.466959488391876221e+02	2.976000000000000156e+01
5.491585946083068848e+02	2.976000000000000156e+01
5.516208031177520752e+02	2.976000000000000156e+01
5.540832030773162842e+02	2.976000000000000156e+01
5.565463078022003174e+02	2.973000000000000043e+01
5.590084450244903564e+02	2.973000000000000043e+01
5.614710772037506104e+02	2.973000000000000043e+01
5.639343569278717041e+02	2.973000000000000043e+01
5.663961260318756104e+02	2.976000000000000156e+01
5.688593466281890869e+02	2.973000000000000043e+01
5.713216559886932373e+02	2.980000000000000071e+01
5.737845759391784668e+02	2.980000000000000071e+01
5.762465631961822510e+02	2.982999999999999829e+01
5.787090463638305664e+02	2.982999999999999829e+01
5.811715648174285889e+02	2.982999999999999829e+01
5.836349999904632568e+02	2.982999999999999829e+01
5.860977239608764648e+02	2.982999999999999829e+01
5.885598206520080566e+02	2.989999999999999858e+01
5.910224523544311523e+02	2.980000000000000071e+01
5.934844996929168701e+02	2.982999999999999829e+01
5.959471576213836670e+02	2.980000000000000071e+01
5.984100689888000488e+02	2.976000000000000156e+01
6.008725533485412598e+02	2.976000000000000156e+01
6.033358113765716553e+02	2.980000000000000071e+01
6.057978088855743408e+02	2.976000000000000156e+01
6.082605948448181152e+02	2.973000000000000043e+01
6.107224893569946289e+02	2.973000000000000043e+01
6.131854801177978516e+02	2.976000000000000156e+01
6.156483118534088135e+02	2.976000000000000156e+01
6.181110718250274658e+02	2.976000000000000156e+01
6.205737457275390625e+02	2.976000000000000156e+01
6.230364758968353271e+02	2.982999999999999829e+01
6.254992156028747559e+02	2.980000000000000071e+01
6.279610257148742676e+02	2.982999999999999829e+01
6.304239149093627930e+02	2.980000000000000071e+01
6.328870294094085693e+02	2.982999999999999829e+01
6.353492872714996338e+02	2.982999999999999829e+01
6.378111517429351807e+02	2.982999999999999829e+01
6.402738730907440186e+02	2.982999999999999829e+01
6.427373468875885010e+02	2.982999999999999829e+01
6.451999280452728271e+02	2.980000000000000071e+01
6.476620223522186279e+02	2.982999999999999829e+01
6.501245837211608887e+02	2.980000000000000071e+01
6.525874392986297607e+02	2.980000000000000071e+01
6.550496120452880859e+02	2.973000000000000043e+01
6.575117936134338379e+02	2.976000000000000156e+01
6.599745743274688721e+02	2.976000000000000156e+01
6.624376785755157471e+02	2.976000000000000156e+01
6.648996610641479492e+02	2.976000000000000156e+01
6.673620278835296631e+02	2.976000000000000156e+01
6.698246746063232422e+02	2.976000000000000156e+01
6.722883670330047607e+02	2.973000000000000043e+01
6.747500817775726318e+02	2.980000000000000071e+01
6.772125282287597656e+02	2.982999999999999829e+01
6.796759774684906006e+02	2.980000000000000071e+01
6.821383302211761475e+02	2.982999999999999829e+01
6.846010410785675049e+02	2.982999999999999829e+01
6.870635957717895508e+02	2.980000000000000071e+01
6.895264840126037598e+02	2.976000000000000156e+01
6.919888701438903809e+02	2.976000000000000156e+01
6.944507167339324951e+02	2.980000000000000071e+01
6.969134407043457031e+02	2.980000000000000071e+01
6.993764345645904541e+02	2.976000000000000156e+01
7.018390982151031494e+02	2.976000000000000156e+01
7.043018472194671631e+02	2.976000000000000156e+01
7.067641108036041260e+02	2.973000000000000043e+01
7.092265102863311768e+02	2.976000000000000156e+01
7.116887807846069336e+02	2.973000000000000043e+01
7.141516129970550537e+02	2.976000000000000156e+01
7.166143310070037842e+02	2.973000000000000043e+01
7.190777444839477539e+02	2.976000000000000156e+01
7.215399401187896729e+02	2.980000000000000071e+01
7.240018503665924072e+02	2.976000000000000156e+01
7.264650821685791016e+02	2.980000000000000071e+01
7.289277086257934570e+02	2.980000000000000071e+01
7.313898003101348877e+02	2.976000000000000156e+01
7.338524420261383057e+02	2.976000000000000156e+01
7.363146536350250244e+02	2.980000000000000071e+01
7.387780418395996094e+02	2.982999999999999829e+01
7.412401020526885986e+02	2.980000000000000071e+01
7.437032217979431152e+02	2.973000000000000043e+01
7.461659989356994629e+02	2.976000000000000156e+01
7.486282980442047119e+02	2.976000000000000156e+01
7.510904016494750977e+02	2.976000000000000156e+01
7.535530843734741211e+02	2.976000000000000156e+01
7.560152933597564697e+02	2.976000000000000156e+01
7.584784841537475586e+02	2.980000000000000071e+01
7.609409978389739990e+02	2.976000000000000156e+01
7.634037942886352539e+02	2.976000000000000156e+01
7.658657178878784180e+02	2.980000000000000071e+01
7.683283696174621582e+02	2.980000000000000071e+01
7.707911536693572998e+02	2.980000000000000071e+01
7.732533688545227051e+02	2.980000000000000071e+01
7.757163436412811279e+02	2.980000000000000071e+01
7.781798129081726074e+02	2.982999999999999829e+01
7.806420280933380127e+02	2.980000000000000071e+01
7.831048092842102051e+02	2.982999999999999829e+01
7.855671455860137939e+02	2.980000000000000071e+01
7.880296196937561035e+02	2.980000000000000071e+01
7.904925882816314697e+02	2.980000000000000071e+01
7.929543068408966064e+02	2.982999999999999829e+01
7.954169716835021973e+02	2.980000000000000071e+01
7.978797798156738281e+02	2.976000000000000156e+01
8.003427124023437500e+02	2.976000000000000156e+01
8.028047099113464355e+02	2.980000000000000071e+01
8.052681093215942383e+02	2.976000000000000156e+01
8.077306437492370605e+02	2.980000000000000071e+01
8.101930251121520996e+02	2.973000000000000043e+01
8.126555123329162598e+02	2.976000000000000156e+01
8.151185047626495361e+02	2.976000000000000156e+01
8.175809888839721680e+02	2.976000000000000156e+01
8.200428979396820068e+02	2.976000000000000156e+01
8.225056667327880859e+02	2.980000000000000071e+01
8.249689006805419922e+02	2.980000000000000071e+01
8.274313023090362549e+02	2.980000000000000071e+01
8.298930115699768066e+02	2.980000000000000071e+01
8.323561406135559082e+02	2.982999999999999829e+01
8.348183193206787109e+02	2.980000000000000071e+01
8.372814619541168213e+02	2.982999999999999829e+01
8.397435247898101807e+02	2.982999999999999829e+01
8.422069840431213379e+02	2.982999999999999829e+01
8.446695489883422852e+02	2.976000000000000156e+01
8.471315720081329346e+02	2.980000000000000071e+01
8.495940351486206055e+02	2.980000000000000071e+01
8.520565457344055176e+02	2.976000000000000156e+01
8.545197577476501465e+02	2.973000000000000043e+01
8.569824306964874268e+02	2.973000000000000043e+01
8.594443790912628174e+02	2.976000000000000156e+01
8.619072694778442383e+02	2.973000000000000043e+01
8.643697590827941895e+02	2.976000000000000156e+01
8.668331017494201660e+02	2.973000000000000043e+01
8.692943689823150635e+02	2.973000000000000043e+01
8.717574782371520996e+02	2.973000000000000043e+01
8.742198832035064697e+02	2.976000000000000156e+01
8.766832053661346436e+02	2.976000000000000156e+01
8.791453270912170410e+02	2.980000000000000071e+01
8.816076655387878418e+02	2.980000000000000071e+01
8.840709147453308105e+02	2.980000000000000071e+01
8.865337803363800049e+02	2.976000000000000156e+01
8.889956614971160889e+02	2.982999999999999829e+01
8.914587874412536621e+02	2.980000000000000071e+01
8.939213960170745850e+02	2.982999999999999829e+01
8.963840837478637695e+02	2.976000000000000156e+01
8.988462374210357666e+02	2.982999999999999829e+01
9.013081703186035156e+02	2.980000000000000071e+01
9.037718958854675293e+02	2.980000000000000071e+01
9.062339899539947510e+02	2.976000000000000156e+01
9.086968247890472412e+02	2.976000000000000156e+01
9.111590161323547363e+02	2.980000000000000071e+01
9.136213781833648682e+02	2.976000000000000156e+01
9.160838873386383057e+02	2.976000000000000156e+01
9.185472095012664795e+02	2.976000000000000156e+01
9.210096383094787598e+02	2.980000000000000071e+01
9.234726006984710693e+02	2.982999999999999829e+01
9.259351267814636230e+02	2.982999999999999829e+01
9.283968060016632080e+02	2.980000000000000071e+01
9.308600468635559082e+02	2.982999999999999829e+01
9.333225080966949463e+02	2.980000000000000071e+01
9.357852134704589844e+02	2.982999999999999829e+01
9.382469930648803711e+02	2.982999999999999829e+01
9.407100918292999268e+02	2.976000000000000156e+01
9.431727616786956787e+02	2.976000000000000156e+01
9.456353759765625000e+02	2.976000000000000156e+01
9.480978121757507324e+02	2.973000000000000043e+01
9.505607624053955078e+02	2.976000000000000156e+01
9.530227811336517334e+02	2.976000000000000156e+01
9.554863288402557373e+02	2.976000000000000156e+01
9.579479534626007080e+02	2.976000000000000156e+01
9.604114930629730225e+02	2.976000000000000156e+01
9.628740317821502686e+02	2.976000000000000156e+01
9.653358943462371826e+02	2.982999999999999829e+01
9.677986197471618652e+02	2.982999999999999829e+01
9.702612531185150146e+02	2.982999999999999829e+01
9.727242391109466553e+02	2.982999999999999829e+01
9.751861147880554199e+02	2.982999999999999829e+01
9.776494553089141846e+02	2.980000000000000071e+01
9.801114149093627930e+02	2.980000000000000071e+01
9.825748572349548340e+02	2.980000000000000071e+01
9.850371146202087402e+02	2.980000000000000071e+01
9.874993093013763428e+02	2.982999999999999829e+01
9.899619829654693604e+02	2.976000000000000156e+01
9.924242045879364014e+02	2.973000000000000043e+01
9.948874657154083252e+02	2.976000000000000156e+01
9.973503046035766602e+02	2.980000000000000071e+01
9.998121786117553711e+02	2.976000000000000156e+01
1.002275608777999878e+03	2.976000000000000156e+01
1.004737271070480347e+03	2.976000000000000156e+01
1.007200199604034424e+03	2.980000000000000071e+01
1.009663088321685791e+03	2.976000000000000156e+01
1.012125512838363647e+03	2.982999999999999829e+01
1.014587685108184814e+03	2.980000000000000071e+01
1.017050235986709595e+03	2.980000000000000071e+01
1.019512714624404907e+03	2.980000000000000071e+01
1.021976313114166260e+03	2.980000000000000071e+01
1.024438387632369995e+03	2.980000000000000071e+01
1.026900247573852539e+03	2.980000000000000071e+01
1.029363308906555176e+03	2.980000000000000071e+01
1.031826627016067505e+03	2.973000000000000043e+01
1.034288728237152100e+03	2.973000000000000043e+01
1.036751551151275635e+03	2.980000000000000071e+01
1.039214301824569702e+03	2.973000000000000043e+01
1.041677089691162109e+03	2.980000000000000071e+01
1.044139402151107788e+03	2.976000000000000156e+01
1.046601236343383789e+03	2.976000000000000156e+01
1.049064365148544312e+03	2.973000000000000043e+01
1.051526746273040771e+03	2.980000000000000071e+01
1.053989236354827881e+03	2.980000000000000071e+01
1.056452469110488892e+03	2.980000000000000071e+01
1.058914588212966919e+03	2.982999999999999829e+01
1.061376771688461304e+03	2.980000000000000071e+01
1.063839777469635010e+03	2.982999999999999829e+01
1.066302993774414062e+03	2.980000000000000071e+01
1.068765319108963013e+03	2.980000000000000071e+01
1.071227651119232178e+03	2.982999999999999829e+01
1.073690037727355957e+03	2.982999999999999829e+01
1.076153240442276001e+03	2.980000000000000071e+01
1.078614835023880005e+03	2.980000000000000071e+01
1.081078371524810791e+03	2.980000000000000071e+01
1.083540252923965454e+03	2.976000000000000156e+01
1.086003236770629883e+03	2.980000000000000071e+01
1.088465922355651855e+03	2.976000000000000156e+01
1.090928296089172363e+03	2.976000000000000156e+01
1.093390288352966309e+03	2.976000000000000156e+01
1.095853796720504761e+03	2.973000000000000043e+01
1.098316096067428589e+03	2.976000000000000156e+01
1.100778668880462646e+03	2.976000000000000156e+01
1.103241319894790649e+03	2.976000000000000156e+01
1.105703814983367920e+03	2.976000000000000156e+01
1.108166681051254272e+03	2.976000000000000156e+01
1.110629249095916748e+03	2.980000000000000071e+01
1.113091250658035278e+03	2.980000000000000071e+01
1.115554783105850220e+03	2.980000000000000071e+01
1.118016404867172241e+03	2.982999999999999829e+01
1.120479290485382080e+03	2.982999999999999829e+01
1.122941654205322266e+03	2.982999999999999829e+01
1.125404771804809570e+03	2.980000000000000071e+01
1.127867676973342896e+03	2.980000000000000071e+01
1.130330388545989990e+03	2.980000000000000071e+01
1.132792500972747803e+03	2.982999999999999829e+01
1.135254578113555908e+03	2.976000000000000156e+01
1.137717998266220093e+03	2.980000000000000071e+01
1.140180021286010742e+03	2.976000000000000156e+01
1.142643042325973511e+03	2.976000000000000156e+01
1.145105506420135498e+03	2.976000000000000156e+01
1.147568694591522217e+03	2.973000000000000043e+01
1.150031124591827393e+03	2.973000000000000043e+01
1.152493869066238403e+03	2.976000000000000156e+01
1.154956124544143677e+03	2.973000000000000043e+01
1.157418394804000854e+03	2.976000000000000156e+01
1.159880832433700562e+03	2.980000000000000071e+01
1.162343425273895264e+03	2.980000000000000071e+01
1.164806347131729126e+03	2.982999999999999829e+01
1.167268942832946777e+03	2.980000000000000071e+01
1.169731604337692261e+03	2.982999999999999829e+01
1.172193939208984375e+03	2.980000000000000071e+01
1.174656814575195312e+03	2.982999999999999829e+01
1.177119042873382568e+03	2.980000000000000071e+01
1.179581317663192749e+03	2.976000000000000156e+01
1.182044312238693237e+03	2.973000000000000043e+01
1.184506919145584106e+03	2.976000000000000156e+01
1.186969654798507690e+03	2.976000000000000156e+01
1.189431660413742065e+03	2.980000000000000071e+01
1.191895144939422607e+03	2.976000000000000156e+01
1.194357155084609985e+03	2.980000000000000071e+01
1.196819809198379517e+03	2.976000000000000156e+01
1.199282460689544678e+03	2.976000000000000156e+01
1.201745314359664917e+03	2.980000000000000071e+01
1.204208053588867188e+03	2.980000000000000071e+01
1.206669383764266968e+03	2.980000000000000071e+01
1.209132634878158569e+03	2.980000000000000071e+01
1.211595206975936890e+03	2.985999999999999943e+01
1.214057673454284668e+03	2.980000000000000071e+01
1.216520333528518677e+03	2.980000000000000071e+01
1.218982657670974731e+03	2.976000000000000156e+01
1.221445930480957031e+03	2.980000000000000071e+01
1.223908818244934082e+03	2.976000000000000156e+01
1.226371335268020630e+03	2.982999999999999829e+01
1.228833570718765259e+03	2.980000000000000071e+01
1.231296262502670288e+03	2.980000000000000071e+01
1.233758923768997192e+03	2.980000000000000071e+01
1.236221177577972412e+03	2.980000000000000071e+01
1.238684538364410400e+03	2.976000000000000156e+01
1.241146826982498169e+03	2.976000000000000156e+01
1.243609628200531006e+03	2.973000000000000043e+01
1.246071950912475586e+03	2.976000000000000156e+01
1.248534804582595825e+03	2.976000000000000156e+01
1.250997133255004883e+03	2.973000000000000043e+01
1.253459213733673096e+03	2.973000000000000043e+01
1.255922736406326294e+03	2.976000000000000156e+01
1.258385303258895874e+03	2.976000000000000156e+01
1.260846753835678101e+03	2.976000000000000156e+01
1.263309758186340332e+03	2.980000000000000071e+01
1.265772695541381836e+03	2.980000000000000071e+01
1.268234906673431396e+03	2.980000000000000071e+01
1.270697224140167236e+03	2.980000000000000071e+01
1.273160307168960571e+03	2.982999999999999829e+01
1.275622937440872192e+03	2.982999999999999829e+01
1.278085379123687744e+03	2.980000000000000071e+01
1.280548042297363281e+03	2.980000000000000071e+01
1.283010781526565552e+03	2.982999999999999829e+01
1.285472808361053467e+03	2.980000000000000071e+01
1.287935782909393311e+03	2.980000000000000071e+01
1.290398157835006714e+03	2.976000000000000156e+01
1.292860983848571777e+03	2.980000000000000071e+01
1.295323713779449463e+03	2.976000000000000156e+01
1.297786409139633179e+03	2.980000000000000071e+01
1.300248875141143799e+03	2.976000000000000156e+01
1.302710799217224121e+03	2.973000000000000043e+01
1.305174167394638062e+03	2.980000000000000071e+01
1.307636955261230469e+03	2.976000000000000156e+01
1.310099027872085571e+03	2.973000000000000043e+01
1.312561455011367798e+03	2.976000000000000156e+01
1.315024595499038696e+03	2.980000000000000071e+01
1.317486649513244629e+03	2.976000000000000156e+01
1.319949484348297119e+03	2.982999999999999829e+01
1.322411630392074585e+03	2.980000000000000071e+01
1.324875133275985718e+03	2.980000000000000071e+01
1.327336815834045410e+03	2.980000000000000071e+01
1.329799386024475098e+03	2.980000000000000071e+01
1.332262580633163452e+03	2.980000000000000071e+01
1.334724759340286255e+03	2.982999999999999829e+01
1.337187861680984497e+03	2.976000000000000156e+01
1.339649969577789307e+03	2.980000000000000071e+01
1.342112198114395142e+03	2.973000000000000043e+01
1.344574819087982178e+03	2.980000000000000071e+01
1.347038008451461792e+03	2.976000000000000156e+01
1.349500892400741577e+03	2.976000000000000156e+01
1.351963010787963867e+03	2.976000000000000156e+01
1.354426009178161621e+03	2.980000000000000071e+01
1.356888068437576294e+03	2.976000000000000156e+01
1.359350908517837524e+03	2.982999999999999829e+01
1.361813318729400635e+03	2.976000000000000156e+01
1.364276226758956909e+03	2.980000000000000071e+01
1.366739118814468384e+03	2.980000000000000071e+01
1.369201105833053589e+03	2.976000000000000156e+01
1.371663299083709717e+03	2.980000000000000071e+01
1.374126152515411377e+03	2.976000000000000156e+01
1.376589069604873657e+03	2.976000000000000156e+01
1.379052125692367554e+03	2.976000000000000156e+01
1.381514032363891602e+03	2.980000000000000071e+01
1.383976775407791138e+03	2.976000000000000156e+01
1.386438608407974243e+03	2.973000000000000043e+01
1.388901428937911987e+03	2.973000000000000043e+01
1.391364219427108765e+03	2.976000000000000156e+01
1.393826824903488159e+03	2.980000000000000071e+01
1.396288888454437256e+03	2.973000000000000043e+01
1.398752726316452026e+03	2.976000000000000156e+01
1.401214842796325684e+03	2.976000000000000156e+01
1.403677413463592529e+03	2.976000000000000156e+01
1.406139499902725220e+03	2.976000000000000156e+01
1.408602363109588623e+03	2.980000000000000071e+01
1.411065098762512207e+03	2.980000000000000071e+01
1.413527279853820801e+03	2.980000000000000071e+01
1.415990077495574951e+03	2.976000000000000156e+01
1.418453579902648926e+03	2.980000000000000071e+01
1.420916086196899414e+03	2.980000000000000071e+01
1.423378618955612183e+03	2.980000000000000071e+01
1.425840730190277100e+03	2.980000000000000071e+01
1.428303774595260620e+03	2.980000000000000071e+01
1.430765654325485229e+03	2.980000000000000071e+01
1.433228715419769287e+03	2.980000000000000071e+01
1.435690859317779541e+03	2.980000000000000071e+01
1.438153341531753540e+03	2.982999999999999829e+01
1.440616397380828857e+03	2.982999999999999829e+01
1.443078980684280396e+03	2.980000000000000071e+01
1.445541282653808594e+03	2.976000000000000156e+01
1.448003997087478638e+03	2.980000000000000071e+01
1.450465679645538330e+03	2.973000000000000043e+01
1.452928901910781860e+03	2.980000000000000071e+01
1.455391762256622314e+03	2.980000000000000071e+01
1.457854443311691284e+03	2.980000000000000071e+01
1.460316857337951660e+03	2.980000000000000071e+01
1.462779599666595459e+03	2.982999999999999829e+01
1.465242066860198975e+03	2.976000000000000156e+01
1.467705001115798950e+03	2.976000000000000156e+01
1.470167580127716064e+03	2.976000000000000156e+01
1.472630430936813354e+03	2.973000000000000043e+01
1.475092171192169189e+03	2.980000000000000071e+01
