# 20220728
# time			temp			
0.000000000000000000e+00	2.985999999999999943e+01
2.462600231170654297e+00	2.980000000000000071e+01
4.925790309906005859e+00	2.985999999999999943e+01
7.387940645217895508e+00	2.982999999999999829e+01
9.850367307662963867e+00	2.980000000000000071e+01
1.231293654441833496e+01	2.980000000000000071e+01
1.477592897415161133e+01	2.980000000000000071e+01
1.723890805244445801e+01	2.976000000000000156e+01
1.970114207267761230e+01	2.980000000000000071e+01
2.216323566436767578e+01	2.973000000000000043e+01
2.462623929977416992e+01	2.973000000000000043e+01
2.708835005760192871e+01	2.973000000000000043e+01
2.955170297622680664e+01	2.969999999999999929e+01
3.201381039619445801e+01	2.976000000000000156e+01
3.447712969779968262e+01	2.980000000000000071e+01
3.693929576873779297e+01	2.976000000000000156e+01
3.940218019485473633e+01	2.976000000000000156e+01
4.186431813240051270e+01	2.973000000000000043e+01
4.432698392868041992e+01	2.980000000000000071e+01
4.678990268707275391e+01	2.980000000000000071e+01
4.925162720680236816e+01	2.976000000000000156e+01
5.171541786193847656e+01	2.982999999999999829e+01
5.417675209045410156e+01	2.980000000000000071e+01
5.664020180702209473e+01	2.982999999999999829e+01
5.910233688354492188e+01	2.980000000000000071e+01
6.156449770927429199e+01	2.976000000000000156e+01
6.402718663215637207e+01	2.973000000000000043e+01
6.649056529998779297e+01	2.980000000000000071e+01
6.895304322242736816e+01	2.973000000000000043e+01
7.141508483886718750e+01	2.973000000000000043e+01
7.387854170799255371e+01	2.976000000000000156e+01
7.634069728851318359e+01	2.976000000000000156e+01
7.880226445198059082e+01	2.973000000000000043e+01
8.126617622375488281e+01	2.976000000000000156e+01
8.372811794281005859e+01	2.973000000000000043e+01
8.619136071205139160e+01	2.976000000000000156e+01
8.865292477607727051e+01	2.976000000000000156e+01
9.111616587638854980e+01	2.976000000000000156e+01
9.357861137390136719e+01	2.976000000000000156e+01
9.604141783714294434e+01	2.980000000000000071e+01
9.850453376770019531e+01	2.982999999999999829e+01
1.009664757251739502e+02	2.982999999999999829e+01
1.034288897514343262e+02	2.982999999999999829e+01
1.058915767669677734e+02	2.980000000000000071e+01
1.083548607826232910e+02	2.985999999999999943e+01
1.108165128231048584e+02	2.980000000000000071e+01
1.132798345088958740e+02	2.980000000000000071e+01
1.157417657375335693e+02	2.980000000000000071e+01
1.182038784027099609e+02	2.976000000000000156e+01
1.206669137477874756e+02	2.980000000000000071e+01
1.231302781105041504e+02	2.976000000000000156e+01
1.255923354625701904e+02	2.973000000000000043e+01
1.280551741123199463e+02	2.976000000000000156e+01
1.305174415111541748e+02	2.973000000000000043e+01
1.329803349971771240e+02	2.980000000000000071e+01
1.354422965049743652e+02	2.976000000000000156e+01
1.379046585559844971e+02	2.976000000000000156e+01
1.403672268390655518e+02	2.976000000000000156e+01
1.428297986984252930e+02	2.976000000000000156e+01
1.452925798892974854e+02	2.982999999999999829e+01
1.477552773952484131e+02	2.982999999999999829e+01
1.502184553146362305e+02	2.982999999999999829e+01
1.526810376644134521e+02	2.976000000000000156e+01
1.551435620784759521e+02	2.985999999999999943e+01
1.576055259704589844e+02	2.982999999999999829e+01
1.600681071281433105e+02	2.982999999999999829e+01
1.625314636230468750e+02	2.982999999999999829e+01
1.649934418201446533e+02	2.982999999999999829e+01
1.674560379981994629e+02	2.980000000000000071e+01
1.699187586307525635e+02	2.980000000000000071e+01
1.723817315101623535e+02	2.976000000000000156e+01
1.748445465564727783e+02	2.980000000000000071e+01
1.773067915439605713e+02	2.976000000000000156e+01
1.797690868377685547e+02	2.973000000000000043e+01
1.822316584587097168e+02	2.973000000000000043e+01
1.846947469711303711e+02	2.969999999999999929e+01
1.871573748588562012e+02	2.969999999999999929e+01
1.896194036006927490e+02	2.969999999999999929e+01
1.920825645923614502e+02	2.969999999999999929e+01
1.945451924800872803e+02	2.973000000000000043e+01
1.970079364776611328e+02	2.973000000000000043e+01
1.994697344303131104e+02	2.976000000000000156e+01
2.019325513839721680e+02	2.980000000000000071e+01
2.043952820301055908e+02	2.976000000000000156e+01
2.068576445579528809e+02	2.976000000000000156e+01
2.093205692768096924e+02	2.980000000000000071e+01
2.117828152179718018e+02	2.980000000000000071e+01
2.142452065944671631e+02	2.980000000000000071e+01
2.167083959579467773e+02	2.982999999999999829e+01
2.191708810329437256e+02	2.980000000000000071e+01
2.216334986686706543e+02	2.980000000000000071e+01
2.240959348678588867e+02	2.980000000000000071e+01
2.265590860843658447e+02	2.982999999999999829e+01
2.290207188129425049e+02	2.980000000000000071e+01
2.314837131500244141e+02	2.976000000000000156e+01
2.339459214210510254e+02	2.976000000000000156e+01
2.364093711376190186e+02	2.976000000000000156e+01
2.388720622062683105e+02	2.976000000000000156e+01
2.413345415592193604e+02	2.976000000000000156e+01
2.437964937686920166e+02	2.973000000000000043e+01
2.462594347000122070e+02	2.980000000000000071e+01
2.487219967842102051e+02	2.980000000000000071e+01
2.511849739551544189e+02	2.980000000000000071e+01
2.536470782756805420e+02	2.980000000000000071e+01
2.561087653636932373e+02	2.982999999999999829e+01
2.585714509487152100e+02	2.982999999999999829e+01
2.610346369743347168e+02	2.982999999999999829e+01
2.634972352981567383e+02	2.982999999999999829e+01
2.659604661464691162e+02	2.980000000000000071e+01
2.684232079982757568e+02	2.985999999999999943e+01
2.708850083351135254e+02	2.985999999999999943e+01
2.733481590747833252e+02	2.982999999999999829e+01
2.758097512722015381e+02	2.980000000000000071e+01
2.782732422351837158e+02	2.980000000000000071e+01
2.807357680797576904e+02	2.980000000000000071e+01
2.831975109577178955e+02	2.982999999999999829e+01
2.856607413291931152e+02	2.980000000000000071e+01
2.881239922046661377e+02	2.980000000000000071e+01
2.905858991146087646e+02	2.976000000000000156e+01
2.930486390590667725e+02	2.976000000000000156e+01
2.955105519294738770e+02	2.973000000000000043e+01
2.979734079837799072e+02	2.973000000000000043e+01
3.004361891746520996e+02	2.973000000000000043e+01
3.028992366790771484e+02	2.973000000000000043e+01
3.053606963157653809e+02	2.973000000000000043e+01
3.078239269256591797e+02	2.973000000000000043e+01
3.102867758274078369e+02	2.976000000000000156e+01
3.127493500709533691e+02	2.976000000000000156e+01
3.152109851837158203e+02	2.980000000000000071e+01
3.176749482154846191e+02	2.976000000000000156e+01
3.201367561817169189e+02	2.980000000000000071e+01
3.225994703769683838e+02	2.980000000000000071e+01
3.250623455047607422e+02	2.980000000000000071e+01
3.275245647430419922e+02	2.980000000000000071e+01
3.299875168800354004e+02	2.980000000000000071e+01
3.324495995044708252e+02	2.980000000000000071e+01
3.349130821228027344e+02	2.973000000000000043e+01
3.373743481636047363e+02	2.980000000000000071e+01
3.398371100425720215e+02	2.976000000000000156e+01
3.423004910945892334e+02	2.976000000000000156e+01
3.447629327774047852e+02	2.976000000000000156e+01
3.472254340648651123e+02	2.976000000000000156e+01
3.496882607936859131e+02	2.976000000000000156e+01
3.521502096652984619e+02	2.973000000000000043e+01
3.546125895977020264e+02	2.973000000000000043e+01
3.570758597850799561e+02	2.976000000000000156e+01
3.595386753082275391e+02	2.976000000000000156e+01
3.620004634857177734e+02	2.976000000000000156e+01
3.644634716510772705e+02	2.980000000000000071e+01
3.669266767501831055e+02	2.976000000000000156e+01
3.693886733055114746e+02	2.980000000000000071e+01
3.718516390323638916e+02	2.982999999999999829e+01
3.743144614696502686e+02	2.982999999999999829e+01
3.767759895324707031e+02	2.982999999999999829e+01
3.792388925552368164e+02	2.985999999999999943e+01
3.817017934322357178e+02	2.982999999999999829e+01
3.841639082431793213e+02	2.985999999999999943e+01
3.866272306442260742e+02	2.982999999999999829e+01
3.890891704559326172e+02	2.985999999999999943e+01
3.915524835586547852e+02	2.976000000000000156e+01
3.940146498680114746e+02	2.976000000000000156e+01
3.964776923656463623e+02	2.980000000000000071e+01
3.989399261474609375e+02	2.980000000000000071e+01
4.014019255638122559e+02	2.980000000000000071e+01
4.038648998737335205e+02	2.980000000000000071e+01
4.063275706768035889e+02	2.976000000000000156e+01
4.087905881404876709e+02	2.976000000000000156e+01
4.112527079582214355e+02	2.976000000000000156e+01
4.137148962020874023e+02	2.980000000000000071e+01
4.161781859397888184e+02	2.980000000000000071e+01
4.186409373283386230e+02	2.976000000000000156e+01
4.211032845973968506e+02	2.976000000000000156e+01
4.235655174255371094e+02	2.980000000000000071e+01
4.260280160903930664e+02	2.976000000000000156e+01
4.284913887977600098e+02	2.973000000000000043e+01
4.309537966251373291e+02	2.980000000000000071e+01
4.334165294170379639e+02	2.976000000000000156e+01
4.358792254924774170e+02	2.976000000000000156e+01
4.383412356376647949e+02	2.976000000000000156e+01
4.408043839931488037e+02	2.976000000000000156e+01
4.432665495872497559e+02	2.980000000000000071e+01
4.457294931411743164e+02	2.980000000000000071e+01
4.481922793388366699e+02	2.980000000000000071e+01
4.506545002460479736e+02	2.980000000000000071e+01
4.531170241832733154e+02	2.980000000000000071e+01
4.555789887905120850e+02	2.980000000000000071e+01
4.580417571067810059e+02	2.976000000000000156e+01
4.605049355030059814e+02	2.980000000000000071e+01
4.629669415950775146e+02	2.976000000000000156e+01
4.654297862052917480e+02	2.980000000000000071e+01
4.678928987979888916e+02	2.980000000000000071e+01
4.703553698062896729e+02	2.976000000000000156e+01
4.728174710273742676e+02	2.976000000000000156e+01
4.752801132202148438e+02	2.973000000000000043e+01
4.777431676387786865e+02	2.980000000000000071e+01
4.802058951854705811e+02	2.976000000000000156e+01
4.826677763462066650e+02	2.976000000000000156e+01
4.851305236816406250e+02	2.973000000000000043e+01
4.875936472415924072e+02	2.980000000000000071e+01
4.900554647445678711e+02	2.976000000000000156e+01
4.925186905860900879e+02	2.976000000000000156e+01
4.949808850288391113e+02	2.980000000000000071e+01
4.974436185359954834e+02	2.976000000000000156e+01
4.999063813686370850e+02	2.980000000000000071e+01
5.023682961463928223e+02	2.980000000000000071e+01
5.048314001560211182e+02	2.980000000000000071e+01
5.072943260669708252e+02	2.982999999999999829e+01
5.097570211887359619e+02	2.980000000000000071e+01
5.122187099456787109e+02	2.980000000000000071e+01
5.146816251277923584e+02	2.976000000000000156e+01
5.171442370414733887e+02	2.973000000000000043e+01
5.196072013378143311e+02	2.973000000000000043e+01
5.220695917606353760e+02	2.976000000000000156e+01
5.245314831733703613e+02	2.973000000000000043e+01
5.269942641258239746e+02	2.976000000000000156e+01
5.294567508697509766e+02	2.976000000000000156e+01
5.319201390743255615e+02	2.980000000000000071e+01
5.343823630809783936e+02	2.980000000000000071e+01
5.368447730541229248e+02	2.980000000000000071e+01
5.393070476055145264e+02	2.976000000000000156e+01
5.417708120346069336e+02	2.980000000000000071e+01
5.442325961589813232e+02	2.976000000000000156e+01
5.466949858665466309e+02	2.976000000000000156e+01
5.491577274799346924e+02	2.980000000000000071e+01
5.516203489303588867e+02	2.976000000000000156e+01
5.540830731391906738e+02	2.980000000000000071e+01
5.565457890033721924e+02	2.980000000000000071e+01
5.590089585781097412e+02	2.980000000000000071e+01
5.614715037345886230e+02	2.980000000000000071e+01
5.639337930679321289e+02	2.980000000000000071e+01
5.663964445590972900e+02	2.976000000000000156e+01
5.688590667247772217e+02	2.980000000000000071e+01
5.713217508792877197e+02	2.980000000000000071e+01
5.737839555740356445e+02	2.980000000000000071e+01
5.762470750808715820e+02	2.980000000000000071e+01
5.787092108726501465e+02	2.980000000000000071e+01
5.811714491844177246e+02	2.976000000000000156e+01
5.836342587471008301e+02	2.980000000000000071e+01
5.860974559783935547e+02	2.980000000000000071e+01
5.885592317581176758e+02	2.980000000000000071e+01
5.910217602252960205e+02	2.976000000000000156e+01
5.934843018054962158e+02	2.980000000000000071e+01
5.959469652175903320e+02	2.973000000000000043e+01
5.984099857807159424e+02	2.973000000000000043e+01
6.008721494674682617e+02	2.973000000000000043e+01
6.033354601860046387e+02	2.976000000000000156e+01
6.057973124980926514e+02	2.973000000000000043e+01
6.082605817317962646e+02	2.973000000000000043e+01
6.107224345207214355e+02	2.973000000000000043e+01
6.131849997043609619e+02	2.976000000000000156e+01
6.156484448909759521e+02	2.976000000000000156e+01
6.181111197471618652e+02	2.973000000000000043e+01
6.205729689598083496e+02	2.982999999999999829e+01
6.230357625484466553e+02	2.982999999999999829e+01
6.254979045391082764e+02	2.980000000000000071e+01
6.279609022140502930e+02	2.982999999999999829e+01
6.304241659641265869e+02	2.985999999999999943e+01
6.328860325813293457e+02	2.982999999999999829e+01
6.353486189842224121e+02	2.980000000000000071e+01
6.378108160495758057e+02	2.980000000000000071e+01
6.402735347747802734e+02	2.982999999999999829e+01
6.427370407581329346e+02	2.980000000000000071e+01
6.451992120742797852e+02	2.976000000000000156e+01
6.476615502834320068e+02	2.976000000000000156e+01
6.501239361763000488e+02	2.976000000000000156e+01
6.525866332054138184e+02	2.976000000000000156e+01
6.550500051975250244e+02	2.973000000000000043e+01
6.575118193626403809e+02	2.976000000000000156e+01
6.599754331111907959e+02	2.980000000000000071e+01
6.624370532035827637e+02	2.976000000000000156e+01
6.648992197513580322e+02	2.976000000000000156e+01
6.673619771003723145e+02	2.980000000000000071e+01
6.698247470855712891e+02	2.982999999999999829e+01
6.722866752147674561e+02	2.980000000000000071e+01
6.747502779960632324e+02	2.982999999999999829e+01
6.772129602432250977e+02	2.982999999999999829e+01
6.796750166416168213e+02	2.982999999999999829e+01
6.821383144855499268e+02	2.985999999999999943e+01
6.846009473800659180e+02	2.982999999999999829e+01
6.870629541873931885e+02	2.982999999999999829e+01
6.895261805057525635e+02	2.985999999999999943e+01
6.919889273643493652e+02	2.982999999999999829e+01
6.944503901004791260e+02	2.980000000000000071e+01
6.969138538837432861e+02	2.980000000000000071e+01
6.993755104541778564e+02	2.980000000000000071e+01
7.018388102054595947e+02	2.976000000000000156e+01
7.043006484508514404e+02	2.976000000000000156e+01
7.067642202377319336e+02	2.976000000000000156e+01
7.092266962528228760e+02	2.973000000000000043e+01
7.116889536380767822e+02	2.976000000000000156e+01
7.141520092487335205e+02	2.973000000000000043e+01
7.166147820949554443e+02	2.973000000000000043e+01
7.190769140720367432e+02	2.973000000000000043e+01
7.215393040180206299e+02	2.973000000000000043e+01
7.240018393993377686e+02	2.976000000000000156e+01
7.264649372100830078e+02	2.976000000000000156e+01
7.289276096820831299e+02	2.976000000000000156e+01
7.313899636268615723e+02	2.976000000000000156e+01
7.338519539833068848e+02	2.976000000000000156e+01
7.363155822753906250e+02	2.982999999999999829e+01
7.387772493362426758e+02	2.976000000000000156e+01
7.412406041622161865e+02	2.982999999999999829e+01
7.437027695178985596e+02	2.980000000000000071e+01
7.461654930114746094e+02	2.980000000000000071e+01
7.486278355121612549e+02	2.976000000000000156e+01
7.510900239944458008e+02	2.980000000000000071e+01
7.535536546707153320e+02	2.973000000000000043e+01
7.560156066417694092e+02	2.973000000000000043e+01
7.584788024425506592e+02	2.976000000000000156e+01
7.609418041706085205e+02	2.976000000000000156e+01
7.634035072326660156e+02	2.973000000000000043e+01
7.658657515048980713e+02	2.973000000000000043e+01
7.683288152217864990e+02	2.973000000000000043e+01
7.707918634414672852e+02	2.976000000000000156e+01
7.732537467479705811e+02	2.980000000000000071e+01
7.757163765430450439e+02	2.976000000000000156e+01
7.781786875724792480e+02	2.980000000000000071e+01
7.806420166492462158e+02	2.980000000000000071e+01
7.831047012805938721e+02	2.980000000000000071e+01
7.855667157173156738e+02	2.976000000000000156e+01
7.880298285484313965e+02	2.976000000000000156e+01
7.904919552803039551e+02	2.976000000000000156e+01
7.929546873569488525e+02	2.973000000000000043e+01
7.954177267551422119e+02	2.976000000000000156e+01
7.978795807361602783e+02	2.976000000000000156e+01
8.003429062366485596e+02	2.976000000000000156e+01
8.028047382831573486e+02	2.976000000000000156e+01
8.052671120166778564e+02	2.976000000000000156e+01
8.077302396297454834e+02	2.980000000000000071e+01
8.101933708190917969e+02	2.976000000000000156e+01
8.126555585861206055e+02	2.982999999999999829e+01
8.151178781986236572e+02	2.982999999999999829e+01
8.175812191963195801e+02	2.982999999999999829e+01
8.200429353713989258e+02	2.982999999999999829e+01
8.225061240196228027e+02	2.985999999999999943e+01
8.249688923358917236e+02	2.982999999999999829e+01
8.274307839870452881e+02	2.982999999999999829e+01
8.298933808803558350e+02	2.982999999999999829e+01
8.323562877178192139e+02	2.980000000000000071e+01
8.348189468383789062e+02	2.980000000000000071e+01
8.372808370590209961e+02	2.980000000000000071e+01
8.397431526184082031e+02	2.980000000000000071e+01
8.422065696716308594e+02	2.976000000000000156e+01
8.446688978672027588e+02	2.980000000000000071e+01
8.471315324306488037e+02	2.976000000000000156e+01
8.495933501720428467e+02	2.973000000000000043e+01
8.520565204620361328e+02	2.973000000000000043e+01
8.545199110507965088e+02	2.976000000000000156e+01
8.569823102951049805e+02	2.976000000000000156e+01
8.594434094429016113e+02	2.980000000000000071e+01
8.619066989421844482e+02	2.976000000000000156e+01
8.643694610595703125e+02	2.980000000000000071e+01
8.668327777385711670e+02	2.980000000000000071e+01
8.692954270839691162e+02	2.982999999999999829e+01
8.717574799060821533e+02	2.980000000000000071e+01
8.742194395065307617e+02	2.980000000000000071e+01
8.766832196712493896e+02	2.980000000000000071e+01
8.791454582214355469e+02	2.980000000000000071e+01
8.816077256202697754e+02	2.980000000000000071e+01
8.840709695816040039e+02	2.980000000000000071e+01
8.865331535339355469e+02	2.976000000000000156e+01
8.889950480461120605e+02	2.976000000000000156e+01
8.914586274623870850e+02	2.973000000000000043e+01
8.939213051795959473e+02	2.973000000000000043e+01
8.963831913471221924e+02	2.976000000000000156e+01
8.988455965518951416e+02	2.980000000000000071e+01
9.013084714412689209e+02	2.980000000000000071e+01
9.037708854675292969e+02	2.980000000000000071e+01
9.062340698242187500e+02	2.980000000000000071e+01
9.086964967250823975e+02	2.980000000000000071e+01
9.111585469245910645e+02	2.980000000000000071e+01
9.136212410926818848e+02	2.982999999999999829e+01
9.160836288928985596e+02	2.982999999999999829e+01
9.185463774204254150e+02	2.980000000000000071e+01
9.210098552703857422e+02	2.982999999999999829e+01
9.234724640846252441e+02	2.980000000000000071e+01
9.259342899322509766e+02	2.980000000000000071e+01
9.283975677490234375e+02	2.980000000000000071e+01
9.308598711490631104e+02	2.980000000000000071e+01
9.333220775127410889e+02	2.976000000000000156e+01
9.357845091819763184e+02	2.976000000000000156e+01
9.382477314472198486e+02	2.980000000000000071e+01
9.407102701663970947e+02	2.980000000000000071e+01
9.431723263263702393e+02	2.980000000000000071e+01
9.456347506046295166e+02	2.976000000000000156e+01
9.480981726646423340e+02	2.980000000000000071e+01
9.505606350898742676e+02	2.980000000000000071e+01
9.530224845409393311e+02	2.980000000000000071e+01
9.554859802722930908e+02	2.980000000000000071e+01
9.579476923942565918e+02	2.980000000000000071e+01
9.604104011058807373e+02	2.980000000000000071e+01
9.628736772537231445e+02	2.980000000000000071e+01
9.653358411788940430e+02	2.976000000000000156e+01
9.677981498241424561e+02	2.976000000000000156e+01
9.702616541385650635e+02	2.976000000000000156e+01
9.727236485481262207e+02	2.980000000000000071e+01
9.751864287853240967e+02	2.980000000000000071e+01
9.776489884853363037e+02	2.976000000000000156e+01
9.801114058494567871e+02	2.980000000000000071e+01
9.825744397640228271e+02	2.980000000000000071e+01
9.850366537570953369e+02	2.982999999999999829e+01
9.874996948242187500e+02	2.980000000000000071e+01
9.899617393016815186e+02	2.982999999999999829e+01
9.924242329597473145e+02	2.980000000000000071e+01
9.948867325782775879e+02	2.980000000000000071e+01
9.973495955467224121e+02	2.980000000000000071e+01
9.998119220733642578e+02	2.980000000000000071e+01
1.002274923563003540e+03	2.973000000000000043e+01
1.004736912965774536e+03	2.982999999999999829e+01
1.007200407028198242e+03	2.976000000000000156e+01
1.009661639928817749e+03	2.973000000000000043e+01
1.012124909639358521e+03	2.973000000000000043e+01
1.014587573528289795e+03	2.969999999999999929e+01
1.017050217866897583e+03	2.973000000000000043e+01
1.019512378692626953e+03	2.976000000000000156e+01
1.021975598812103271e+03	2.976000000000000156e+01
1.024437836170196533e+03	2.973000000000000043e+01
1.026900463819503784e+03	2.980000000000000071e+01
1.029362932920455933e+03	2.980000000000000071e+01
1.031826231956481934e+03	2.980000000000000071e+01
1.034288012504577637e+03	2.980000000000000071e+01
1.036751428604125977e+03	2.985999999999999943e+01
1.039213587760925293e+03	2.982999999999999829e+01
1.041676658153533936e+03	2.985999999999999943e+01
1.044138913631439209e+03	2.982999999999999829e+01
1.046601765155792236e+03	2.985999999999999943e+01
1.049064020872116089e+03	2.980000000000000071e+01
1.051526903629302979e+03	2.980000000000000071e+01
1.053989916563034058e+03	2.982999999999999829e+01
1.056451623201370239e+03	2.982999999999999829e+01
1.058914945602416992e+03	2.980000000000000071e+01
1.061377252817153931e+03	2.976000000000000156e+01
1.063840070486068726e+03	2.976000000000000156e+01
1.066302184820175171e+03	2.973000000000000043e+01
1.068764786243438721e+03	2.973000000000000043e+01
1.071227455615997314e+03	2.973000000000000043e+01
1.073689850091934204e+03	2.973000000000000043e+01
1.076152838230133057e+03	2.976000000000000156e+01
1.078614964008331299e+03	2.976000000000000156e+01
1.081077692031860352e+03	2.976000000000000156e+01
1.083539972782135010e+03	2.982999999999999829e+01
1.086002941131591797e+03	2.980000000000000071e+01
1.088465955734252930e+03	2.982999999999999829e+01
1.090928293704986572e+03	2.980000000000000071e+01
1.093390716552734375e+03	2.982999999999999829e+01
1.095853844404220581e+03	2.982999999999999829e+01
1.098316174745559692e+03	2.982999999999999829e+01
1.100778463125228882e+03	2.980000000000000071e+01
1.103241400957107544e+03	2.980000000000000071e+01
1.105703799009323120e+03	2.982999999999999829e+01
1.108166340827941895e+03	2.982999999999999829e+01
1.110629239559173584e+03	2.982999999999999829e+01
1.113092097759246826e+03	2.980000000000000071e+01
1.115554746627807617e+03	2.982999999999999829e+01
1.118016167879104614e+03	2.976000000000000156e+01
1.120479947566986084e+03	2.973000000000000043e+01
1.122941621065139771e+03	2.976000000000000156e+01
1.125404373884201050e+03	2.973000000000000043e+01
1.127867444276809692e+03	2.969999999999999929e+01
1.130330200910568237e+03	2.969999999999999929e+01
1.132792073249816895e+03	2.973000000000000043e+01
1.135254913568496704e+03	2.976000000000000156e+01
1.137717295646667480e+03	2.976000000000000156e+01
1.140179739236831665e+03	2.973000000000000043e+01
1.142642909526824951e+03	2.973000000000000043e+01
1.145105272769927979e+03	2.980000000000000071e+01
1.147567490339279175e+03	2.980000000000000071e+01
1.150030315876007080e+03	2.980000000000000071e+01
1.152493313312530518e+03	2.980000000000000071e+01
1.154955232143402100e+03	2.982999999999999829e+01
1.157417802810668945e+03	2.982999999999999829e+01
1.159880643606185913e+03	2.980000000000000071e+01
1.162343475580215454e+03	2.982999999999999829e+01
1.164806289434432983e+03	2.982999999999999829e+01
1.167268283843994141e+03	2.982999999999999829e+01
1.169730824947357178e+03	2.985999999999999943e+01
1.172193775892257690e+03	2.982999999999999829e+01
1.174656549692153931e+03	2.976000000000000156e+01
1.177118661165237427e+03	2.980000000000000071e+01
1.179582207918167114e+03	2.976000000000000156e+01
1.182044281005859375e+03	2.976000000000000156e+01
1.184507009267807007e+03	2.976000000000000156e+01
1.186969580411911011e+03	2.973000000000000043e+01
1.189431123018264771e+03	2.976000000000000156e+01
1.191895026206970215e+03	2.973000000000000043e+01
1.194356928110122681e+03	2.973000000000000043e+01
1.196819629669189453e+03	2.976000000000000156e+01
1.199281692504882812e+03	2.973000000000000043e+01
1.201744818449020386e+03	2.976000000000000156e+01
1.204207741975784302e+03	2.976000000000000156e+01
1.206670343160629272e+03	2.973000000000000043e+01
1.209132504940032959e+03	2.976000000000000156e+01
1.211595371484756470e+03	2.976000000000000156e+01
1.214057520389556885e+03	2.976000000000000156e+01
1.216520784616470337e+03	2.980000000000000071e+01
1.218982605457305908e+03	2.982999999999999829e+01
1.221445884943008423e+03	2.982999999999999829e+01
1.223907961130142212e+03	2.982999999999999829e+01
1.226369661331176758e+03	2.980000000000000071e+01
1.228833634614944458e+03	2.980000000000000071e+01
1.231296061038970947e+03	2.980000000000000071e+01
1.233758648633956909e+03	2.980000000000000071e+01
1.236220921039581299e+03	2.980000000000000071e+01
1.238683725595474243e+03	2.980000000000000071e+01
1.241146629571914673e+03	2.980000000000000071e+01
1.243608962774276733e+03	2.980000000000000071e+01
1.246071709156036377e+03	2.980000000000000071e+01
1.248534455537796021e+03	2.973000000000000043e+01
1.250996644973754883e+03	2.976000000000000156e+01
1.253459391117095947e+03	2.973000000000000043e+01
1.255922142028808594e+03	2.976000000000000156e+01
1.258383747577667236e+03	2.976000000000000156e+01
1.260847270250320435e+03	2.976000000000000156e+01
1.263309599161148071e+03	2.976000000000000156e+01
1.265772407054901123e+03	2.980000000000000071e+01
1.268234555482864380e+03	2.976000000000000156e+01
1.270697507619857788e+03	2.980000000000000071e+01
1.273159169197082520e+03	2.980000000000000071e+01
1.275622706413269043e+03	2.980000000000000071e+01
1.278085083246231079e+03	2.980000000000000071e+01
1.280548269510269165e+03	2.980000000000000071e+01
1.283010637998580933e+03	2.976000000000000156e+01
1.285472557783126831e+03	2.980000000000000071e+01
1.287935693025588989e+03	2.980000000000000071e+01
1.290398040771484375e+03	2.980000000000000071e+01
1.292861090421676636e+03	2.980000000000000071e+01
1.295322995185852051e+03	2.982999999999999829e+01
1.297786009073257446e+03	2.976000000000000156e+01
1.300247988939285278e+03	2.976000000000000156e+01
1.302711588859558105e+03	2.976000000000000156e+01
1.305173336029052734e+03	2.976000000000000156e+01
1.307636448621749878e+03	2.973000000000000043e+01
1.310098452806472778e+03	2.976000000000000156e+01
1.312560843229293823e+03	2.976000000000000156e+01
1.315023834943771362e+03	2.976000000000000156e+01
1.317487105846405029e+03	2.976000000000000156e+01
1.319948928594589233e+03	2.976000000000000156e+01
1.322411366939544678e+03	2.976000000000000156e+01
1.324874872446060181e+03	2.980000000000000071e+01
1.327337002515792847e+03	2.976000000000000156e+01
1.329799335956573486e+03	2.980000000000000071e+01
1.332261856079101562e+03	2.982999999999999829e+01
1.334724798440933228e+03	2.982999999999999829e+01
1.337186965465545654e+03	2.980000000000000071e+01
1.339649634599685669e+03	2.980000000000000071e+01
1.342112586975097656e+03	2.980000000000000071e+01
1.344574898481369019e+03	2.980000000000000071e+01
1.347038240432739258e+03	2.980000000000000071e+01
1.349499715328216553e+03	2.976000000000000156e+01
1.351962741613388062e+03	2.973000000000000043e+01
1.354425355195999146e+03	2.976000000000000156e+01
1.356887608289718628e+03	2.980000000000000071e+01
1.359350957155227661e+03	2.973000000000000043e+01
1.361813472509384155e+03	2.976000000000000156e+01
1.364275546312332153e+03	2.980000000000000071e+01
1.366738677024841309e+03	2.976000000000000156e+01
1.369200595378875732e+03	2.980000000000000071e+01
1.371664069890975952e+03	2.980000000000000071e+01
1.374126628160476685e+03	2.982999999999999829e+01
1.376588771581649780e+03	2.980000000000000071e+01
1.379051145792007446e+03	2.982999999999999829e+01
1.381513379335403442e+03	2.980000000000000071e+01
1.383976417779922485e+03	2.976000000000000156e+01
1.386439185619354248e+03	2.976000000000000156e+01
1.388901528120040894e+03	2.980000000000000071e+01
1.391364340066909790e+03	2.980000000000000071e+01
1.393826500415802002e+03	2.976000000000000156e+01
1.396290099382400513e+03	2.973000000000000043e+01
1.398751585245132446e+03	2.976000000000000156e+01
1.401214525461196899e+03	2.980000000000000071e+01
1.403677594423294067e+03	2.976000000000000156e+01
1.406139915466308594e+03	2.980000000000000071e+01
1.408602661132812500e+03	2.980000000000000071e+01
1.411064989566802979e+03	2.980000000000000071e+01
1.413527581930160522e+03	2.982999999999999829e+01
1.415990664958953857e+03	2.980000000000000071e+01
1.418453237295150757e+03	2.980000000000000071e+01
1.420914898633956909e+03	2.980000000000000071e+01
1.423378146886825562e+03	2.982999999999999829e+01
1.425841102600097656e+03	2.976000000000000156e+01
1.428301994800567627e+03	2.980000000000000071e+01
1.430764578342437744e+03	2.980000000000000071e+01
1.433228189468383789e+03	2.980000000000000071e+01
1.435689762830734253e+03	2.976000000000000156e+01
1.438152341127395630e+03	2.980000000000000071e+01
1.440615634918212891e+03	2.973000000000000043e+01
1.443078080177307129e+03	2.976000000000000156e+01
1.445541123151779175e+03	2.973000000000000043e+01
1.448004142284393311e+03	2.973000000000000043e+01
1.450465915441513062e+03	2.973000000000000043e+01
1.452928333520889282e+03	2.973000000000000043e+01
1.455392035007476807e+03	2.973000000000000043e+01
1.457853991985321045e+03	2.973000000000000043e+01
1.460316323518753052e+03	2.976000000000000156e+01
1.462779758214950562e+03	2.973000000000000043e+01
1.465242191553115845e+03	2.973000000000000043e+01
1.467704256772994995e+03	2.976000000000000156e+01
1.470167011976242065e+03	2.976000000000000156e+01
1.472629911184310913e+03	2.980000000000000071e+01
1.475092681169509888e+03	2.982999999999999829e+01
