# 20220727
# time			temp			
0.000000000000000000e+00	2.982999999999999829e+01
2.462346792221069336e+00	2.989999999999999858e+01
4.925085544586181641e+00	2.982999999999999829e+01
7.388550281524658203e+00	2.985999999999999943e+01
9.850795030593872070e+00	2.985999999999999943e+01
1.231383013725280762e+01	2.985999999999999943e+01
1.477532052993774414e+01	2.985999999999999943e+01
1.723857188224792480e+01	2.989999999999999858e+01
1.970090126991271973e+01	2.989999999999999858e+01
2.216341447830200195e+01	2.985999999999999943e+01
2.462639570236206055e+01	2.985999999999999943e+01
2.708940148353576660e+01	2.985999999999999943e+01
2.955151104927062988e+01	2.989999999999999858e+01
3.201368713378906250e+01	2.985999999999999943e+01
3.447636771202087402e+01	2.985999999999999943e+01
3.693972158432006836e+01	2.985999999999999943e+01
3.940241813659667969e+01	2.985999999999999943e+01
4.186449861526489258e+01	2.985999999999999943e+01
4.432770347595214844e+01	2.989999999999999858e+01
4.679003524780273438e+01	2.985999999999999943e+01
4.925162577629089355e+01	2.982999999999999829e+01
5.171458005905151367e+01	2.989999999999999858e+01
5.417744207382202148e+01	2.982999999999999829e+01
5.664035582542419434e+01	2.985999999999999943e+01
5.910282874107360840e+01	2.982999999999999829e+01
6.156503868103027344e+01	2.985999999999999943e+01
6.402773380279541016e+01	2.985999999999999943e+01
6.649021625518798828e+01	2.985999999999999943e+01
6.895322918891906738e+01	2.985999999999999943e+01
7.141514515876770020e+01	2.985999999999999943e+01
7.387883067131042480e+01	2.989999999999999858e+01
7.634060430526733398e+01	2.985999999999999943e+01
7.880349922180175781e+01	2.989999999999999858e+01
8.126548767089843750e+01	2.989999999999999858e+01
8.372861647605895996e+01	2.985999999999999943e+01
8.619171667098999023e+01	2.982999999999999829e+01
8.865428733825683594e+01	2.989999999999999858e+01
9.111617279052734375e+01	2.985999999999999943e+01
9.357926583290100098e+01	2.985999999999999943e+01
9.604128861427307129e+01	2.989999999999999858e+01
9.850440096855163574e+01	2.985999999999999943e+01
1.009670360088348389e+02	2.982999999999999829e+01
1.034299452304840088e+02	2.982999999999999829e+01
1.058927247524261475e+02	2.985999999999999943e+01
1.083549690246582031e+02	2.982999999999999829e+01
1.108170065879821777e+02	2.982999999999999829e+01
1.132805004119873047e+02	2.985999999999999943e+01
1.157429938316345215e+02	2.982999999999999829e+01
1.182047383785247803e+02	2.985999999999999943e+01
1.206678366661071777e+02	2.985999999999999943e+01
1.231298875808715820e+02	2.985999999999999943e+01
1.255933878421783447e+02	2.985999999999999943e+01
1.280561816692352295e+02	2.985999999999999943e+01
1.305187792778015137e+02	2.989999999999999858e+01
1.329803590774536133e+02	2.989999999999999858e+01
1.354433548450469971e+02	2.992999999999999972e+01
1.379054017066955566e+02	2.989999999999999858e+01
1.403685615062713623e+02	2.985999999999999943e+01
1.428306047916412354e+02	2.989999999999999858e+01
1.452934999465942383e+02	2.992999999999999972e+01
1.477567739486694336e+02	2.985999999999999943e+01
1.502186679840087891e+02	2.989999999999999858e+01
1.526812086105346680e+02	2.989999999999999858e+01
1.551437289714813232e+02	2.989999999999999858e+01
1.576072685718536377e+02	2.992999999999999972e+01
1.600693826675415039e+02	2.992999999999999972e+01
1.625319929122924805e+02	2.992999999999999972e+01
1.649949660301208496e+02	2.992999999999999972e+01
1.674578704833984375e+02	2.992999999999999972e+01
1.699203648567199707e+02	2.989999999999999858e+01
1.723826613426208496e+02	2.996999999999999886e+01
1.748447349071502686e+02	2.989999999999999858e+01
1.773077490329742432e+02	2.989999999999999858e+01
1.797709782123565674e+02	2.992999999999999972e+01
1.822329418659210205e+02	2.989999999999999858e+01
1.846958148479461670e+02	2.989999999999999858e+01
1.871586863994598389e+02	2.992999999999999972e+01
1.896215236186981201e+02	2.992999999999999972e+01
1.920839567184448242e+02	2.989999999999999858e+01
1.945465533733367920e+02	2.989999999999999858e+01
1.970088701248168945e+02	2.992999999999999972e+01
1.994717111587524414e+02	2.985999999999999943e+01
2.019345772266387939e+02	2.989999999999999858e+01
2.043972218036651611e+02	2.985999999999999943e+01
2.068598976135253906e+02	2.989999999999999858e+01
2.093216192722320557e+02	2.985999999999999943e+01
2.117848052978515625e+02	2.985999999999999943e+01
2.142475874423980713e+02	2.985999999999999943e+01
2.167092816829681396e+02	2.985999999999999943e+01
2.191728668212890625e+02	2.985999999999999943e+01
2.216352088451385498e+02	2.982999999999999829e+01
2.240976254940032959e+02	2.982999999999999829e+01
2.265606496334075928e+02	2.985999999999999943e+01
2.290233414173126221e+02	2.985999999999999943e+01
2.314851696491241455e+02	2.982999999999999829e+01
2.339483227729797363e+02	2.985999999999999943e+01
2.364105803966522217e+02	2.982999999999999829e+01
2.388733437061309814e+02	2.985999999999999943e+01
2.413351116180419922e+02	2.985999999999999943e+01
2.437980210781097412e+02	2.985999999999999943e+01
2.462613410949707031e+02	2.982999999999999829e+01
2.487238171100616455e+02	2.985999999999999943e+01
2.511867275238037109e+02	2.985999999999999943e+01
2.536486604213714600e+02	2.985999999999999943e+01
2.561113948822021484e+02	2.989999999999999858e+01
2.585738902091979980e+02	2.989999999999999858e+01
2.610368480682373047e+02	2.982999999999999829e+01
2.634986679553985596e+02	2.989999999999999858e+01
2.659614601135253906e+02	2.985999999999999943e+01
2.684239931106567383e+02	2.985999999999999943e+01
2.708869321346282959e+02	2.982999999999999829e+01
2.733494985103607178e+02	2.985999999999999943e+01
2.758121325969696045e+02	2.985999999999999943e+01
2.782750854492187500e+02	2.985999999999999943e+01
2.807369008064270020e+02	2.985999999999999943e+01
2.831997299194335938e+02	2.989999999999999858e+01
2.856627120971679688e+02	2.982999999999999829e+01
2.881253321170806885e+02	2.982999999999999829e+01
2.905877711772918701e+02	2.989999999999999858e+01
2.930503163337707520e+02	2.982999999999999829e+01
2.955130841732025146e+02	2.985999999999999943e+01
2.979761426448822021e+02	2.985999999999999943e+01
3.004378478527069092e+02	2.985999999999999943e+01
3.029004590511322021e+02	2.989999999999999858e+01
3.053639132976531982e+02	2.985999999999999943e+01
3.078266267776489258e+02	2.985999999999999943e+01
3.102882053852081299e+02	2.985999999999999943e+01
3.127513740062713623e+02	2.985999999999999943e+01
3.152135405540466309e+02	2.985999999999999943e+01
3.176767168045043945e+02	2.985999999999999943e+01
3.201393527984619141e+02	2.985999999999999943e+01
3.226022381782531738e+02	2.985999999999999943e+01
3.250642518997192383e+02	2.985999999999999943e+01
3.275272011756896973e+02	2.985999999999999943e+01
3.299899804592132568e+02	2.985999999999999943e+01
3.324515786170959473e+02	2.985999999999999943e+01
3.349151418209075928e+02	2.989999999999999858e+01
3.373768534660339355e+02	2.985999999999999943e+01
3.398395235538482666e+02	2.985999999999999943e+01
3.423030683994293213e+02	2.985999999999999943e+01
3.447652764320373535e+02	2.989999999999999858e+01
3.472277584075927734e+02	2.989999999999999858e+01
3.496904466152191162e+02	2.985999999999999943e+01
3.521533117294311523e+02	2.989999999999999858e+01
3.546148381233215332e+02	2.989999999999999858e+01
3.570783140659332275e+02	2.985999999999999943e+01
3.595406813621520996e+02	2.985999999999999943e+01
3.620029165744781494e+02	2.985999999999999943e+01
3.644664475917816162e+02	2.982999999999999829e+01
3.669283146858215332e+02	2.985999999999999943e+01
3.693914434909820557e+02	2.989999999999999858e+01
3.718539149761199951e+02	2.989999999999999858e+01
3.743170285224914551e+02	2.985999999999999943e+01
3.767789628505706787e+02	2.989999999999999858e+01
3.792417919635772705e+02	2.989999999999999858e+01
3.817035951614379883e+02	2.985999999999999943e+01
3.841663918495178223e+02	2.985999999999999943e+01
3.866294178962707520e+02	2.985999999999999943e+01
3.890917336940765381e+02	2.989999999999999858e+01
3.915546240806579590e+02	2.985999999999999943e+01
3.940167422294616699e+02	2.985999999999999943e+01
3.964801638126373291e+02	2.985999999999999943e+01
3.989428694248199463e+02	2.985999999999999943e+01
4.014054312705993652e+02	2.985999999999999943e+01
4.038675115108489990e+02	2.985999999999999943e+01
4.063309707641601562e+02	2.985999999999999943e+01
4.087926480770111084e+02	2.989999999999999858e+01
4.112556114196777344e+02	2.989999999999999858e+01
4.137177128791809082e+02	2.989999999999999858e+01
4.161800243854522705e+02	2.985999999999999943e+01
4.186430160999298096e+02	2.989999999999999858e+01
4.211054320335388184e+02	2.989999999999999858e+01
4.235689616203308105e+02	2.989999999999999858e+01
4.260307629108428955e+02	2.989999999999999858e+01
4.284937851428985596e+02	2.989999999999999858e+01
4.309562199115753174e+02	2.989999999999999858e+01
4.334190671443939209e+02	2.989999999999999858e+01
4.358816843032836914e+02	2.989999999999999858e+01
4.383442397117614746e+02	2.985999999999999943e+01
4.408067145347595215e+02	2.985999999999999943e+01
4.432699306011199951e+02	2.989999999999999858e+01
4.457320384979248047e+02	2.985999999999999943e+01
4.481945822238922119e+02	2.992999999999999972e+01
4.506575775146484375e+02	2.985999999999999943e+01
4.531198620796203613e+02	2.985999999999999943e+01
4.555826792716979980e+02	2.982999999999999829e+01
4.580449993610382080e+02	2.989999999999999858e+01
4.605083091259002686e+02	2.985999999999999943e+01
4.629706106185913086e+02	2.982999999999999829e+01
4.654327306747436523e+02	2.989999999999999858e+01
4.678961024284362793e+02	2.982999999999999829e+01
4.703586683273315430e+02	2.985999999999999943e+01
4.728209896087646484e+02	2.989999999999999858e+01
4.752827086448669434e+02	2.985999999999999943e+01
4.777462172508239746e+02	2.985999999999999943e+01
4.802089366912841797e+02	2.989999999999999858e+01
4.826717607975006104e+02	2.985999999999999943e+01
4.851341874599456787e+02	2.989999999999999858e+01
4.875967259407043457e+02	2.985999999999999943e+01
4.900591993331909180e+02	2.989999999999999858e+01
4.925216062068939209e+02	2.989999999999999858e+01
4.949844801425933838e+02	2.989999999999999858e+01
4.974469578266143799e+02	2.985999999999999943e+01
4.999093737602233887e+02	2.985999999999999943e+01
5.023723411560058594e+02	2.985999999999999943e+01
5.048351497650146484e+02	2.989999999999999858e+01
5.072968912124633789e+02	2.985999999999999943e+01
5.097595744132995605e+02	2.989999999999999858e+01
5.122229342460632324e+02	2.989999999999999858e+01
5.146855301856994629e+02	2.982999999999999829e+01
5.171477043628692627e+02	2.989999999999999858e+01
5.196096348762512207e+02	2.985999999999999943e+01
5.220722172260284424e+02	2.985999999999999943e+01
5.245348000526428223e+02	2.985999999999999943e+01
5.269973833560943604e+02	2.985999999999999943e+01
5.294598138332366943e+02	2.985999999999999943e+01
5.319238090515136719e+02	2.985999999999999943e+01
5.343861556053161621e+02	2.982999999999999829e+01
5.368487963676452637e+02	2.982999999999999829e+01
5.393112831115722656e+02	2.982999999999999829e+01
5.417733960151672363e+02	2.982999999999999829e+01
5.442369315624237061e+02	2.985999999999999943e+01
5.466994500160217285e+02	2.982999999999999829e+01
5.491611993312835693e+02	2.982999999999999829e+01
5.516237730979919434e+02	2.985999999999999943e+01
5.540865645408630371e+02	2.982999999999999829e+01
5.565498857498168945e+02	2.982999999999999829e+01
5.590117945671081543e+02	2.985999999999999943e+01
5.614751954078674316e+02	2.989999999999999858e+01
5.639377188682556152e+02	2.985999999999999943e+01
5.664005668163299561e+02	2.989999999999999858e+01
5.688630638122558594e+02	2.989999999999999858e+01
5.713254399299621582e+02	2.985999999999999943e+01
5.737873625755310059e+02	2.985999999999999943e+01
5.762500164508819580e+02	2.989999999999999858e+01
5.787125678062438965e+02	2.985999999999999943e+01
5.811750738620758057e+02	2.982999999999999829e+01
5.836385421752929688e+02	2.989999999999999858e+01
5.861007688045501709e+02	2.989999999999999858e+01
5.885636706352233887e+02	2.989999999999999858e+01
5.910257456302642822e+02	2.989999999999999858e+01
5.934883980751037598e+02	2.989999999999999858e+01
5.959518454074859619e+02	2.985999999999999943e+01
5.984141526222229004e+02	2.989999999999999858e+01
6.008767397403717041e+02	2.989999999999999858e+01
6.033392388820648193e+02	2.985999999999999943e+01
6.058014206886291504e+02	2.982999999999999829e+01
6.082637002468109131e+02	2.985999999999999943e+01
6.107263050079345703e+02	2.989999999999999858e+01
6.131896965503692627e+02	2.985999999999999943e+01
6.156524376869201660e+02	2.989999999999999858e+01
6.181152036190032959e+02	2.985999999999999943e+01
6.205768785476684570e+02	2.985999999999999943e+01
6.230398612022399902e+02	2.985999999999999943e+01
6.255024669170379639e+02	2.982999999999999829e+01
6.279653339385986328e+02	2.985999999999999943e+01
6.304278993606567383e+02	2.982999999999999829e+01
6.328903858661651611e+02	2.982999999999999829e+01
6.353532912731170654e+02	2.985999999999999943e+01
6.378155217170715332e+02	2.982999999999999829e+01
6.402785356044769287e+02	2.982999999999999829e+01
6.427412297725677490e+02	2.985999999999999943e+01
6.452028200626373291e+02	2.985999999999999943e+01
6.476664099693298340e+02	2.985999999999999943e+01
6.501292643547058105e+02	2.989999999999999858e+01
6.525915796756744385e+02	2.985999999999999943e+01
6.550544354915618896e+02	2.985999999999999943e+01
6.575169780254364014e+02	2.985999999999999943e+01
6.599791319370269775e+02	2.985999999999999943e+01
6.624422206878662109e+02	2.985999999999999943e+01
6.649049303531646729e+02	2.982999999999999829e+01
6.673668241500854492e+02	2.989999999999999858e+01
6.698294606208801270e+02	2.989999999999999858e+01
6.722921953201293945e+02	2.989999999999999858e+01
6.747546250820159912e+02	2.985999999999999943e+01
6.772167904376983643e+02	2.989999999999999858e+01
6.796800410747528076e+02	2.985999999999999943e+01
6.821419589519500732e+02	2.982999999999999829e+01
6.846055805683135986e+02	2.980000000000000071e+01
6.870674929618835449e+02	2.985999999999999943e+01
6.895304594039916992e+02	2.982999999999999829e+01
6.919929022789001465e+02	2.985999999999999943e+01
6.944562859535217285e+02	2.982999999999999829e+01
6.969181799888610840e+02	2.982999999999999829e+01
6.993806409835815430e+02	2.985999999999999943e+01
7.018428952693939209e+02	2.980000000000000071e+01
7.043064785003662109e+02	2.982999999999999829e+01
7.067682487964630127e+02	2.982999999999999829e+01
7.092312908172607422e+02	2.985999999999999943e+01
7.116932551860809326e+02	2.982999999999999829e+01
7.141561820507049561e+02	2.985999999999999943e+01
7.166191430091857910e+02	2.985999999999999943e+01
7.190814306735992432e+02	2.989999999999999858e+01
7.215440077781677246e+02	2.989999999999999858e+01
7.240073769092559814e+02	2.982999999999999829e+01
7.264697816371917725e+02	2.989999999999999858e+01
7.289324283599853516e+02	2.989999999999999858e+01
7.313944084644317627e+02	2.989999999999999858e+01
7.338575763702392578e+02	2.989999999999999858e+01
7.363205480575561523e+02	2.985999999999999943e+01
7.387825422286987305e+02	2.989999999999999858e+01
7.412448694705963135e+02	2.985999999999999943e+01
7.437076325416564941e+02	2.989999999999999858e+01
7.461705629825592041e+02	2.989999999999999858e+01
7.486327767372131348e+02	2.989999999999999858e+01
7.510957608222961426e+02	2.985999999999999943e+01
7.535582306385040283e+02	2.989999999999999858e+01
7.560214757919311523e+02	2.989999999999999858e+01
7.584835591316223145e+02	2.985999999999999943e+01
7.609457097053527832e+02	2.989999999999999858e+01
7.634082164764404297e+02	2.992999999999999972e+01
7.658718791007995605e+02	2.992999999999999972e+01
7.683340799808502197e+02	2.985999999999999943e+01
7.707968268394470215e+02	2.989999999999999858e+01
7.732599871158599854e+02	2.992999999999999972e+01
7.757217462062835693e+02	2.989999999999999858e+01
7.781846761703491211e+02	2.985999999999999943e+01
7.806472942829132080e+02	2.989999999999999858e+01
7.831096525192260742e+02	2.992999999999999972e+01
7.855723986625671387e+02	2.996999999999999886e+01
7.880351428985595703e+02	2.989999999999999858e+01
7.904972658157348633e+02	2.989999999999999858e+01
7.929608476161956787e+02	2.985999999999999943e+01
7.954234669208526611e+02	2.989999999999999858e+01
7.978851351737976074e+02	2.985999999999999943e+01
8.003483095169067383e+02	2.985999999999999943e+01
8.028104889392852783e+02	2.989999999999999858e+01
8.052736663818359375e+02	2.989999999999999858e+01
8.077357568740844727e+02	2.985999999999999943e+01
8.101981515884399414e+02	2.985999999999999943e+01
8.126616098880767822e+02	2.989999999999999858e+01
8.151241576671600342e+02	2.985999999999999943e+01
8.175859186649322510e+02	2.989999999999999858e+01
8.200485553741455078e+02	2.980000000000000071e+01
8.225117788314819336e+02	2.985999999999999943e+01
8.249746761322021484e+02	2.989999999999999858e+01
8.274364950656890869e+02	2.985999999999999943e+01
8.298995923995971680e+02	2.982999999999999829e+01
8.323624527454376221e+02	2.985999999999999943e+01
8.348249294757843018e+02	2.982999999999999829e+01
8.372876050472259521e+02	2.982999999999999829e+01
8.397498426437377930e+02	2.982999999999999829e+01
8.422126471996307373e+02	2.985999999999999943e+01
8.446754450798034668e+02	2.982999999999999829e+01
8.471373999118804932e+02	2.982999999999999829e+01
8.496004054546356201e+02	2.985999999999999943e+01
8.520624110698699951e+02	2.989999999999999858e+01
8.545253918170928955e+02	2.985999999999999943e+01
8.569879872798919678e+02	2.989999999999999858e+01
8.594506685733795166e+02	2.985999999999999943e+01
8.619125001430511475e+02	2.989999999999999858e+01
8.643759109973907471e+02	2.982999999999999829e+01
8.668383364677429199e+02	2.985999999999999943e+01
8.693006069660186768e+02	2.982999999999999829e+01
8.717628567218780518e+02	2.985999999999999943e+01
8.742268426418304443e+02	2.985999999999999943e+01
8.766894347667694092e+02	2.989999999999999858e+01
8.791510808467864990e+02	2.985999999999999943e+01
8.816143500804901123e+02	2.985999999999999943e+01
8.840765571594238281e+02	2.985999999999999943e+01
8.865394992828369141e+02	2.982999999999999829e+01
8.890015845298767090e+02	2.985999999999999943e+01
8.914648950099945068e+02	2.982999999999999829e+01
8.939272103309631348e+02	2.982999999999999829e+01
8.963890011310577393e+02	2.982999999999999829e+01
8.988519654273986816e+02	2.985999999999999943e+01
9.013147690296173096e+02	2.985999999999999943e+01
9.037776389122009277e+02	2.982999999999999829e+01
9.062399210929870605e+02	2.985999999999999943e+01
9.087026588916778564e+02	2.985999999999999943e+01
9.111659550666809082e+02	2.985999999999999943e+01
9.136281526088714600e+02	2.985999999999999943e+01
9.160906474590301514e+02	2.989999999999999858e+01
9.185538775920867920e+02	2.989999999999999858e+01
9.210156648159027100e+02	2.985999999999999943e+01
9.234781982898712158e+02	2.985999999999999943e+01
9.259412391185760498e+02	2.985999999999999943e+01
9.284036035537719727e+02	2.989999999999999858e+01
9.308663849830627441e+02	2.989999999999999858e+01
9.333294985294342041e+02	2.989999999999999858e+01
9.357911179065704346e+02	2.989999999999999858e+01
9.382540788650512695e+02	2.985999999999999943e+01
9.407165219783782959e+02	2.989999999999999858e+01
9.431791043281555176e+02	2.985999999999999943e+01
9.456425068378448486e+02	2.989999999999999858e+01
9.481042466163635254e+02	2.985999999999999943e+01
9.505673851966857910e+02	2.985999999999999943e+01
9.530303039550781250e+02	2.989999999999999858e+01
9.554927608966827393e+02	2.989999999999999858e+01
9.579553930759429932e+02	2.985999999999999943e+01
9.604179024696350098e+02	2.985999999999999943e+01
9.628808581829071045e+02	2.989999999999999858e+01
9.653427169322967529e+02	2.982999999999999829e+01
9.678052766323089600e+02	2.985999999999999943e+01
9.702681047916412354e+02	2.989999999999999858e+01
9.727306253910064697e+02	2.985999999999999943e+01
9.751929666996002197e+02	2.985999999999999943e+01
9.776564271450042725e+02	2.989999999999999858e+01
9.801187744140625000e+02	2.985999999999999943e+01
9.825817286968231201e+02	2.985999999999999943e+01
9.850443279743194580e+02	2.985999999999999943e+01
9.875064234733581543e+02	2.985999999999999943e+01
9.899695904254913330e+02	2.982999999999999829e+01
9.924312474727630615e+02	2.982999999999999829e+01
9.948943135738372803e+02	2.985999999999999943e+01
9.973565032482147217e+02	2.989999999999999858e+01
9.998192877769470215e+02	2.985999999999999943e+01
1.002281918525695801e+03	2.985999999999999943e+01
1.004745298624038696e+03	2.985999999999999943e+01
1.007207541227340698e+03	2.982999999999999829e+01
1.009670408725738525e+03	2.985999999999999943e+01
1.012133162260055542e+03	2.985999999999999943e+01
1.014595145225524902e+03	2.985999999999999943e+01
1.017057905435562134e+03	2.985999999999999943e+01
1.019520764589309692e+03	2.985999999999999943e+01
1.021982133865356445e+03	2.982999999999999829e+01
1.024446328163146973e+03	2.989999999999999858e+01
1.026908903360366821e+03	2.985999999999999943e+01
1.029370597124099731e+03	2.985999999999999943e+01
1.031833733558654785e+03	2.985999999999999943e+01
1.034295743465423584e+03	2.982999999999999829e+01
1.036758322000503540e+03	2.982999999999999829e+01
1.039221095561981201e+03	2.985999999999999943e+01
1.041683457851409912e+03	2.982999999999999829e+01
1.044146775960922241e+03	2.989999999999999858e+01
1.046609489917755127e+03	2.985999999999999943e+01
1.049071496963500977e+03	2.989999999999999858e+01
1.051534274339675903e+03	2.989999999999999858e+01
1.053997061014175415e+03	2.985999999999999943e+01
1.056459370374679565e+03	2.989999999999999858e+01
1.058922124385833740e+03	2.992999999999999972e+01
1.061384854793548584e+03	2.989999999999999858e+01
1.063846902370452881e+03	2.985999999999999943e+01
1.066309321880340576e+03	2.985999999999999943e+01
1.068772961378097534e+03	2.989999999999999858e+01
1.071234869718551636e+03	2.989999999999999858e+01
1.073697906732559204e+03	2.989999999999999858e+01
1.076160486698150635e+03	2.989999999999999858e+01
1.078622477531433105e+03	2.985999999999999943e+01
1.081084943294525146e+03	2.985999999999999943e+01
1.083547709941864014e+03	2.982999999999999829e+01
1.086010753870010376e+03	2.989999999999999858e+01
1.088473811388015747e+03	2.982999999999999829e+01
1.090936424970626831e+03	2.985999999999999943e+01
1.093398267269134521e+03	2.985999999999999943e+01
1.095861695528030396e+03	2.985999999999999943e+01
1.098323316335678101e+03	2.985999999999999943e+01
1.100786508321762085e+03	2.985999999999999943e+01
1.103248812913894653e+03	2.985999999999999943e+01
1.105712043285369873e+03	2.982999999999999829e+01
1.108174974203109741e+03	2.989999999999999858e+01
1.110636746168136597e+03	2.985999999999999943e+01
1.113099146604537964e+03	2.982999999999999829e+01
1.115561660528182983e+03	2.989999999999999858e+01
1.118025326728820801e+03	2.989999999999999858e+01
1.120487487077713013e+03	2.985999999999999943e+01
1.122949774742126465e+03	2.985999999999999943e+01
1.125412215948104858e+03	2.989999999999999858e+01
1.127875647306442261e+03	2.989999999999999858e+01
1.130337196350097656e+03	2.985999999999999943e+01
1.132800265550613403e+03	2.985999999999999943e+01
1.135263572931289673e+03	2.985999999999999943e+01
1.137725592613220215e+03	2.989999999999999858e+01
1.140188549041748047e+03	2.989999999999999858e+01
1.142650607347488403e+03	2.985999999999999943e+01
1.145113340854644775e+03	2.985999999999999943e+01
1.147575625181198120e+03	2.985999999999999943e+01
1.150038492918014526e+03	2.989999999999999858e+01
1.152501142263412476e+03	2.985999999999999943e+01
1.154964444398880005e+03	2.985999999999999943e+01
1.157426153659820557e+03	2.989999999999999858e+01
1.159889538526535034e+03	2.985999999999999943e+01
1.162351948738098145e+03	2.989999999999999858e+01
1.164813957214355469e+03	2.985999999999999943e+01
1.167277319192886353e+03	2.985999999999999943e+01
1.169739283800125122e+03	2.982999999999999829e+01
1.172202133893966675e+03	2.985999999999999943e+01
1.174665190696716309e+03	2.985999999999999943e+01
1.177127510309219360e+03	2.985999999999999943e+01
1.179590479135513306e+03	2.989999999999999858e+01
1.182052508592605591e+03	2.985999999999999943e+01
1.184515637397766113e+03	2.985999999999999943e+01
1.186977116107940674e+03	2.985999999999999943e+01
1.189440278530120850e+03	2.985999999999999943e+01
1.191903168916702271e+03	2.985999999999999943e+01
1.194365950345993042e+03	2.989999999999999858e+01
1.196828243255615234e+03	2.985999999999999943e+01
1.199290627717971802e+03	2.985999999999999943e+01
1.201753437280654907e+03	2.985999999999999943e+01
1.204216530799865723e+03	2.985999999999999943e+01
1.206678839445114136e+03	2.985999999999999943e+01
1.209141480445861816e+03	2.982999999999999829e+01
1.211603490114212036e+03	2.982999999999999829e+01
1.214066681146621704e+03	2.985999999999999943e+01
1.216529116153717041e+03	2.985999999999999943e+01
1.218992028713226318e+03	2.982999999999999829e+01
1.221454984188079834e+03	2.985999999999999943e+01
1.223917535066604614e+03	2.985999999999999943e+01
1.226379242897033691e+03	2.989999999999999858e+01
1.228841853141784668e+03	2.989999999999999858e+01
1.231305058956146240e+03	2.985999999999999943e+01
1.233767565011978149e+03	2.985999999999999943e+01
1.236230258703231812e+03	2.985999999999999943e+01
1.238692673683166504e+03	2.982999999999999829e+01
1.241154935598373413e+03	2.985999999999999943e+01
1.243618269443511963e+03	2.985999999999999943e+01
1.246081009149551392e+03	2.985999999999999943e+01
1.248543325662612915e+03	2.982999999999999829e+01
1.251005514383316040e+03	2.985999999999999943e+01
1.253468661546707153e+03	2.985999999999999943e+01
1.255930992126464844e+03	2.989999999999999858e+01
1.258393153190612793e+03	2.982999999999999829e+01
1.260856562614440918e+03	2.989999999999999858e+01
1.263318538665771484e+03	2.982999999999999829e+01
1.265780716180801392e+03	2.989999999999999858e+01
1.268244338274002075e+03	2.982999999999999829e+01
1.270706672191619873e+03	2.985999999999999943e+01
1.273169392824172974e+03	2.985999999999999943e+01
1.275631964683532715e+03	2.982999999999999829e+01
1.278094166040420532e+03	2.982999999999999829e+01
1.280556289672851562e+03	2.982999999999999829e+01
1.283019372701644897e+03	2.989999999999999858e+01
1.285482529878616333e+03	2.985999999999999943e+01
1.287944194793701172e+03	2.985999999999999943e+01
1.290407255649566650e+03	2.985999999999999943e+01
1.292870058774948120e+03	2.985999999999999943e+01
1.295332444667816162e+03	2.985999999999999943e+01
1.297795484304428101e+03	2.985999999999999943e+01
1.300257480859756470e+03	2.985999999999999943e+01
1.302720588207244873e+03	2.989999999999999858e+01
1.305183380365371704e+03	2.989999999999999858e+01
1.307645680427551270e+03	2.989999999999999858e+01
1.310108415365219116e+03	2.989999999999999858e+01
1.312571012020111084e+03	2.985999999999999943e+01
1.315033422470092773e+03	2.989999999999999858e+01
1.317495667457580566e+03	2.989999999999999858e+01
1.319958424568176270e+03	2.992999999999999972e+01
1.322420797348022461e+03	2.989999999999999858e+01
1.324883595705032349e+03	2.989999999999999858e+01
1.327346395969390869e+03	2.992999999999999972e+01
1.329809393167495728e+03	2.985999999999999943e+01
1.332271569490432739e+03	2.985999999999999943e+01
1.334733804225921631e+03	2.989999999999999858e+01
1.337196519613265991e+03	2.989999999999999858e+01
1.339659037351608276e+03	2.989999999999999858e+01
1.342121390581130981e+03	2.989999999999999858e+01
1.344585045337677002e+03	2.985999999999999943e+01
1.347047873258590698e+03	2.985999999999999943e+01
1.349510168313980103e+03	2.985999999999999943e+01
1.351972944736480713e+03	2.989999999999999858e+01
1.354435181379318237e+03	2.989999999999999858e+01
1.356898435592651367e+03	2.989999999999999858e+01
1.359360085487365723e+03	2.985999999999999943e+01
1.361823430538177490e+03	2.989999999999999858e+01
1.364285275459289551e+03	2.985999999999999943e+01
1.366748313903808594e+03	2.989999999999999858e+01
1.369210479021072388e+03	2.985999999999999943e+01
1.371673827171325684e+03	2.982999999999999829e+01
1.374136588335037231e+03	2.985999999999999943e+01
1.376598511695861816e+03	2.989999999999999858e+01
1.379060707330703735e+03	2.985999999999999943e+01
1.381524074554443359e+03	2.985999999999999943e+01
1.383986631631851196e+03	2.985999999999999943e+01
1.386449394702911377e+03	2.985999999999999943e+01
1.388911432981491089e+03	2.985999999999999943e+01
1.391374449968338013e+03	2.985999999999999943e+01
1.393837203741073608e+03	2.985999999999999943e+01
1.396299224615097046e+03	2.989999999999999858e+01
1.398762193918228149e+03	2.985999999999999943e+01
1.401225432395935059e+03	2.989999999999999858e+01
1.403687399625778198e+03	2.989999999999999858e+01
1.406150465488433838e+03	2.989999999999999858e+01
1.408612287521362305e+03	2.985999999999999943e+01
1.411075354814529419e+03	2.985999999999999943e+01
1.413537919759750366e+03	2.989999999999999858e+01
1.416000834703445435e+03	2.985999999999999943e+01
1.418463071346282959e+03	2.985999999999999943e+01
1.420925104379653931e+03	2.985999999999999943e+01
1.423387787103652954e+03	2.982999999999999829e+01
1.425850745201110840e+03	2.982999999999999829e+01
1.428314044952392578e+03	2.982999999999999829e+01
1.430775739908218384e+03	2.982999999999999829e+01
1.433238095521926880e+03	2.980000000000000071e+01
1.435701506137847900e+03	2.982999999999999829e+01
1.438164657354354858e+03	2.982999999999999829e+01
1.440626918315887451e+03	2.982999999999999829e+01
1.443089987993240356e+03	2.985999999999999943e+01
1.445551818847656250e+03	2.985999999999999943e+01
1.448013910770416260e+03	2.989999999999999858e+01
1.450477334499359131e+03	2.985999999999999943e+01
1.452939399719238281e+03	2.985999999999999943e+01
1.455402908563613892e+03	2.989999999999999858e+01
1.457864946365356445e+03	2.985999999999999943e+01
1.460327841281890869e+03	2.985999999999999943e+01
1.462790620326995850e+03	2.985999999999999943e+01
1.465252726078033447e+03	2.989999999999999858e+01
1.467715058326721191e+03	2.989999999999999858e+01
1.470178348779678345e+03	2.982999999999999829e+01
1.472640432596206665e+03	2.989999999999999858e+01
1.475103637456893921e+03	2.985999999999999943e+01
