# 20220727
# time			temp			
0.000000000000000000e+00	2.989999999999999858e+01
2.462252378463745117e+00	2.985999999999999943e+01
4.925707340240478516e+00	2.989999999999999858e+01
7.387753486633300781e+00	2.989999999999999858e+01
9.850229501724243164e+00	2.985999999999999943e+01
1.231319808959960938e+01	2.989999999999999858e+01
1.477570819854736328e+01	2.985999999999999943e+01
1.723889255523681641e+01	2.989999999999999858e+01
1.970125341415405273e+01	2.985999999999999943e+01
2.216338491439819336e+01	2.985999999999999943e+01
2.462605381011962891e+01	2.989999999999999858e+01
2.708859729766845703e+01	2.985999999999999943e+01
2.955141115188598633e+01	2.989999999999999858e+01
3.201446986198425293e+01	2.985999999999999943e+01
3.447629761695861816e+01	2.985999999999999943e+01
3.693888854980468750e+01	2.989999999999999858e+01
3.940106296539306641e+01	2.982999999999999829e+01
4.186441326141357422e+01	2.982999999999999829e+01
4.432691431045532227e+01	2.982999999999999829e+01
4.678935337066650391e+01	2.985999999999999943e+01
4.925263452529907227e+01	2.982999999999999829e+01
5.171517848968505859e+01	2.982999999999999829e+01
5.417763376235961914e+01	2.989999999999999858e+01
5.663948655128479004e+01	2.982999999999999829e+01
5.910300254821777344e+01	2.985999999999999943e+01
6.156503510475158691e+01	2.982999999999999829e+01
6.402760601043701172e+01	2.985999999999999943e+01
6.649062347412109375e+01	2.989999999999999858e+01
6.895312285423278809e+01	2.985999999999999943e+01
7.141574645042419434e+01	2.989999999999999858e+01
7.387873411178588867e+01	2.989999999999999858e+01
7.634092187881469727e+01	2.992999999999999972e+01
7.880346488952636719e+01	2.992999999999999972e+01
8.126664304733276367e+01	2.989999999999999858e+01
8.372890543937683105e+01	2.985999999999999943e+01
8.619144201278686523e+01	2.989999999999999858e+01
8.865417146682739258e+01	2.989999999999999858e+01
9.111641383171081543e+01	2.989999999999999858e+01
9.357911372184753418e+01	2.985999999999999943e+01
9.604239535331726074e+01	2.985999999999999943e+01
9.850469565391540527e+01	2.985999999999999943e+01
1.009671797752380371e+02	2.989999999999999858e+01
1.034298765659332275e+02	2.989999999999999858e+01
1.058925223350524902e+02	2.985999999999999943e+01
1.083554527759552002e+02	2.985999999999999943e+01
1.108180346488952637e+02	2.985999999999999943e+01
1.132807483673095703e+02	2.989999999999999858e+01
1.157429072856903076e+02	2.985999999999999943e+01
1.182053468227386475e+02	2.982999999999999829e+01
1.206686553955078125e+02	2.980000000000000071e+01
1.231303822994232178e+02	2.980000000000000071e+01
1.255935060977935791e+02	2.982999999999999829e+01
1.280557219982147217e+02	2.989999999999999858e+01
1.305188496112823486e+02	2.982999999999999829e+01
1.329816713333129883e+02	2.985999999999999943e+01
1.354435634613037109e+02	2.985999999999999943e+01
1.379064531326293945e+02	2.985999999999999943e+01
1.403684897422790527e+02	2.985999999999999943e+01
1.428316042423248291e+02	2.985999999999999943e+01
1.452947323322296143e+02	2.989999999999999858e+01
1.477563400268554688e+02	2.985999999999999943e+01
1.502198662757873535e+02	2.985999999999999943e+01
1.526818017959594727e+02	2.989999999999999858e+01
1.551450123786926270e+02	2.989999999999999858e+01
1.576067922115325928e+02	2.985999999999999943e+01
1.600699756145477295e+02	2.985999999999999943e+01
1.625326309204101562e+02	2.985999999999999943e+01
1.649949524402618408e+02	2.985999999999999943e+01
1.674581758975982666e+02	2.985999999999999943e+01
1.699200806617736816e+02	2.985999999999999943e+01
1.723825702667236328e+02	2.989999999999999858e+01
1.748454065322875977e+02	2.992999999999999972e+01
1.773084714412689209e+02	2.985999999999999943e+01
1.797705347537994385e+02	2.989999999999999858e+01
1.822328519821166992e+02	2.985999999999999943e+01
1.846951379776000977e+02	2.989999999999999858e+01
1.871580410003662109e+02	2.989999999999999858e+01
1.896211669445037842e+02	2.985999999999999943e+01
1.920843465328216553e+02	2.985999999999999943e+01
1.945467090606689453e+02	2.982999999999999829e+01
1.970090913772583008e+02	2.989999999999999858e+01
1.994713835716247559e+02	2.985999999999999943e+01
2.019340624809265137e+02	2.992999999999999972e+01
2.043960030078887939e+02	2.989999999999999858e+01
2.068599951267242432e+02	2.992999999999999972e+01
2.093218405246734619e+02	2.989999999999999858e+01
2.117851274013519287e+02	2.992999999999999972e+01
2.142477133274078369e+02	2.989999999999999858e+01
2.167103714942932129e+02	2.992999999999999972e+01
2.191727058887481689e+02	2.989999999999999858e+01
2.216351766586303711e+02	2.985999999999999943e+01
2.240984239578247070e+02	2.992999999999999972e+01
2.265612046718597412e+02	2.989999999999999858e+01
2.290234961509704590e+02	2.992999999999999972e+01
2.314854853153228760e+02	2.982999999999999829e+01
2.339488859176635742e+02	2.985999999999999943e+01
2.364110820293426514e+02	2.985999999999999943e+01
2.388733682632446289e+02	2.982999999999999829e+01
2.413357927799224854e+02	2.985999999999999943e+01
2.437988426685333252e+02	2.985999999999999943e+01
2.462620258331298828e+02	2.985999999999999943e+01
2.487239952087402344e+02	2.985999999999999943e+01
2.511862161159515381e+02	2.989999999999999858e+01
2.536497819423675537e+02	2.985999999999999943e+01
2.561122233867645264e+02	2.985999999999999943e+01
2.585732705593109131e+02	2.985999999999999943e+01
2.610371170043945312e+02	2.985999999999999943e+01
2.635001068115234375e+02	2.982999999999999829e+01
2.659624488353729248e+02	2.982999999999999829e+01
2.684250006675720215e+02	2.982999999999999829e+01
2.708869891166687012e+02	2.982999999999999829e+01
2.733504955768585205e+02	2.982999999999999829e+01
2.758128478527069092e+02	2.985999999999999943e+01
2.782756962776184082e+02	2.985999999999999943e+01
2.807373998165130615e+02	2.992999999999999972e+01
2.832004230022430420e+02	2.989999999999999858e+01
2.856632239818572998e+02	2.992999999999999972e+01
2.881263041496276855e+02	2.989999999999999858e+01
2.905882806777954102e+02	2.989999999999999858e+01
2.930512375831604004e+02	2.989999999999999858e+01
2.955133552551269531e+02	2.989999999999999858e+01
2.979763362407684326e+02	2.989999999999999858e+01
3.004384839534759521e+02	2.989999999999999858e+01
3.029009957313537598e+02	2.985999999999999943e+01
3.053639011383056641e+02	2.989999999999999858e+01
3.078264639377593994e+02	2.989999999999999858e+01
3.102887697219848633e+02	2.989999999999999858e+01
3.127523148059844971e+02	2.985999999999999943e+01
3.152141342163085938e+02	2.992999999999999972e+01
3.176766800880432129e+02	2.985999999999999943e+01
3.201392323970794678e+02	2.989999999999999858e+01
3.226020877361297607e+02	2.985999999999999943e+01
3.250652451515197754e+02	2.985999999999999943e+01
3.275271790027618408e+02	2.982999999999999829e+01
3.299902524948120117e+02	2.982999999999999829e+01
3.324526364803314209e+02	2.980000000000000071e+01
3.349150762557983398e+02	2.980000000000000071e+01
3.373773841857910156e+02	2.982999999999999829e+01
3.398402659893035889e+02	2.985999999999999943e+01
3.423031361103057861e+02	2.985999999999999943e+01
3.447657279968261719e+02	2.982999999999999829e+01
3.472284445762634277e+02	2.985999999999999943e+01
3.496912765502929688e+02	2.989999999999999858e+01
3.521540393829345703e+02	2.989999999999999858e+01
3.546154882907867432e+02	2.985999999999999943e+01
3.570790066719055176e+02	2.989999999999999858e+01
3.595411043167114258e+02	2.989999999999999858e+01
3.620045478343963623e+02	2.989999999999999858e+01
3.644662237167358398e+02	2.989999999999999858e+01
3.669294648170471191e+02	2.985999999999999943e+01
3.693915071487426758e+02	2.989999999999999858e+01
3.718548357486724854e+02	2.982999999999999829e+01
3.743171648979187012e+02	2.989999999999999858e+01
3.767791774272918701e+02	2.989999999999999858e+01
3.792420079708099365e+02	2.985999999999999943e+01
3.817053058147430420e+02	2.985999999999999943e+01
3.841675009727478027e+02	2.992999999999999972e+01
3.866298842430114746e+02	2.985999999999999943e+01
3.890930457115173340e+02	2.989999999999999858e+01
3.915550167560577393e+02	2.985999999999999943e+01
3.940179688930511475e+02	2.982999999999999829e+01
3.964805021286010742e+02	2.989999999999999858e+01
3.989429330825805664e+02	2.982999999999999829e+01
4.014057681560516357e+02	2.985999999999999943e+01
4.038688766956329346e+02	2.985999999999999943e+01
4.063311870098114014e+02	2.982999999999999829e+01
4.087937083244323730e+02	2.982999999999999829e+01
4.112570183277130127e+02	2.985999999999999943e+01
4.137187469005584717e+02	2.985999999999999943e+01
4.161811375617980957e+02	2.985999999999999943e+01
4.186440167427062988e+02	2.989999999999999858e+01
4.211066477298736572e+02	2.982999999999999829e+01
4.235688133239746094e+02	2.989999999999999858e+01
4.260319550037384033e+02	2.989999999999999858e+01
4.284952628612518311e+02	2.989999999999999858e+01
4.309570960998535156e+02	2.989999999999999858e+01
4.334197592735290527e+02	2.985999999999999943e+01
4.358820574283599854e+02	2.989999999999999858e+01
4.383451516628265381e+02	2.989999999999999858e+01
4.408073236942291260e+02	2.992999999999999972e+01
4.432701482772827148e+02	2.989999999999999858e+01
4.457327327728271484e+02	2.985999999999999943e+01
4.481952874660491943e+02	2.989999999999999858e+01
4.506584300994873047e+02	2.985999999999999943e+01
4.531210660934448242e+02	2.989999999999999858e+01
4.555829753875732422e+02	2.989999999999999858e+01
4.580464129447937012e+02	2.989999999999999858e+01
4.605091168880462646e+02	2.982999999999999829e+01
4.629718086719512939e+02	2.985999999999999943e+01
4.654340727329254150e+02	2.985999999999999943e+01
4.678969087600708008e+02	2.985999999999999943e+01
4.703588252067565918e+02	2.989999999999999858e+01
4.728217737674713135e+02	2.985999999999999943e+01
4.752840046882629395e+02	2.985999999999999943e+01
4.777469413280487061e+02	2.985999999999999943e+01
4.802095618247985840e+02	2.985999999999999943e+01
4.826721620559692383e+02	2.985999999999999943e+01
4.851349687576293945e+02	2.982999999999999829e+01
4.875969657897949219e+02	2.985999999999999943e+01
4.900602025985717773e+02	2.985999999999999943e+01
4.925221881866455078e+02	2.989999999999999858e+01
4.949853727817535400e+02	2.985999999999999943e+01
4.974480633735656738e+02	2.989999999999999858e+01
4.999102718830108643e+02	2.989999999999999858e+01
5.023727121353149414e+02	2.985999999999999943e+01
5.048356475830078125e+02	2.989999999999999858e+01
5.072983376979827881e+02	2.985999999999999943e+01
5.097608187198638916e+02	2.989999999999999858e+01
5.122228746414184570e+02	2.982999999999999829e+01
5.146848702430725098e+02	2.985999999999999943e+01
5.171489331722259521e+02	2.985999999999999943e+01
5.196114163398742676e+02	2.985999999999999943e+01
5.220738229751586914e+02	2.985999999999999943e+01
5.245360739231109619e+02	2.985999999999999943e+01
5.269989237785339355e+02	2.985999999999999943e+01
5.294618279933929443e+02	2.985999999999999943e+01
5.319248967170715332e+02	2.985999999999999943e+01
5.343867049217224121e+02	2.982999999999999829e+01
5.368491539955139160e+02	2.989999999999999858e+01
5.393123123645782471e+02	2.985999999999999943e+01
5.417751286029815674e+02	2.985999999999999943e+01
5.442369513511657715e+02	2.982999999999999829e+01
5.466999127864837646e+02	2.985999999999999943e+01
5.491620905399322510e+02	2.985999999999999943e+01
5.516249933242797852e+02	2.985999999999999943e+01
5.540877866744995117e+02	2.985999999999999943e+01
5.565504803657531738e+02	2.985999999999999943e+01
5.590135695934295654e+02	2.985999999999999943e+01
5.614755537509918213e+02	2.985999999999999943e+01
5.639377908706665039e+02	2.985999999999999943e+01
5.664009618759155273e+02	2.982999999999999829e+01
5.688633496761322021e+02	2.985999999999999943e+01
5.713258912563323975e+02	2.982999999999999829e+01
5.737885730266571045e+02	2.982999999999999829e+01
5.762513709068298340e+02	2.985999999999999943e+01
5.787136137485504150e+02	2.985999999999999943e+01
5.811768481731414795e+02	2.985999999999999943e+01
5.836385917663574219e+02	2.989999999999999858e+01
5.861018462181091309e+02	2.989999999999999858e+01
5.885644111633300781e+02	2.989999999999999858e+01
5.910267655849456787e+02	2.989999999999999858e+01
5.934892401695251465e+02	2.989999999999999858e+01
5.959524435997009277e+02	2.985999999999999943e+01
5.984146521091461182e+02	2.989999999999999858e+01
6.008774352073669434e+02	2.989999999999999858e+01
6.033395419120788574e+02	2.985999999999999943e+01
6.058024158477783203e+02	2.982999999999999829e+01
6.082645542621612549e+02	2.989999999999999858e+01
6.107280728816986084e+02	2.989999999999999858e+01
6.131899197101593018e+02	2.992999999999999972e+01
6.156528561115264893e+02	2.989999999999999858e+01
6.181152427196502686e+02	2.992999999999999972e+01
6.205789227485656738e+02	2.992999999999999972e+01
6.230413107872009277e+02	2.992999999999999972e+01
6.255036940574645996e+02	2.989999999999999858e+01
6.279661445617675781e+02	2.992999999999999972e+01
6.304290747642517090e+02	2.985999999999999943e+01
6.328919885158538818e+02	2.985999999999999943e+01
6.353542768955230713e+02	2.989999999999999858e+01
6.378172190189361572e+02	2.985999999999999943e+01
6.402793502807617188e+02	2.985999999999999943e+01
6.427417321205139160e+02	2.989999999999999858e+01
6.452041482925415039e+02	2.985999999999999943e+01
6.476676042079925537e+02	2.989999999999999858e+01
6.501294772624969482e+02	2.985999999999999943e+01
6.525923759937286377e+02	2.985999999999999943e+01
6.550552282333374023e+02	2.985999999999999943e+01
6.575169868469238281e+02	2.982999999999999829e+01
6.599801089763641357e+02	2.985999999999999943e+01
6.624428312778472900e+02	2.982999999999999829e+01
6.649051084518432617e+02	2.982999999999999829e+01
6.673682010173797607e+02	2.982999999999999829e+01
6.698310933113098145e+02	2.985999999999999943e+01
6.722924563884735107e+02	2.982999999999999829e+01
6.747547783851623535e+02	2.985999999999999943e+01
6.772178876399993896e+02	2.985999999999999943e+01
6.796811013221740723e+02	2.982999999999999829e+01
6.821433973312377930e+02	2.985999999999999943e+01
6.846058657169342041e+02	2.989999999999999858e+01
6.870692679882049561e+02	2.989999999999999858e+01
6.895311281681060791e+02	2.982999999999999829e+01
6.919938871860504150e+02	2.989999999999999858e+01
6.944566919803619385e+02	2.985999999999999943e+01
6.969191403388977051e+02	2.985999999999999943e+01
6.993821737766265869e+02	2.989999999999999858e+01
7.018445219993591309e+02	2.982999999999999829e+01
7.043061852455139160e+02	2.989999999999999858e+01
7.067698659896850586e+02	2.985999999999999943e+01
7.092319853305816650e+02	2.985999999999999943e+01
7.116949613094329834e+02	2.985999999999999943e+01
7.141572461128234863e+02	2.985999999999999943e+01
7.166201245784759521e+02	2.985999999999999943e+01
7.190828580856323242e+02	2.985999999999999943e+01
7.215453009605407715e+02	2.989999999999999858e+01
7.240082101821899414e+02	2.989999999999999858e+01
7.264702956676483154e+02	2.989999999999999858e+01
7.289328541755676270e+02	2.985999999999999943e+01
7.313949582576751709e+02	2.985999999999999943e+01
7.338579041957855225e+02	2.989999999999999858e+01
7.363212141990661621e+02	2.985999999999999943e+01
7.387838313579559326e+02	2.985999999999999943e+01
7.412465553283691406e+02	2.985999999999999943e+01
7.437090706825256348e+02	2.989999999999999858e+01
7.461714246273040771e+02	2.982999999999999829e+01
7.486341195106506348e+02	2.989999999999999858e+01
7.510966255664825439e+02	2.985999999999999943e+01
7.535591554641723633e+02	2.985999999999999943e+01
7.560221474170684814e+02	2.985999999999999943e+01
7.584844660758972168e+02	2.985999999999999943e+01
7.609475750923156738e+02	2.985999999999999943e+01
7.634097087383270264e+02	2.992999999999999972e+01
7.658719308376312256e+02	2.985999999999999943e+01
7.683349168300628662e+02	2.985999999999999943e+01
7.707977159023284912e+02	2.989999999999999858e+01
7.732599594593048096e+02	2.989999999999999858e+01
7.757232320308685303e+02	2.989999999999999858e+01
7.781853671073913574e+02	2.992999999999999972e+01
7.806484777927398682e+02	2.989999999999999858e+01
7.831101047992706299e+02	2.985999999999999943e+01
7.855732805728912354e+02	2.992999999999999972e+01
7.880363140106201172e+02	2.989999999999999858e+01
7.904982402324676514e+02	2.989999999999999858e+01
7.929615695476531982e+02	2.985999999999999943e+01
7.954237809181213379e+02	2.985999999999999943e+01
7.978860678672790527e+02	2.989999999999999858e+01
8.003483607769012451e+02	2.982999999999999829e+01
8.028119809627532959e+02	2.985999999999999943e+01
8.052741265296936035e+02	2.985999999999999943e+01
8.077367944717407227e+02	2.982999999999999829e+01
8.101991238594055176e+02	2.985999999999999943e+01
8.126618759632110596e+02	2.985999999999999943e+01
8.151243493556976318e+02	2.985999999999999943e+01
8.175875275135040283e+02	2.985999999999999943e+01
8.200498156547546387e+02	2.989999999999999858e+01
8.225126547813415527e+02	2.989999999999999858e+01
8.249741027355194092e+02	2.985999999999999943e+01
8.274372582435607910e+02	2.985999999999999943e+01
8.299001617431640625e+02	2.985999999999999943e+01
8.323631761074066162e+02	2.985999999999999943e+01
8.348254053592681885e+02	2.989999999999999858e+01
8.372883970737457275e+02	2.985999999999999943e+01
8.397507686614990234e+02	2.982999999999999829e+01
8.422134387493133545e+02	2.985999999999999943e+01
8.446762859821319580e+02	2.985999999999999943e+01
8.471388468742370605e+02	2.985999999999999943e+01
8.496012187004089355e+02	2.985999999999999943e+01
8.520640718936920166e+02	2.982999999999999829e+01
8.545260078907012939e+02	2.982999999999999829e+01
8.569887320995330811e+02	2.985999999999999943e+01
8.594516062736511230e+02	2.982999999999999829e+01
8.619141399860382080e+02	2.982999999999999829e+01
8.643760919570922852e+02	2.982999999999999829e+01
8.668392634391784668e+02	2.985999999999999943e+01
8.693017535209655762e+02	2.982999999999999829e+01
8.717643013000488281e+02	2.989999999999999858e+01
8.742276711463928223e+02	2.982999999999999829e+01
8.766895861625671387e+02	2.985999999999999943e+01
8.791527116298675537e+02	2.989999999999999858e+01
8.816147696971893311e+02	2.985999999999999943e+01
8.840779540538787842e+02	2.985999999999999943e+01
8.865408792495727539e+02	2.982999999999999829e+01
8.890033259391784668e+02	2.985999999999999943e+01
8.914648616313934326e+02	2.985999999999999943e+01
8.939283308982849121e+02	2.985999999999999943e+01
8.963905305862426758e+02	2.982999999999999829e+01
8.988534448146820068e+02	2.989999999999999858e+01
9.013163249492645264e+02	2.985999999999999943e+01
9.037781085968017578e+02	2.985999999999999943e+01
9.062412912845611572e+02	2.982999999999999829e+01
9.087034420967102051e+02	2.985999999999999943e+01
9.111663255691528320e+02	2.985999999999999943e+01
9.136282866001129150e+02	2.985999999999999943e+01
9.160915150642395020e+02	2.985999999999999943e+01
9.185538976192474365e+02	2.982999999999999829e+01
9.210160019397735596e+02	2.982999999999999829e+01
9.234791622161865234e+02	2.989999999999999858e+01
9.259425885677337646e+02	2.985999999999999943e+01
9.284045801162719727e+02	2.989999999999999858e+01
9.308672709465026855e+02	2.985999999999999943e+01
9.333295912742614746e+02	2.989999999999999858e+01
9.357928445339202881e+02	2.985999999999999943e+01
9.382547078132629395e+02	2.992999999999999972e+01
9.407173414230346680e+02	2.989999999999999858e+01
9.431801779270172119e+02	2.992999999999999972e+01
9.456433353424072266e+02	2.992999999999999972e+01
9.481054828166961670e+02	2.992999999999999972e+01
9.505684590339660645e+02	2.989999999999999858e+01
9.530314574241638184e+02	2.989999999999999858e+01
9.554932413101196289e+02	2.989999999999999858e+01
9.579566755294799805e+02	2.992999999999999972e+01
9.604187464714050293e+02	2.989999999999999858e+01
9.628813369274139404e+02	2.982999999999999829e+01
9.653436889648437500e+02	2.985999999999999943e+01
9.678072373867034912e+02	2.985999999999999943e+01
9.702691719532012939e+02	2.985999999999999943e+01
9.727322695255279541e+02	2.989999999999999858e+01
9.751942622661590576e+02	2.989999999999999858e+01
9.776571850776672363e+02	2.989999999999999858e+01
9.801197891235351562e+02	2.985999999999999943e+01
9.825824611186981201e+02	2.982999999999999829e+01
9.850443294048309326e+02	2.982999999999999829e+01
9.875076084136962891e+02	2.985999999999999943e+01
9.899701933860778809e+02	2.982999999999999829e+01
9.924333567619323730e+02	2.982999999999999829e+01
9.948953905105590820e+02	2.985999999999999943e+01
9.973581860065460205e+02	2.982999999999999829e+01
9.998204824924468994e+02	2.985999999999999943e+01
1.002283986091613770e+03	2.982999999999999829e+01
1.004746191263198853e+03	2.982999999999999829e+01
1.007208852052688599e+03	2.982999999999999829e+01
1.009671445131301880e+03	2.980000000000000071e+01
1.012133411169052124e+03	2.985999999999999943e+01
1.014595918655395508e+03	2.982999999999999829e+01
1.017059079885482788e+03	2.985999999999999943e+01
1.019521289587020874e+03	2.985999999999999943e+01
1.021984511852264404e+03	2.985999999999999943e+01
1.024447348117828369e+03	2.985999999999999943e+01
1.026909177780151367e+03	2.989999999999999858e+01
1.029372080326080322e+03	2.989999999999999858e+01
1.031835080862045288e+03	2.992999999999999972e+01
1.034297015666961670e+03	2.985999999999999943e+01
1.036760343313217163e+03	2.989999999999999858e+01
1.039222419977188110e+03	2.992999999999999972e+01
1.041685163736343384e+03	2.989999999999999858e+01
1.044146868705749512e+03	2.989999999999999858e+01
1.046610541582107544e+03	2.989999999999999858e+01
1.049073364257812500e+03	2.989999999999999858e+01
1.051535198688507080e+03	2.989999999999999858e+01
1.053998204708099365e+03	2.989999999999999858e+01
1.056461265087127686e+03	2.989999999999999858e+01
1.058923015117645264e+03	2.989999999999999858e+01
1.061386024713516235e+03	2.985999999999999943e+01
1.063848407506942749e+03	2.980000000000000071e+01
1.066311966896057129e+03	2.982999999999999829e+01
1.068773936986923218e+03	2.985999999999999943e+01
1.071237215518951416e+03	2.985999999999999943e+01
1.073699234962463379e+03	2.985999999999999943e+01
1.076162425279617310e+03	2.982999999999999829e+01
1.078624710798263550e+03	2.982999999999999829e+01
1.081087247610092163e+03	2.985999999999999943e+01
1.083550299882888794e+03	2.985999999999999943e+01
1.086012142658233643e+03	2.985999999999999943e+01
1.088474914550781250e+03	2.982999999999999829e+01
1.090937393903732300e+03	2.982999999999999829e+01
1.093400023221969604e+03	2.985999999999999943e+01
1.095863208770751953e+03	2.989999999999999858e+01
1.098325401544570923e+03	2.982999999999999829e+01
1.100787928342819214e+03	2.985999999999999943e+01
1.103250260829925537e+03	2.989999999999999858e+01
1.105713630914688110e+03	2.985999999999999943e+01
1.108175096511840820e+03	2.989999999999999858e+01
1.110638149976730347e+03	2.989999999999999858e+01
1.113101135015487671e+03	2.985999999999999943e+01
1.115563470125198364e+03	2.989999999999999858e+01
1.118026019573211670e+03	2.989999999999999858e+01
1.120488824129104614e+03	2.985999999999999943e+01
1.122951503038406372e+03	2.985999999999999943e+01
1.125413401842117310e+03	2.982999999999999829e+01
1.127876024484634399e+03	2.982999999999999829e+01
1.130338838815689087e+03	2.982999999999999829e+01
1.132802132844924927e+03	2.985999999999999943e+01
1.135264270544052124e+03	2.982999999999999829e+01
1.137726248502731323e+03	2.985999999999999943e+01
1.140189437150955200e+03	2.982999999999999829e+01
1.142652257680892944e+03	2.985999999999999943e+01
1.145113916397094727e+03	2.982999999999999829e+01
1.147577265977859497e+03	2.985999999999999943e+01
1.150040248155593872e+03	2.982999999999999829e+01
1.152502233266830444e+03	2.989999999999999858e+01
1.154965012073516846e+03	2.985999999999999943e+01
1.157428384065628052e+03	2.989999999999999858e+01
1.159890359878540039e+03	2.989999999999999858e+01
1.162352972030639648e+03	2.985999999999999943e+01
1.164816045522689819e+03	2.992999999999999972e+01
1.167278124809265137e+03	2.989999999999999858e+01
1.169741124868392944e+03	2.985999999999999943e+01
1.172203425884246826e+03	2.989999999999999858e+01
1.174666214704513550e+03	2.989999999999999858e+01
1.177129139423370361e+03	2.985999999999999943e+01
1.179590990543365479e+03	2.985999999999999943e+01
1.182053647041320801e+03	2.985999999999999943e+01
1.184517002582550049e+03	2.992999999999999972e+01
1.186979356765747070e+03	2.992999999999999972e+01
1.189442276000976562e+03	2.992999999999999972e+01
1.191904757499694824e+03	2.989999999999999858e+01
1.194367204189300537e+03	2.985999999999999943e+01
1.196829541206359863e+03	2.989999999999999858e+01
1.199292962074279785e+03	2.985999999999999943e+01
1.201755001068115234e+03	2.985999999999999943e+01
1.204217308998107910e+03	2.989999999999999858e+01
1.206680192708969116e+03	2.989999999999999858e+01
1.209143191576004028e+03	2.985999999999999943e+01
1.211605335235595703e+03	2.982999999999999829e+01
1.214067591667175293e+03	2.989999999999999858e+01
1.216531024456024170e+03	2.982999999999999829e+01
1.218993020772933960e+03	2.982999999999999829e+01
1.221454974889755249e+03	2.985999999999999943e+01
1.223918226480484009e+03	2.985999999999999943e+01
1.226381053447723389e+03	2.985999999999999943e+01
1.228843655109405518e+03	2.985999999999999943e+01
1.231306365251541138e+03	2.985999999999999943e+01
1.233768877029418945e+03	2.982999999999999829e+01
1.236231498241424561e+03	2.982999999999999829e+01
1.238694187879562378e+03	2.985999999999999943e+01
1.241156687498092651e+03	2.985999999999999943e+01
1.243619643688201904e+03	2.985999999999999943e+01
1.246081342697143555e+03	2.989999999999999858e+01
1.248544716358184814e+03	2.985999999999999943e+01
1.251007666587829590e+03	2.982999999999999829e+01
1.253469641923904419e+03	2.989999999999999858e+01
1.255932814836502075e+03	2.982999999999999829e+01
1.258394744396209717e+03	2.982999999999999829e+01
1.260857642889022827e+03	2.985999999999999943e+01
1.263320924997329712e+03	2.982999999999999829e+01
1.265782940387725830e+03	2.985999999999999943e+01
1.268244936943054199e+03	2.982999999999999829e+01
1.270708413362503052e+03	2.985999999999999943e+01
1.273170445919036865e+03	2.989999999999999858e+01
1.275633807659149170e+03	2.985999999999999943e+01
1.278096082210540771e+03	2.989999999999999858e+01
1.280558426856994629e+03	2.989999999999999858e+01
1.283021121263504028e+03	2.992999999999999972e+01
1.285483858108520508e+03	2.989999999999999858e+01
1.287946506500244141e+03	2.989999999999999858e+01
1.290409046411514282e+03	2.989999999999999858e+01
1.292871335983276367e+03	2.992999999999999972e+01
1.295334654569625854e+03	2.989999999999999858e+01
1.297797308921813965e+03	2.989999999999999858e+01
1.300259966135025024e+03	2.989999999999999858e+01
1.302721728324890137e+03	2.992999999999999972e+01
1.305184826850891113e+03	2.989999999999999858e+01
1.307647487401962280e+03	2.989999999999999858e+01
1.310110910415649414e+03	2.985999999999999943e+01
1.312572445869445801e+03	2.989999999999999858e+01
1.315034968614578247e+03	2.985999999999999943e+01
1.317498354673385620e+03	2.992999999999999972e+01
1.319961129665374756e+03	2.989999999999999858e+01
1.322423428058624268e+03	2.989999999999999858e+01
1.324885926485061646e+03	2.989999999999999858e+01
1.327348215579986572e+03	2.989999999999999858e+01
1.329811450481414795e+03	2.992999999999999972e+01
1.332274062156677246e+03	2.985999999999999943e+01
1.334736565828323364e+03	2.989999999999999858e+01
1.337199062347412109e+03	2.985999999999999943e+01
1.339661033630371094e+03	2.985999999999999943e+01
1.342124584197998047e+03	2.985999999999999943e+01
1.344586881637573242e+03	2.980000000000000071e+01
1.347049477338790894e+03	2.982999999999999829e+01
1.349512046098709106e+03	2.982999999999999829e+01
1.351975769996643066e+03	2.985999999999999943e+01
1.354437445640563965e+03	2.985999999999999943e+01
1.356899745225906372e+03	2.985999999999999943e+01
1.359362651824951172e+03	2.985999999999999943e+01
1.361825570344924927e+03	2.985999999999999943e+01
1.364288005828857422e+03	2.985999999999999943e+01
1.366750005722045898e+03	2.985999999999999943e+01
1.369213138103485107e+03	2.982999999999999829e+01
1.371675078392028809e+03	2.982999999999999829e+01
1.374138324737548828e+03	2.982999999999999829e+01
1.376600783586502075e+03	2.985999999999999943e+01
1.379063801527023315e+03	2.989999999999999858e+01
1.381526355981826782e+03	2.985999999999999943e+01
1.383988046407699585e+03	2.985999999999999943e+01
1.386451153993606567e+03	2.985999999999999943e+01
1.388913933992385864e+03	2.989999999999999858e+01
1.391376969099044800e+03	2.985999999999999943e+01
1.393839111089706421e+03	2.985999999999999943e+01
1.396301504135131836e+03	2.985999999999999943e+01
1.398763999938964844e+03	2.982999999999999829e+01
1.401227026224136353e+03	2.985999999999999943e+01
1.403689928770065308e+03	2.985999999999999943e+01
1.406151746988296509e+03	2.985999999999999943e+01
1.408614748477935791e+03	2.985999999999999943e+01
1.411076696634292603e+03	2.982999999999999829e+01
1.413539676189422607e+03	2.985999999999999943e+01
1.416002042531967163e+03	2.985999999999999943e+01
1.418465497970581055e+03	2.985999999999999943e+01
1.420927845478057861e+03	2.982999999999999829e+01
1.423390939235687256e+03	2.982999999999999829e+01
1.425853050470352173e+03	2.985999999999999943e+01
1.428314958333969116e+03	2.985999999999999943e+01
1.430777737140655518e+03	2.985999999999999943e+01
1.433241349458694458e+03	2.985999999999999943e+01
1.435702638149261475e+03	2.985999999999999943e+01
1.438166218519210815e+03	2.985999999999999943e+01
1.440628877162933350e+03	2.985999999999999943e+01
1.443091429948806763e+03	2.985999999999999943e+01
1.445553375959396362e+03	2.989999999999999858e+01
1.448016246557235718e+03	2.989999999999999858e+01
1.450479328155517578e+03	2.985999999999999943e+01
1.452941115379333496e+03	2.989999999999999858e+01
1.455403167724609375e+03	2.989999999999999858e+01
1.457867227554321289e+03	2.992999999999999972e+01
1.460330016613006592e+03	2.989999999999999858e+01
1.462792268991470337e+03	2.992999999999999972e+01
1.465254955291748047e+03	2.989999999999999858e+01
1.467717237472534180e+03	2.989999999999999858e+01
1.470180035352706909e+03	2.989999999999999858e+01
1.472642196655273438e+03	2.989999999999999858e+01
1.475104944229125977e+03	2.989999999999999858e+01
