# 20220727
# time			temp			
0.000000000000000000e+00	2.980000000000000071e+01
2.462740898132324219e+00	2.982999999999999829e+01
4.925154209136962891e+00	2.985999999999999943e+01
7.388488769531250000e+00	2.985999999999999943e+01
9.850897789001464844e+00	2.985999999999999943e+01
1.231353187561035156e+01	2.985999999999999943e+01
1.477630424499511719e+01	2.985999999999999943e+01
1.723853063583374023e+01	2.985999999999999943e+01
1.970125603675842285e+01	2.982999999999999829e+01
2.216354703903198242e+01	2.982999999999999829e+01
2.462649345397949219e+01	2.982999999999999829e+01
2.708953070640563965e+01	2.980000000000000071e+01
2.955147027969360352e+01	2.980000000000000071e+01
3.201446938514709473e+01	2.982999999999999829e+01
3.447663021087646484e+01	2.982999999999999829e+01
3.693975734710693359e+01	2.985999999999999943e+01
3.940196132659912109e+01	2.985999999999999943e+01
4.186514854431152344e+01	2.982999999999999829e+01
4.432684969902038574e+01	2.982999999999999829e+01
4.679039549827575684e+01	2.982999999999999829e+01
4.925322294235229492e+01	2.985999999999999943e+01
5.171460175514221191e+01	2.982999999999999829e+01
5.417727446556091309e+01	2.989999999999999858e+01
5.664091515541076660e+01	2.985999999999999943e+01
5.910244560241699219e+01	2.985999999999999943e+01
6.156628584861755371e+01	2.985999999999999943e+01
6.402860569953918457e+01	2.985999999999999943e+01
6.649063062667846680e+01	2.989999999999999858e+01
6.895387005805969238e+01	2.985999999999999943e+01
7.141650032997131348e+01	2.982999999999999829e+01
7.387876057624816895e+01	2.980000000000000071e+01
7.634133815765380859e+01	2.982999999999999829e+01
7.880446910858154297e+01	2.982999999999999829e+01
8.126659941673278809e+01	2.982999999999999829e+01
8.372921466827392578e+01	2.982999999999999829e+01
8.619149374961853027e+01	2.982999999999999829e+01
8.865493297576904297e+01	2.980000000000000071e+01
9.111682033538818359e+01	2.985999999999999943e+01
9.357915472984313965e+01	2.980000000000000071e+01
9.604289317131042480e+01	2.980000000000000071e+01
9.850528836250305176e+01	2.982999999999999829e+01
1.009673225879669189e+02	2.982999999999999829e+01
1.034305832386016846e+02	2.985999999999999943e+01
1.058929529190063477e+02	2.982999999999999829e+01
1.083556468486785889e+02	2.982999999999999829e+01
1.108177652359008789e+02	2.985999999999999943e+01
1.132810637950897217e+02	2.982999999999999829e+01
1.157426841259002686e+02	2.985999999999999943e+01
1.182058639526367188e+02	2.985999999999999943e+01
1.206688554286956787e+02	2.985999999999999943e+01
1.231314368247985840e+02	2.985999999999999943e+01
1.255938019752502441e+02	2.985999999999999943e+01
1.280564005374908447e+02	2.985999999999999943e+01
1.305183603763580322e+02	2.985999999999999943e+01
1.329815874099731445e+02	2.989999999999999858e+01
1.354445514678955078e+02	2.985999999999999943e+01
1.379067792892456055e+02	2.985999999999999943e+01
1.403693544864654541e+02	2.985999999999999943e+01
1.428316071033477783e+02	2.985999999999999943e+01
1.452942907810211182e+02	2.982999999999999829e+01
1.477574088573455811e+02	2.985999999999999943e+01
1.502197790145874023e+02	2.982999999999999829e+01
1.526827692985534668e+02	2.982999999999999829e+01
1.551448326110839844e+02	2.980000000000000071e+01
1.576075518131256104e+02	2.980000000000000071e+01
1.600708682537078857e+02	2.982999999999999829e+01
1.625332772731781006e+02	2.985999999999999943e+01
1.649959466457366943e+02	2.985999999999999943e+01
1.674586791992187500e+02	2.982999999999999829e+01
1.699208946228027344e+02	2.980000000000000071e+01
1.723833532333374023e+02	2.980000000000000071e+01
1.748461980819702148e+02	2.980000000000000071e+01
1.773085434436798096e+02	2.980000000000000071e+01
1.797704493999481201e+02	2.982999999999999829e+01
1.822334656715393066e+02	2.982999999999999829e+01
1.846957888603210449e+02	2.980000000000000071e+01
1.871588828563690186e+02	2.976000000000000156e+01
1.896214907169342041e+02	2.982999999999999829e+01
1.920845642089843750e+02	2.982999999999999829e+01
1.945468130111694336e+02	2.982999999999999829e+01
1.970094718933105469e+02	2.980000000000000071e+01
1.994719655513763428e+02	2.982999999999999829e+01
2.019340980052947998e+02	2.982999999999999829e+01
2.043967657089233398e+02	2.982999999999999829e+01
2.068599610328674316e+02	2.982999999999999829e+01
2.093219201564788818e+02	2.982999999999999829e+01
2.117842514514923096e+02	2.985999999999999943e+01
2.142476248741149902e+02	2.985999999999999943e+01
2.167102236747741699e+02	2.985999999999999943e+01
2.191728978157043457e+02	2.982999999999999829e+01
2.216357352733612061e+02	2.982999999999999829e+01
2.240977330207824707e+02	2.985999999999999943e+01
2.265609107017517090e+02	2.985999999999999943e+01
2.290236823558807373e+02	2.982999999999999829e+01
2.314852349758148193e+02	2.982999999999999829e+01
2.339484796524047852e+02	2.985999999999999943e+01
2.364115400314331055e+02	2.982999999999999829e+01
2.388737256526947021e+02	2.982999999999999829e+01
2.413362944126129150e+02	2.982999999999999829e+01
2.437991669178009033e+02	2.980000000000000071e+01
2.462620189189910889e+02	2.985999999999999943e+01
2.487241709232330322e+02	2.982999999999999829e+01
2.511871988773345947e+02	2.982999999999999829e+01
2.536491413116455078e+02	2.980000000000000071e+01
2.561124587059020996e+02	2.980000000000000071e+01
2.585750527381896973e+02	2.980000000000000071e+01
2.610377287864685059e+02	2.982999999999999829e+01
2.635000796318054199e+02	2.980000000000000071e+01
2.659624533653259277e+02	2.980000000000000071e+01
2.684251024723052979e+02	2.982999999999999829e+01
2.708881490230560303e+02	2.980000000000000071e+01
2.733504378795623779e+02	2.980000000000000071e+01
2.758124613761901855e+02	2.985999999999999943e+01
2.782759029865264893e+02	2.985999999999999943e+01
2.807386519908905029e+02	2.980000000000000071e+01
2.832003138065338135e+02	2.980000000000000071e+01
2.856632156372070312e+02	2.982999999999999829e+01
2.881256535053253174e+02	2.980000000000000071e+01
2.905884912014007568e+02	2.980000000000000071e+01
2.930513880252838135e+02	2.980000000000000071e+01
2.955135242938995361e+02	2.976000000000000156e+01
2.979762532711029053e+02	2.980000000000000071e+01
3.004393417835235596e+02	2.976000000000000156e+01
3.029014189243316650e+02	2.980000000000000071e+01
3.053634696006774902e+02	2.980000000000000071e+01
3.078262691497802734e+02	2.980000000000000071e+01
3.102892143726348877e+02	2.985999999999999943e+01
3.127519145011901855e+02	2.982999999999999829e+01
3.152150480747222900e+02	2.982999999999999829e+01
3.176776301860809326e+02	2.985999999999999943e+01
3.201400411128997803e+02	2.985999999999999943e+01
3.226028244495391846e+02	2.989999999999999858e+01
3.250650510787963867e+02	2.985999999999999943e+01
3.275283253192901611e+02	2.985999999999999943e+01
3.299906098842620850e+02	2.985999999999999943e+01
3.324524557590484619e+02	2.985999999999999943e+01
3.349160263538360596e+02	2.982999999999999829e+01
3.373783257007598877e+02	2.985999999999999943e+01
3.398412449359893799e+02	2.982999999999999829e+01
3.423037791252136230e+02	2.985999999999999943e+01
3.447658355236053467e+02	2.989999999999999858e+01
3.472282664775848389e+02	2.982999999999999829e+01
3.496914665699005127e+02	2.982999999999999829e+01
3.521536223888397217e+02	2.985999999999999943e+01
3.546171910762786865e+02	2.982999999999999829e+01
3.570797610282897949e+02	2.982999999999999829e+01
3.595421295166015625e+02	2.982999999999999829e+01
3.620037546157836914e+02	2.980000000000000071e+01
3.644665455818176270e+02	2.982999999999999829e+01
3.669297137260437012e+02	2.982999999999999829e+01
3.693917868137359619e+02	2.980000000000000071e+01
3.718547849655151367e+02	2.980000000000000071e+01
3.743174772262573242e+02	2.982999999999999829e+01
3.767804460525512695e+02	2.980000000000000071e+01
3.792433624267578125e+02	2.982999999999999829e+01
3.817056138515472412e+02	2.980000000000000071e+01
3.841681752204895020e+02	2.980000000000000071e+01
3.866303300857543945e+02	2.982999999999999829e+01
3.890934560298919678e+02	2.980000000000000071e+01
3.915560922622680664e+02	2.985999999999999943e+01
3.940187497138977051e+02	2.982999999999999829e+01
3.964815022945404053e+02	2.980000000000000071e+01
3.989438161849975586e+02	2.980000000000000071e+01
4.014067699909210205e+02	2.982999999999999829e+01
4.038692746162414551e+02	2.985999999999999943e+01
4.063313906192779541e+02	2.982999999999999829e+01
4.087944905757904053e+02	2.980000000000000071e+01
4.112568078041076660e+02	2.985999999999999943e+01
4.137190830707550049e+02	2.982999999999999829e+01
4.161817929744720459e+02	2.982999999999999829e+01
4.186445188522338867e+02	2.985999999999999943e+01
4.211073548793792725e+02	2.985999999999999943e+01
4.235691502094268799e+02	2.989999999999999858e+01
4.260319106578826904e+02	2.982999999999999829e+01
4.284954338073730469e+02	2.985999999999999943e+01
4.309572916030883789e+02	2.985999999999999943e+01
4.334200148582458496e+02	2.982999999999999829e+01
4.358830873966217041e+02	2.982999999999999829e+01
4.383450934886932373e+02	2.985999999999999943e+01
4.408084547519683838e+02	2.989999999999999858e+01
4.432707815170288086e+02	2.985999999999999943e+01
4.457330238819122314e+02	2.992999999999999972e+01
4.481957001686096191e+02	2.985999999999999943e+01
4.506589915752410889e+02	2.989999999999999858e+01
4.531211872100830078e+02	2.989999999999999858e+01
4.555840437412261963e+02	2.992999999999999972e+01
4.580457379817962646e+02	2.985999999999999943e+01
4.605088579654693604e+02	2.985999999999999943e+01
4.629720101356506348e+02	2.989999999999999858e+01
4.654345054626464844e+02	2.985999999999999943e+01
4.678965399265289307e+02	2.982999999999999829e+01
4.703587713241577148e+02	2.985999999999999943e+01
4.728221242427825928e+02	2.985999999999999943e+01
4.752847447395324707e+02	2.989999999999999858e+01
4.777474508285522461e+02	2.989999999999999858e+01
4.802094185352325439e+02	2.985999999999999943e+01
4.826720492839813232e+02	2.985999999999999943e+01
4.851347377300262451e+02	2.989999999999999858e+01
4.875979177951812744e+02	2.992999999999999972e+01
4.900603103637695312e+02	2.989999999999999858e+01
4.925235974788665771e+02	2.985999999999999943e+01
4.949857764244079590e+02	2.989999999999999858e+01
4.974487140178680420e+02	2.985999999999999943e+01
4.999108974933624268e+02	2.985999999999999943e+01
5.023737857341766357e+02	2.985999999999999943e+01
5.048357515335083008e+02	2.982999999999999829e+01
5.072986559867858887e+02	2.985999999999999943e+01
5.097615721225738525e+02	2.982999999999999829e+01
5.122237370014190674e+02	2.982999999999999829e+01
5.146870310306549072e+02	2.982999999999999829e+01
5.171493659019470215e+02	2.982999999999999829e+01
5.196119582653045654e+02	2.980000000000000071e+01
5.220734031200408936e+02	2.980000000000000071e+01
5.245362019538879395e+02	2.985999999999999943e+01
5.269991259574890137e+02	2.982999999999999829e+01
5.294619297981262207e+02	2.985999999999999943e+01
5.319246666431427002e+02	2.982999999999999829e+01
5.343871407508850098e+02	2.985999999999999943e+01
5.368496198654174805e+02	2.982999999999999829e+01
5.393128268718719482e+02	2.982999999999999829e+01
5.417747430801391602e+02	2.985999999999999943e+01
5.442376801967620850e+02	2.982999999999999829e+01
5.467001168727874756e+02	2.989999999999999858e+01
5.491625063419342041e+02	2.989999999999999858e+01
5.516258184909820557e+02	2.985999999999999943e+01
5.540877897739410400e+02	2.985999999999999943e+01
5.565507268905639648e+02	2.985999999999999943e+01
5.590133912563323975e+02	2.985999999999999943e+01
5.614761528968811035e+02	2.985999999999999943e+01
5.639388678073883057e+02	2.982999999999999829e+01
5.664014868736267090e+02	2.985999999999999943e+01
5.688638160228729248e+02	2.985999999999999943e+01
5.713264982700347900e+02	2.982999999999999829e+01
5.737896742820739746e+02	2.982999999999999829e+01
5.762517609596252441e+02	2.982999999999999829e+01
5.787139406204223633e+02	2.982999999999999829e+01
5.811766111850738525e+02	2.980000000000000071e+01
5.836391804218292236e+02	2.982999999999999829e+01
5.861020474433898926e+02	2.982999999999999829e+01
5.885648350715637207e+02	2.985999999999999943e+01
5.910268695354461670e+02	2.982999999999999829e+01
5.934895670413970947e+02	2.980000000000000071e+01
5.959521691799163818e+02	2.980000000000000071e+01
5.984147541522979736e+02	2.980000000000000071e+01
6.008779642581939697e+02	2.982999999999999829e+01
6.033406202793121338e+02	2.982999999999999829e+01
6.058026869297027588e+02	2.982999999999999829e+01
6.082654254436492920e+02	2.985999999999999943e+01
6.107279243469238281e+02	2.980000000000000071e+01
6.131907832622528076e+02	2.982999999999999829e+01
6.156539523601531982e+02	2.982999999999999829e+01
6.181158463954925537e+02	2.982999999999999829e+01
6.205783851146697998e+02	2.985999999999999943e+01
6.230415568351745605e+02	2.982999999999999829e+01
6.255037045478820801e+02	2.985999999999999943e+01
6.279661827087402344e+02	2.985999999999999943e+01
6.304288246631622314e+02	2.982999999999999829e+01
6.328915410041809082e+02	2.985999999999999943e+01
6.353534927368164062e+02	2.985999999999999943e+01
6.378168952465057373e+02	2.982999999999999829e+01
6.402794122695922852e+02	2.982999999999999829e+01
6.427416820526123047e+02	2.989999999999999858e+01
6.452044997215270996e+02	2.985999999999999943e+01
6.476668703556060791e+02	2.985999999999999943e+01
6.501296756267547607e+02	2.982999999999999829e+01
6.525927135944366455e+02	2.985999999999999943e+01
6.550542817115783691e+02	2.982999999999999829e+01
6.575173649787902832e+02	2.982999999999999829e+01
6.599807133674621582e+02	2.982999999999999829e+01
6.624421586990356445e+02	2.982999999999999829e+01
6.649056386947631836e+02	2.982999999999999829e+01
6.673687419891357422e+02	2.985999999999999943e+01
6.698306014537811279e+02	2.982999999999999829e+01
6.722922787666320801e+02	2.982999999999999829e+01
6.747561237812042236e+02	2.985999999999999943e+01
6.772185504436492920e+02	2.982999999999999829e+01
6.796808919906616211e+02	2.982999999999999829e+01
6.821438794136047363e+02	2.985999999999999943e+01
6.846059424877166748e+02	2.980000000000000071e+01
6.870685093402862549e+02	2.985999999999999943e+01
6.895313079357147217e+02	2.985999999999999943e+01
6.919938085079193115e+02	2.982999999999999829e+01
6.944573583602905273e+02	2.982999999999999829e+01
6.969197959899902344e+02	2.985999999999999943e+01
6.993821418285369873e+02	2.985999999999999943e+01
7.018443861007690430e+02	2.985999999999999943e+01
7.043067512512207031e+02	2.982999999999999829e+01
7.067698037624359131e+02	2.982999999999999829e+01
7.092326085567474365e+02	2.985999999999999943e+01
7.116945211887359619e+02	2.985999999999999943e+01
7.141575732231140137e+02	2.982999999999999829e+01
7.166202626228332520e+02	2.982999999999999829e+01
7.190823731422424316e+02	2.982999999999999829e+01
7.215457315444946289e+02	2.982999999999999829e+01
7.240078713893890381e+02	2.982999999999999829e+01
7.264705924987792969e+02	2.985999999999999943e+01
7.289323868751525879e+02	2.982999999999999829e+01
7.313964297771453857e+02	2.985999999999999943e+01
7.338583595752716064e+02	2.982999999999999829e+01
7.363213634490966797e+02	2.980000000000000071e+01
7.387835671901702881e+02	2.982999999999999829e+01
7.412465088367462158e+02	2.985999999999999943e+01
7.437085168361663818e+02	2.982999999999999829e+01
7.461719675064086914e+02	2.982999999999999829e+01
7.486346786022186279e+02	2.982999999999999829e+01
7.510967309474945068e+02	2.982999999999999829e+01
7.535595374107360840e+02	2.985999999999999943e+01
7.560219969749450684e+02	2.980000000000000071e+01
7.584845466613769531e+02	2.982999999999999829e+01
7.609472992420196533e+02	2.985999999999999943e+01
7.634097976684570312e+02	2.982999999999999829e+01
7.658728458881378174e+02	2.982999999999999829e+01
7.683351652622222900e+02	2.989999999999999858e+01
7.707978978157043457e+02	2.985999999999999943e+01
7.732608163356781006e+02	2.989999999999999858e+01
7.757224795818328857e+02	2.985999999999999943e+01
7.781854951381683350e+02	2.982999999999999829e+01
7.806485271453857422e+02	2.985999999999999943e+01
7.831107747554779053e+02	2.985999999999999943e+01
7.855734202861785889e+02	2.985999999999999943e+01
7.880359206199645996e+02	2.985999999999999943e+01
7.904986681938171387e+02	2.985999999999999943e+01
7.929611847400665283e+02	2.982999999999999829e+01
7.954241361618041992e+02	2.985999999999999943e+01
7.978866450786590576e+02	2.982999999999999829e+01
8.003486907482147217e+02	2.982999999999999829e+01
8.028114938735961914e+02	2.982999999999999829e+01
8.052739715576171875e+02	2.985999999999999943e+01
8.077368125915527344e+02	2.989999999999999858e+01
8.101994009017944336e+02	2.989999999999999858e+01
8.126624660491943359e+02	2.989999999999999858e+01
8.151251161098480225e+02	2.982999999999999829e+01
8.175874400138854980e+02	2.985999999999999943e+01
8.200497958660125732e+02	2.985999999999999943e+01
8.225118572711944580e+02	2.985999999999999943e+01
8.249750807285308838e+02	2.989999999999999858e+01
8.274375176429748535e+02	2.989999999999999858e+01
8.299004356861114502e+02	2.992999999999999972e+01
8.323628516197204590e+02	2.985999999999999943e+01
8.348253819942474365e+02	2.982999999999999829e+01
8.372888364791870117e+02	2.985999999999999943e+01
8.397514395713806152e+02	2.985999999999999943e+01
8.422141962051391602e+02	2.982999999999999829e+01
8.446760118007659912e+02	2.982999999999999829e+01
8.471382851600646973e+02	2.985999999999999943e+01
8.496015214920043945e+02	2.982999999999999829e+01
8.520640001296997070e+02	2.985999999999999943e+01
8.545271914005279541e+02	2.982999999999999829e+01
8.569894797801971436e+02	2.985999999999999943e+01
8.594521780014038086e+02	2.985999999999999943e+01
8.619147222042083740e+02	2.985999999999999943e+01
8.643768270015716553e+02	2.982999999999999829e+01
8.668392200469970703e+02	2.982999999999999829e+01
8.693019540309906006e+02	2.985999999999999943e+01
8.717648701667785645e+02	2.985999999999999943e+01
8.742281961441040039e+02	2.982999999999999829e+01
8.766907505989074707e+02	2.982999999999999829e+01
8.791521694660186768e+02	2.980000000000000071e+01
8.816154503822326660e+02	2.985999999999999943e+01
8.840781462192535400e+02	2.982999999999999829e+01
8.865406367778778076e+02	2.985999999999999943e+01
8.890031275749206543e+02	2.982999999999999829e+01
8.914657900333404541e+02	2.985999999999999943e+01
8.939274623394012451e+02	2.982999999999999829e+01
8.963914513587951660e+02	2.982999999999999829e+01
8.988538389205932617e+02	2.985999999999999943e+01
9.013161966800689697e+02	2.982999999999999829e+01
9.037787795066833496e+02	2.985999999999999943e+01
9.062418575286865234e+02	2.985999999999999943e+01
9.087039208412170410e+02	2.985999999999999943e+01
9.111664719581604004e+02	2.982999999999999829e+01
9.136297094821929932e+02	2.982999999999999829e+01
9.160918629169464111e+02	2.985999999999999943e+01
9.185545125007629395e+02	2.985999999999999943e+01
9.210171175003051758e+02	2.985999999999999943e+01
9.234796288013458252e+02	2.982999999999999829e+01
9.259425487518310547e+02	2.985999999999999943e+01
9.284053840637207031e+02	2.982999999999999829e+01
9.308674020767211914e+02	2.982999999999999829e+01
9.333300316333770752e+02	2.982999999999999829e+01
9.357925355434417725e+02	2.985999999999999943e+01
9.382552931308746338e+02	2.982999999999999829e+01
9.407183656692504883e+02	2.985999999999999943e+01
9.431807713508605957e+02	2.985999999999999943e+01
9.456434347629547119e+02	2.985999999999999943e+01
9.481054890155792236e+02	2.985999999999999943e+01
9.505679411888122559e+02	2.982999999999999829e+01
9.530313758850097656e+02	2.982999999999999829e+01
9.554929547309875488e+02	2.982999999999999829e+01
9.579564893245697021e+02	2.982999999999999829e+01
9.604192879199981689e+02	2.980000000000000071e+01
9.628813865184783936e+02	2.982999999999999829e+01
9.653434841632843018e+02	2.980000000000000071e+01
9.678064596652984619e+02	2.982999999999999829e+01
9.702687726020812988e+02	2.985999999999999943e+01
9.727317404747009277e+02	2.982999999999999829e+01
9.751940324306488037e+02	2.982999999999999829e+01
9.776573071479797363e+02	2.982999999999999829e+01
9.801195912361145020e+02	2.982999999999999829e+01
9.825813906192779541e+02	2.985999999999999943e+01
9.850456285476684570e+02	2.982999999999999829e+01
9.875074748992919922e+02	2.980000000000000071e+01
9.899705910682678223e+02	2.985999999999999943e+01
9.924324743747711182e+02	2.982999999999999829e+01
9.948958601951599121e+02	2.982999999999999829e+01
9.973584461212158203e+02	2.982999999999999829e+01
9.998204438686370850e+02	2.982999999999999829e+01
1.002283406496047974e+03	2.982999999999999829e+01
1.004745765924453735e+03	2.985999999999999943e+01
1.007208203554153442e+03	2.989999999999999858e+01
1.009670649051666260e+03	2.985999999999999943e+01
1.012133101463317871e+03	2.985999999999999943e+01
1.014596218824386597e+03	2.989999999999999858e+01
1.017059036493301392e+03	2.992999999999999972e+01
1.019520974159240723e+03	2.989999999999999858e+01
1.021983831405639648e+03	2.992999999999999972e+01
1.024446296691894531e+03	2.989999999999999858e+01
1.026909766197204590e+03	2.989999999999999858e+01
1.029371851205825806e+03	2.989999999999999858e+01
1.031834588527679443e+03	2.989999999999999858e+01
1.034296868324279785e+03	2.989999999999999858e+01
1.036759820699691772e+03	2.992999999999999972e+01
1.039222383737564087e+03	2.992999999999999972e+01
1.041684642791748047e+03	2.985999999999999943e+01
1.044147895097732544e+03	2.992999999999999972e+01
1.046610494613647461e+03	2.989999999999999858e+01
1.049072864055633545e+03	2.985999999999999943e+01
1.051535802602767944e+03	2.985999999999999943e+01
1.053998357772827148e+03	2.982999999999999829e+01
1.056461291790008545e+03	2.989999999999999858e+01
1.058923113822937012e+03	2.989999999999999858e+01
1.061386230468750000e+03	2.985999999999999943e+01
1.063848392486572266e+03	2.985999999999999943e+01
1.066310949802398682e+03	2.982999999999999829e+01
1.068774278163909912e+03	2.985999999999999943e+01
1.071236856937408447e+03	2.982999999999999829e+01
1.073698605298995972e+03	2.985999999999999943e+01
1.076161597728729248e+03	2.985999999999999943e+01
1.078624414682388306e+03	2.982999999999999829e+01
1.081087648153305054e+03	2.982999999999999829e+01
1.083549254655838013e+03	2.985999999999999943e+01
1.086011797904968262e+03	2.985999999999999943e+01
1.088474714994430542e+03	2.985999999999999943e+01
1.090937530994415283e+03	2.982999999999999829e+01
1.093399611949920654e+03	2.982999999999999829e+01
1.095862712621688843e+03	2.982999999999999829e+01
1.098324822902679443e+03	2.980000000000000071e+01
1.100788073778152466e+03	2.982999999999999829e+01
1.103250389099121094e+03	2.982999999999999829e+01
1.105712857246398926e+03	2.985999999999999943e+01
1.108175537109375000e+03	2.982999999999999829e+01
1.110638136386871338e+03	2.985999999999999943e+01
1.113101062059402466e+03	2.982999999999999829e+01
1.115563135385513306e+03	2.982999999999999829e+01
1.118026005029678345e+03	2.982999999999999829e+01
1.120489182710647583e+03	2.976000000000000156e+01
1.122951361894607544e+03	2.980000000000000071e+01
1.125413689851760864e+03	2.980000000000000071e+01
1.127876937627792358e+03	2.980000000000000071e+01
1.130338226556777954e+03	2.980000000000000071e+01
1.132801382780075073e+03	2.980000000000000071e+01
1.135264419078826904e+03	2.980000000000000071e+01
1.137727129220962524e+03	2.982999999999999829e+01
1.140189171314239502e+03	2.982999999999999829e+01
1.142651817321777344e+03	2.980000000000000071e+01
1.145114946603775024e+03	2.980000000000000071e+01
1.147577589750289917e+03	2.980000000000000071e+01
1.150039622545242310e+03	2.982999999999999829e+01
1.152502042770385742e+03	2.985999999999999943e+01
1.154965448856353760e+03	2.982999999999999829e+01
1.157427865743637085e+03	2.985999999999999943e+01
1.159890621185302734e+03	2.982999999999999829e+01
1.162352660417556763e+03	2.985999999999999943e+01
1.164815564393997192e+03	2.982999999999999829e+01
1.167277905225753784e+03	2.980000000000000071e+01
1.169741290330886841e+03	2.982999999999999829e+01
1.172203071117401123e+03	2.982999999999999829e+01
1.174666043519973755e+03	2.982999999999999829e+01
1.177128645420074463e+03	2.982999999999999829e+01
1.179590918540954590e+03	2.985999999999999943e+01
1.182053872585296631e+03	2.982999999999999829e+01
1.184516031503677368e+03	2.980000000000000071e+01
1.186979603052139282e+03	2.985999999999999943e+01
1.189441959381103516e+03	2.982999999999999829e+01
1.191904137372970581e+03	2.976000000000000156e+01
1.194366659402847290e+03	2.980000000000000071e+01
1.196828927516937256e+03	2.982999999999999829e+01
1.199292413711547852e+03	2.982999999999999829e+01
1.201755035877227783e+03	2.980000000000000071e+01
1.204217807531356812e+03	2.980000000000000071e+01
1.206679604530334473e+03	2.982999999999999829e+01
1.209142120599746704e+03	2.980000000000000071e+01
1.211605648517608643e+03	2.980000000000000071e+01
1.214067116737365723e+03	2.982999999999999829e+01
1.216530941724777222e+03	2.980000000000000071e+01
1.218993428468704224e+03	2.982999999999999829e+01
1.221455354690551758e+03	2.982999999999999829e+01
1.223918402910232544e+03	2.982999999999999829e+01
1.226380398035049438e+03	2.985999999999999943e+01
1.228843914508819580e+03	2.982999999999999829e+01
1.231305657386779785e+03	2.985999999999999943e+01
1.233768489360809326e+03	2.985999999999999943e+01
1.236231767177581787e+03	2.985999999999999943e+01
1.238693791151046753e+03	2.985999999999999943e+01
1.241156452417373657e+03	2.989999999999999858e+01
1.243619299650192261e+03	2.985999999999999943e+01
1.246081412076950073e+03	2.985999999999999943e+01
1.248544620513916016e+03	2.982999999999999829e+01
1.251006839513778687e+03	2.985999999999999943e+01
1.253469851970672607e+03	2.985999999999999943e+01
1.255931681394577026e+03	2.985999999999999943e+01
1.258394708395004272e+03	2.982999999999999829e+01
1.260856911182403564e+03	2.985999999999999943e+01
1.263319823741912842e+03	2.985999999999999943e+01
1.265782978534698486e+03	2.985999999999999943e+01
1.268244925737380981e+03	2.982999999999999829e+01
1.270707864522933960e+03	2.982999999999999829e+01
1.273170835971832275e+03	2.982999999999999829e+01
1.275633281946182251e+03	2.982999999999999829e+01
1.278095634937286377e+03	2.982999999999999829e+01
1.280557883024215698e+03	2.982999999999999829e+01
1.283020892143249512e+03	2.982999999999999829e+01
1.285483602046966553e+03	2.976000000000000156e+01
1.287946185350418091e+03	2.980000000000000071e+01
1.290409340381622314e+03	2.980000000000000071e+01
1.292871217012405396e+03	2.982999999999999829e+01
1.295334339618682861e+03	2.980000000000000071e+01
1.297796406745910645e+03	2.982999999999999829e+01
1.300259361028671265e+03	2.982999999999999829e+01
1.302721594095230103e+03	2.985999999999999943e+01
1.305184136390686035e+03	2.989999999999999858e+01
1.307646811723709106e+03	2.982999999999999829e+01
1.310109421253204346e+03	2.982999999999999829e+01
1.312572415590286255e+03	2.985999999999999943e+01
1.315034197807312012e+03	2.985999999999999943e+01
1.317496996164321899e+03	2.985999999999999943e+01
1.319959901332855225e+03	2.985999999999999943e+01
1.322422606945037842e+03	2.985999999999999943e+01
1.324885142326354980e+03	2.985999999999999943e+01
1.327348125219345093e+03	2.982999999999999829e+01
1.329810406208038330e+03	2.989999999999999858e+01
1.332272786855697632e+03	2.985999999999999943e+01
1.334736195087432861e+03	2.985999999999999943e+01
1.337197934627532959e+03	2.985999999999999943e+01
1.339661404132843018e+03	2.985999999999999943e+01
1.342123599767684937e+03	2.985999999999999943e+01
1.344586343526840210e+03	2.985999999999999943e+01
1.347048880100250244e+03	2.985999999999999943e+01
1.349511277675628662e+03	2.992999999999999972e+01
1.351973962783813477e+03	2.989999999999999858e+01
1.354435607671737671e+03	2.989999999999999858e+01
1.356899173736572266e+03	2.985999999999999943e+01
1.359360772371292114e+03	2.989999999999999858e+01
1.361823337793350220e+03	2.985999999999999943e+01
1.364285921812057495e+03	2.989999999999999858e+01
1.366749955654144287e+03	2.989999999999999858e+01
1.369212400913238525e+03	2.985999999999999943e+01
1.371675188302993774e+03	2.985999999999999943e+01
1.374137254953384399e+03	2.989999999999999858e+01
1.376599767684936523e+03	2.989999999999999858e+01
1.379062722682952881e+03	2.985999999999999943e+01
1.381525573253631592e+03	2.985999999999999943e+01
1.383988160610198975e+03	2.985999999999999943e+01
1.386450589656829834e+03	2.985999999999999943e+01
1.388913729429244995e+03	2.982999999999999829e+01
1.391375282287597656e+03	2.985999999999999943e+01
1.393838272571563721e+03	2.985999999999999943e+01
1.396301342010498047e+03	2.985999999999999943e+01
1.398763057470321655e+03	2.985999999999999943e+01
1.401225800275802612e+03	2.982999999999999829e+01
1.403688568592071533e+03	2.985999999999999943e+01
1.406150917768478394e+03	2.985999999999999943e+01
1.408614265918731689e+03	2.985999999999999943e+01
1.411076635599136353e+03	2.982999999999999829e+01
1.413539379835128784e+03	2.980000000000000071e+01
1.416001866340637207e+03	2.982999999999999829e+01
1.418464833021163940e+03	2.982999999999999829e+01
1.420927307844161987e+03	2.989999999999999858e+01
1.423389859914779663e+03	2.982999999999999829e+01
1.425852046728134155e+03	2.985999999999999943e+01
1.428315443992614746e+03	2.982999999999999829e+01
1.430777942419052124e+03	2.985999999999999943e+01
1.433240147113800049e+03	2.982999999999999829e+01
1.435702878236770630e+03	2.980000000000000071e+01
1.438165373086929321e+03	2.985999999999999943e+01
1.440627974748611450e+03	2.982999999999999829e+01
1.443090848207473755e+03	2.982999999999999829e+01
1.445553142309188843e+03	2.982999999999999829e+01
1.448015323638916016e+03	2.982999999999999829e+01
1.450478353023529053e+03	2.980000000000000071e+01
1.452940649032592773e+03	2.980000000000000071e+01
1.455403871059417725e+03	2.985999999999999943e+01
1.457865733146667480e+03	2.982999999999999829e+01
1.460328866720199585e+03	2.982999999999999829e+01
1.462791768789291382e+03	2.982999999999999829e+01
1.465254216670989990e+03	2.980000000000000071e+01
1.467717054605484009e+03	2.980000000000000071e+01
1.470179708003997803e+03	2.982999999999999829e+01
1.472642066001892090e+03	2.985999999999999943e+01
1.475105082273483276e+03	2.982999999999999829e+01
