# 20220728
# time			temp			
0.000000000000000000e+00	2.982999999999999829e+01
2.463008165359497070e+00	2.980000000000000071e+01
4.925222635269165039e+00	2.980000000000000071e+01
7.387733936309814453e+00	2.985999999999999943e+01
9.850554704666137695e+00	2.982999999999999829e+01
1.231348848342895508e+01	2.976000000000000156e+01
1.477588987350463867e+01	2.980000000000000071e+01
1.723801994323730469e+01	2.980000000000000071e+01
1.965417957305908203e+01	2.976000000000000156e+01
2.211694502830505371e+01	2.980000000000000071e+01
2.457998824119567871e+01	2.976000000000000156e+01
2.704227685928344727e+01	2.980000000000000071e+01
2.950487542152404785e+01	2.980000000000000071e+01
3.196713089942932129e+01	2.982999999999999829e+01
3.442912817001342773e+01	2.982999999999999829e+01
3.689186525344848633e+01	2.982999999999999829e+01
3.930817008018493652e+01	2.982999999999999829e+01
4.177107834815979004e+01	2.982999999999999829e+01
4.423392033576965332e+01	2.982999999999999829e+01
4.669592738151550293e+01	2.985999999999999943e+01
4.915887904167175293e+01	2.982999999999999829e+01
5.162113523483276367e+01	2.985999999999999943e+01
5.408406257629394531e+01	2.980000000000000071e+01
5.654708671569824219e+01	2.985999999999999943e+01
5.900925350189208984e+01	2.980000000000000071e+01
6.147179698944091797e+01	2.982999999999999829e+01
6.393491363525390625e+01	2.980000000000000071e+01
6.639692425727844238e+01	2.980000000000000071e+01
6.886009430885314941e+01	2.976000000000000156e+01
7.132207155227661133e+01	2.976000000000000156e+01
7.378513312339782715e+01	2.976000000000000156e+01
7.624790549278259277e+01	2.976000000000000156e+01
7.871046900749206543e+01	2.976000000000000156e+01
8.117298412322998047e+01	2.980000000000000071e+01
8.363504767417907715e+01	2.980000000000000071e+01
8.609737944602966309e+01	2.980000000000000071e+01
8.856083536148071289e+01	2.982999999999999829e+01
9.102323555946350098e+01	2.982999999999999829e+01
9.348621201515197754e+01	2.980000000000000071e+01
9.594812011718750000e+01	2.985999999999999943e+01
9.841054534912109375e+01	2.985999999999999943e+01
1.008729450702667236e+02	2.985999999999999943e+01
1.033361878395080566e+02	2.982999999999999829e+01
1.057981405258178711e+02	2.982999999999999829e+01
1.082610082626342773e+02	2.982999999999999829e+01
1.107242460250854492e+02	2.980000000000000071e+01
1.131861934661865234e+02	2.976000000000000156e+01
1.156492118835449219e+02	2.980000000000000071e+01
1.181119697093963623e+02	2.976000000000000156e+01
1.205738651752471924e+02	2.976000000000000156e+01
1.230371658802032471e+02	2.976000000000000156e+01
1.254993784427642822e+02	2.976000000000000156e+01
1.279619262218475342e+02	2.976000000000000156e+01
1.304249951839447021e+02	2.973000000000000043e+01
1.328870260715484619e+02	2.976000000000000156e+01
1.353499422073364258e+02	2.976000000000000156e+01
1.378124880790710449e+02	2.980000000000000071e+01
1.402749094963073730e+02	2.980000000000000071e+01
1.427375051975250244e+02	2.982999999999999829e+01
1.452006723880767822e+02	2.980000000000000071e+01
1.476618220806121826e+02	2.985999999999999943e+01
1.501258718967437744e+02	2.989999999999999858e+01
1.525876376628875732e+02	2.982999999999999829e+01
1.550508556365966797e+02	2.985999999999999943e+01
1.575130133628845215e+02	2.982999999999999829e+01
1.599759681224822998e+02	2.982999999999999829e+01
1.624386501312255859e+02	2.982999999999999829e+01
1.649008736610412598e+02	2.980000000000000071e+01
1.673638238906860352e+02	2.982999999999999829e+01
1.698264634609222412e+02	2.976000000000000156e+01
1.722894492149353027e+02	2.980000000000000071e+01
1.747521166801452637e+02	2.976000000000000156e+01
1.772139196395874023e+02	2.973000000000000043e+01
1.796768212318420410e+02	2.976000000000000156e+01
1.821387772560119629e+02	2.973000000000000043e+01
1.846013462543487549e+02	2.980000000000000071e+01
1.870651068687438965e+02	2.976000000000000156e+01
1.895269157886505127e+02	2.976000000000000156e+01
1.919898002147674561e+02	2.976000000000000156e+01
1.944528131484985352e+02	2.980000000000000071e+01
1.969146449565887451e+02	2.980000000000000071e+01
1.993770580291748047e+02	2.982999999999999829e+01
2.018400073051452637e+02	2.980000000000000071e+01
2.043025977611541748e+02	2.985999999999999943e+01
2.067649536132812500e+02	2.985999999999999943e+01
2.092283143997192383e+02	2.982999999999999829e+01
2.116898586750030518e+02	2.982999999999999829e+01
2.141535460948944092e+02	2.982999999999999829e+01
2.166155622005462646e+02	2.985999999999999943e+01
2.190777935981750488e+02	2.982999999999999829e+01
2.215404753684997559e+02	2.982999999999999829e+01
2.240028517246246338e+02	2.980000000000000071e+01
2.264657509326934814e+02	2.982999999999999829e+01
2.289290106296539307e+02	2.982999999999999829e+01
2.313907830715179443e+02	2.976000000000000156e+01
2.338538835048675537e+02	2.980000000000000071e+01
2.363167138099670410e+02	2.980000000000000071e+01
2.387788102626800537e+02	2.976000000000000156e+01
2.412415134906768799e+02	2.976000000000000156e+01
2.437046887874603271e+02	2.976000000000000156e+01
2.461670269966125488e+02	2.980000000000000071e+01
2.486291887760162354e+02	2.980000000000000071e+01
2.510923743247985840e+02	2.980000000000000071e+01
2.535550394058227539e+02	2.982999999999999829e+01
2.560168728828430176e+02	2.980000000000000071e+01
2.584794480800628662e+02	2.982999999999999829e+01
2.609427237510681152e+02	2.985999999999999943e+01
2.634052002429962158e+02	2.982999999999999829e+01
2.658679828643798828e+02	2.980000000000000071e+01
2.683294780254364014e+02	2.985999999999999943e+01
2.707924354076385498e+02	2.980000000000000071e+01
2.732548389434814453e+02	2.982999999999999829e+01
2.757181468009948730e+02	2.985999999999999943e+01
2.781803886890411377e+02	2.980000000000000071e+01
2.806429252624511719e+02	2.982999999999999829e+01
2.831059887409210205e+02	2.980000000000000071e+01
2.855686073303222656e+02	2.982999999999999829e+01
2.880308229923248291e+02	2.980000000000000071e+01
2.904931688308715820e+02	2.980000000000000071e+01
2.929561810493469238e+02	2.980000000000000071e+01
2.954188530445098877e+02	2.980000000000000071e+01
2.978811647891998291e+02	2.982999999999999829e+01
3.003437464237213135e+02	2.980000000000000071e+01
3.028066852092742920e+02	2.982999999999999829e+01
3.052689099311828613e+02	2.980000000000000071e+01
3.077309322357177734e+02	2.980000000000000071e+01
3.101941490173339844e+02	2.982999999999999829e+01
3.126572036743164062e+02	2.982999999999999829e+01
3.151193144321441650e+02	2.982999999999999829e+01
3.175820317268371582e+02	2.982999999999999829e+01
3.200444369316101074e+02	2.982999999999999829e+01
3.225072207450866699e+02	2.982999999999999829e+01
3.249698069095611572e+02	2.982999999999999829e+01
3.274329047203063965e+02	2.982999999999999829e+01
3.298946356773376465e+02	2.982999999999999829e+01
3.323575732707977295e+02	2.982999999999999829e+01
3.348198900222778320e+02	2.982999999999999829e+01
3.372829873561859131e+02	2.982999999999999829e+01
3.397458107471466064e+02	2.982999999999999829e+01
3.422081000804901123e+02	2.982999999999999829e+01
3.446700279712677002e+02	2.985999999999999943e+01
3.471330974102020264e+02	2.982999999999999829e+01
3.495960271358489990e+02	2.982999999999999829e+01
3.520582964420318604e+02	2.980000000000000071e+01
3.545214066505432129e+02	2.982999999999999829e+01
3.569830882549285889e+02	2.980000000000000071e+01
3.594460740089416504e+02	2.976000000000000156e+01
3.619094123840332031e+02	2.976000000000000156e+01
3.643708467483520508e+02	2.980000000000000071e+01
3.668338932991027832e+02	2.976000000000000156e+01
3.692971782684326172e+02	2.980000000000000071e+01
3.717589087486267090e+02	2.980000000000000071e+01
3.742218527793884277e+02	2.980000000000000071e+01
3.766841166019439697e+02	2.980000000000000071e+01
3.791468431949615479e+02	2.982999999999999829e+01
3.816094117164611816e+02	2.982999999999999829e+01
3.840718255043029785e+02	2.982999999999999829e+01
3.865347588062286377e+02	2.982999999999999829e+01
3.889969923496246338e+02	2.985999999999999943e+01
3.914592242240905762e+02	2.982999999999999829e+01
3.939230358600616455e+02	2.980000000000000071e+01
3.963848152160644531e+02	2.982999999999999829e+01
3.988477573394775391e+02	2.982999999999999829e+01
4.013105051517486572e+02	2.980000000000000071e+01
4.037729299068450928e+02	2.980000000000000071e+01
4.062360150814056396e+02	2.976000000000000156e+01
4.086983513832092285e+02	2.976000000000000156e+01
4.111606862545013428e+02	2.976000000000000156e+01
4.136234161853790283e+02	2.976000000000000156e+01
4.160861740112304688e+02	2.980000000000000071e+01
4.185488574504852295e+02	2.980000000000000071e+01
4.210106844902038574e+02	2.982999999999999829e+01
4.234737706184387207e+02	2.976000000000000156e+01
4.259359505176544189e+02	2.982999999999999829e+01
4.283987333774566650e+02	2.980000000000000071e+01
4.308610017299652100e+02	2.982999999999999829e+01
4.333242628574371338e+02	2.985999999999999943e+01
4.357867264747619629e+02	2.992999999999999972e+01
4.382493176460266113e+02	2.982999999999999829e+01
4.407119727134704590e+02	2.989999999999999858e+01
4.431748530864715576e+02	2.980000000000000071e+01
4.456368989944458008e+02	2.982999999999999829e+01
4.480996389389038086e+02	2.982999999999999829e+01
4.505621228218078613e+02	2.982999999999999829e+01
4.530249660015106201e+02	2.980000000000000071e+01
4.554875793457031250e+02	2.980000000000000071e+01
4.579498903751373291e+02	2.980000000000000071e+01
4.604132990837097168e+02	2.976000000000000156e+01
4.628754091262817383e+02	2.980000000000000071e+01
4.653375751972198486e+02	2.980000000000000071e+01
4.678007140159606934e+02	2.980000000000000071e+01
4.702635779380798340e+02	2.976000000000000156e+01
4.727260797023773193e+02	2.976000000000000156e+01
4.751889193058013916e+02	2.980000000000000071e+01
4.776512937545776367e+02	2.980000000000000071e+01
4.801132388114929199e+02	2.980000000000000071e+01
4.825761220455169678e+02	2.980000000000000071e+01
4.850387797355651855e+02	2.982999999999999829e+01
4.875016362667083740e+02	2.980000000000000071e+01
4.899634387493133545e+02	2.982999999999999829e+01
4.924271495342254639e+02	2.980000000000000071e+01
4.948892953395843506e+02	2.982999999999999829e+01
4.973516495227813721e+02	2.980000000000000071e+01
4.998144927024841309e+02	2.980000000000000071e+01
5.022771377563476562e+02	2.982999999999999829e+01
5.047395083904266357e+02	2.980000000000000071e+01
5.072020366191864014e+02	2.980000000000000071e+01
5.096646690368652344e+02	2.980000000000000071e+01
5.121272640228271484e+02	2.980000000000000071e+01
5.145903396606445312e+02	2.982999999999999829e+01
5.170527374744415283e+02	2.980000000000000071e+01
5.195147452354431152e+02	2.980000000000000071e+01
5.219773650169372559e+02	2.982999999999999829e+01
5.244407474994659424e+02	2.980000000000000071e+01
5.269029788970947266e+02	2.982999999999999829e+01
5.293651664257049561e+02	2.982999999999999829e+01
5.318280575275421143e+02	2.985999999999999943e+01
5.342911727428436279e+02	2.982999999999999829e+01
5.367531466484069824e+02	2.985999999999999943e+01
5.392155709266662598e+02	2.985999999999999943e+01
5.416782841682434082e+02	2.982999999999999829e+01
5.441414124965667725e+02	2.982999999999999829e+01
5.466036808490753174e+02	2.985999999999999943e+01
5.490668356418609619e+02	2.980000000000000071e+01
5.515292291641235352e+02	2.982999999999999829e+01
5.539917726516723633e+02	2.982999999999999829e+01
5.564539775848388672e+02	2.976000000000000156e+01
5.589169156551361084e+02	2.980000000000000071e+01
5.613788802623748779e+02	2.980000000000000071e+01
5.638419532775878906e+02	2.976000000000000156e+01
5.663044445514678955e+02	2.976000000000000156e+01
5.687670941352844238e+02	2.976000000000000156e+01
5.712287089824676514e+02	2.980000000000000071e+01
5.736919724941253662e+02	2.980000000000000071e+01
5.761541419029235840e+02	2.982999999999999829e+01
5.786178143024444580e+02	2.980000000000000071e+01
5.810799143314361572e+02	2.982999999999999829e+01
5.835428855419158936e+02	2.980000000000000071e+01
5.860048243999481201e+02	2.982999999999999829e+01
5.884672482013702393e+02	2.982999999999999829e+01
5.909308617115020752e+02	2.985999999999999943e+01
5.933928360939025879e+02	2.982999999999999829e+01
5.958552498817443848e+02	2.985999999999999943e+01
5.983183641433715820e+02	2.982999999999999829e+01
6.007803966999053955e+02	2.982999999999999829e+01
6.032435221672058105e+02	2.982999999999999829e+01
6.057054834365844727e+02	2.980000000000000071e+01
6.081683638095855713e+02	2.976000000000000156e+01
6.106311244964599609e+02	2.980000000000000071e+01
6.130932281017303467e+02	2.980000000000000071e+01
6.155564274787902832e+02	2.980000000000000071e+01
6.180177407264709473e+02	2.980000000000000071e+01
6.204812636375427246e+02	2.980000000000000071e+01
6.229442183971405029e+02	2.976000000000000156e+01
6.254064245223999023e+02	2.980000000000000071e+01
6.278688499927520752e+02	2.980000000000000071e+01
6.303312165737152100e+02	2.982999999999999829e+01
6.327949538230895996e+02	2.976000000000000156e+01
6.352565631866455078e+02	2.982999999999999829e+01
6.377199673652648926e+02	2.980000000000000071e+01
6.401821129322052002e+02	2.985999999999999943e+01
6.426450755596160889e+02	2.985999999999999943e+01
6.451076595783233643e+02	2.985999999999999943e+01
6.475695312023162842e+02	2.985999999999999943e+01
6.500320641994476318e+02	2.985999999999999943e+01
6.524944746494293213e+02	2.985999999999999943e+01
6.549572772979736328e+02	2.982999999999999829e+01
6.574199254512786865e+02	2.980000000000000071e+01
6.598826448917388916e+02	2.982999999999999829e+01
6.623456466197967529e+02	2.980000000000000071e+01
6.648084619045257568e+02	2.980000000000000071e+01
6.672709040641784668e+02	2.982999999999999829e+01
6.697332019805908203e+02	2.980000000000000071e+01
6.721952884197235107e+02	2.976000000000000156e+01
6.746582601070404053e+02	2.976000000000000156e+01
6.771208426952362061e+02	2.980000000000000071e+01
6.795834863185882568e+02	2.976000000000000156e+01
6.820462434291839600e+02	2.980000000000000071e+01
6.845080447196960449e+02	2.980000000000000071e+01
6.869708080291748047e+02	2.980000000000000071e+01
6.894337043762207031e+02	2.982999999999999829e+01
6.918965816497802734e+02	2.982999999999999829e+01
6.943597338199615479e+02	2.982999999999999829e+01
6.968218822479248047e+02	2.982999999999999829e+01
6.992844362258911133e+02	2.985999999999999943e+01
7.017468550205230713e+02	2.982999999999999829e+01
7.042098052501678467e+02	2.982999999999999829e+01
7.066720101833343506e+02	2.982999999999999829e+01
7.091344866752624512e+02	2.982999999999999829e+01
7.115972385406494141e+02	2.982999999999999829e+01
7.140597984790802002e+02	2.982999999999999829e+01
7.165231897830963135e+02	2.982999999999999829e+01
7.189856567382812500e+02	2.976000000000000156e+01
7.214482686519622803e+02	2.976000000000000156e+01
7.239101393222808838e+02	2.980000000000000071e+01
7.263734595775604248e+02	2.980000000000000071e+01
7.288357250690460205e+02	2.980000000000000071e+01
7.312979431152343750e+02	2.980000000000000071e+01
7.337611327171325684e+02	2.980000000000000071e+01
7.362239868640899658e+02	2.982999999999999829e+01
7.386863994598388672e+02	2.980000000000000071e+01
7.411483330726623535e+02	2.982999999999999829e+01
7.436115770339965820e+02	2.982999999999999829e+01
7.460739212036132812e+02	2.982999999999999829e+01
7.485364933013916016e+02	2.985999999999999943e+01
7.509986855983734131e+02	2.982999999999999829e+01
7.534622025489807129e+02	2.982999999999999829e+01
7.559237167835235596e+02	2.980000000000000071e+01
7.583865039348602295e+02	2.980000000000000071e+01
7.608493211269378662e+02	2.980000000000000071e+01
7.633123500347137451e+02	2.982999999999999829e+01
7.657738585472106934e+02	2.976000000000000156e+01
7.682369503974914551e+02	2.982999999999999829e+01
7.706999952793121338e+02	2.982999999999999829e+01
7.731620781421661377e+02	2.980000000000000071e+01
7.756253080368041992e+02	2.985999999999999943e+01
7.780871520042419434e+02	2.982999999999999829e+01
7.805505347251892090e+02	2.982999999999999829e+01
7.830124893188476562e+02	2.982999999999999829e+01
7.854754564762115479e+02	2.985999999999999943e+01
7.879380500316619873e+02	2.980000000000000071e+01
7.904005653858184814e+02	2.982999999999999829e+01
7.928626358509063721e+02	2.980000000000000071e+01
7.953255465030670166e+02	2.982999999999999829e+01
7.977876377105712891e+02	2.976000000000000156e+01
8.002506618499755859e+02	2.982999999999999829e+01
8.027128176689147949e+02	2.980000000000000071e+01
8.051758081912994385e+02	2.982999999999999829e+01
8.076384980678558350e+02	2.980000000000000071e+01
8.101014206409454346e+02	2.980000000000000071e+01
8.125640654563903809e+02	2.980000000000000071e+01
8.150262606143951416e+02	2.980000000000000071e+01
8.174887180328369141e+02	2.980000000000000071e+01
8.199518206119537354e+02	2.980000000000000071e+01
8.224139897823333740e+02	2.982999999999999829e+01
8.248767998218536377e+02	2.982999999999999829e+01
8.273396987915039062e+02	2.982999999999999829e+01
8.298015260696411133e+02	2.982999999999999829e+01
8.322648644447326660e+02	2.985999999999999943e+01
8.347270691394805908e+02	2.980000000000000071e+01
8.371892511844635010e+02	2.985999999999999943e+01
8.396527225971221924e+02	2.982999999999999829e+01
8.421148116588592529e+02	2.985999999999999943e+01
8.445771517753601074e+02	2.982999999999999829e+01
8.470402462482452393e+02	2.980000000000000071e+01
8.495026288032531738e+02	2.982999999999999829e+01
8.519654264450073242e+02	2.980000000000000071e+01
8.544272258281707764e+02	2.976000000000000156e+01
8.568899595737457275e+02	2.973000000000000043e+01
8.593534457683563232e+02	2.976000000000000156e+01
8.618152382373809814e+02	2.976000000000000156e+01
8.642777411937713623e+02	2.973000000000000043e+01
8.667414431571960449e+02	2.982999999999999829e+01
8.692038478851318359e+02	2.980000000000000071e+01
8.716659111976623535e+02	2.980000000000000071e+01
8.741287963390350342e+02	2.980000000000000071e+01
8.765907309055328369e+02	2.976000000000000156e+01
8.790532970428466797e+02	2.982999999999999829e+01
8.815158579349517822e+02	2.982999999999999829e+01
8.839791853427886963e+02	2.985999999999999943e+01
8.864415266513824463e+02	2.982999999999999829e+01
8.889038505554199219e+02	2.982999999999999829e+01
8.913661892414093018e+02	2.982999999999999829e+01
8.938292222023010254e+02	2.982999999999999829e+01
8.962921209335327148e+02	2.982999999999999829e+01
8.987536542415618896e+02	2.985999999999999943e+01
9.012166850566864014e+02	2.982999999999999829e+01
9.036791388988494873e+02	2.980000000000000071e+01
9.061422641277313232e+02	2.976000000000000156e+01
9.086042752265930176e+02	2.980000000000000071e+01
9.110667440891265869e+02	2.980000000000000071e+01
9.135300090312957764e+02	2.980000000000000071e+01
9.159920513629913330e+02	2.980000000000000071e+01
9.184556231498718262e+02	2.980000000000000071e+01
9.209177589416503906e+02	2.980000000000000071e+01
9.233808219432830811e+02	2.976000000000000156e+01
9.258427183628082275e+02	2.980000000000000071e+01
9.283048179149627686e+02	2.980000000000000071e+01
9.307676246166229248e+02	2.976000000000000156e+01
9.332303588390350342e+02	2.982999999999999829e+01
9.356929721832275391e+02	2.982999999999999829e+01
9.381556289196014404e+02	2.982999999999999829e+01
9.406185033321380615e+02	2.985999999999999943e+01
9.430813438892364502e+02	2.982999999999999829e+01
9.455436289310455322e+02	2.982999999999999829e+01
9.480063714981079102e+02	2.982999999999999829e+01
9.504691283702850342e+02	2.985999999999999943e+01
9.529318981170654297e+02	2.985999999999999943e+01
9.553939485549926758e+02	2.982999999999999829e+01
9.578561029434204102e+02	2.985999999999999943e+01
9.603194193840026855e+02	2.982999999999999829e+01
9.627812712192535400e+02	2.980000000000000071e+01
9.652441740036010742e+02	2.982999999999999829e+01
9.677071368694305420e+02	2.976000000000000156e+01
9.701692166328430176e+02	2.976000000000000156e+01
9.726325328350067139e+02	2.976000000000000156e+01
9.750949299335479736e+02	2.976000000000000156e+01
9.775572047233581543e+02	2.980000000000000071e+01
9.800200614929199219e+02	2.980000000000000071e+01
9.824826037883758545e+02	2.980000000000000071e+01
9.849454016685485840e+02	2.980000000000000071e+01
9.874068450927734375e+02	2.982999999999999829e+01
9.898699555397033691e+02	2.980000000000000071e+01
9.923324465751647949e+02	2.982999999999999829e+01
9.947960131168365479e+02	2.982999999999999829e+01
9.972579114437103271e+02	2.982999999999999829e+01
9.997204260826110840e+02	2.985999999999999943e+01
1.002182981729507446e+03	2.982999999999999829e+01
1.004645699739456177e+03	2.982999999999999829e+01
1.007108232021331787e+03	2.980000000000000071e+01
1.009570877790451050e+03	2.982999999999999829e+01
1.012033771514892578e+03	2.980000000000000071e+01
1.014495662689208984e+03	2.980000000000000071e+01
1.016958718299865723e+03	2.982999999999999829e+01
1.019421492338180542e+03	2.980000000000000071e+01
1.021883936882019043e+03	2.980000000000000071e+01
1.024346489429473877e+03	2.980000000000000071e+01
1.026809172630310059e+03	2.980000000000000071e+01
1.029271529674530029e+03	2.980000000000000071e+01
1.031734858751296997e+03	2.982999999999999829e+01
1.034197461366653442e+03	2.982999999999999829e+01
1.036659254074096680e+03	2.982999999999999829e+01
1.039122333765029907e+03	2.982999999999999829e+01
1.041584848403930664e+03	2.976000000000000156e+01
1.044047935724258423e+03	2.980000000000000071e+01
1.046509888887405396e+03	2.982999999999999829e+01
1.048972171545028687e+03	2.980000000000000071e+01
1.051435102939605713e+03	2.976000000000000156e+01
1.053897588491439819e+03	2.976000000000000156e+01
1.056359833717346191e+03	2.980000000000000071e+01
1.058823278903961182e+03	2.980000000000000071e+01
1.061285941362380981e+03	2.976000000000000156e+01
1.063748254060745239e+03	2.980000000000000071e+01
1.066211063385009766e+03	2.980000000000000071e+01
1.068673389911651611e+03	2.980000000000000071e+01
1.071135770082473755e+03	2.980000000000000071e+01
1.073598016500473022e+03	2.982999999999999829e+01
1.076060799598693848e+03	2.982999999999999829e+01
1.078523933172225952e+03	2.982999999999999829e+01
1.080986624717712402e+03	2.982999999999999829e+01
1.083448633193969727e+03	2.989999999999999858e+01
1.085911597251892090e+03	2.982999999999999829e+01
1.088372836112976074e+03	2.982999999999999829e+01
1.090836706399917603e+03	2.982999999999999829e+01
1.093299431085586548e+03	2.980000000000000071e+01
1.095761486530303955e+03	2.982999999999999829e+01
1.098224063873291016e+03	2.982999999999999829e+01
1.100686994791030884e+03	2.982999999999999829e+01
1.103149464607238770e+03	2.980000000000000071e+01
1.105612396717071533e+03	2.980000000000000071e+01
1.108075149536132812e+03	2.982999999999999829e+01
1.110536884546279907e+03	2.980000000000000071e+01
1.112999557495117188e+03	2.982999999999999829e+01
1.115462453842163086e+03	2.982999999999999829e+01
1.117924616813659668e+03	2.980000000000000071e+01
1.120387032270431519e+03	2.985999999999999943e+01
1.122850315809249878e+03	2.982999999999999829e+01
1.125313128948211670e+03	2.980000000000000071e+01
1.127775040149688721e+03	2.982999999999999829e+01
1.130237622976303101e+03	2.982999999999999829e+01
1.132701050758361816e+03	2.982999999999999829e+01
1.135162607431411743e+03	2.982999999999999829e+01
1.137625563383102417e+03	2.982999999999999829e+01
1.140088424205780029e+03	2.982999999999999829e+01
1.142551429748535156e+03	2.982999999999999829e+01
1.145013240575790405e+03	2.985999999999999943e+01
1.147476415395736694e+03	2.985999999999999943e+01
1.149938279867172241e+03	2.980000000000000071e+01
1.152401386499404907e+03	2.982999999999999829e+01
1.154864233970642090e+03	2.980000000000000071e+01
1.157326072692871094e+03	2.980000000000000071e+01
1.159788930177688599e+03	2.980000000000000071e+01
1.162251447200775146e+03	2.980000000000000071e+01
1.164714241266250610e+03	2.980000000000000071e+01
1.167176378726959229e+03	2.980000000000000071e+01
1.169639002799987793e+03	2.980000000000000071e+01
1.172102373361587524e+03	2.980000000000000071e+01
1.174564715147018433e+03	2.982999999999999829e+01
1.177026899814605713e+03	2.982999999999999829e+01
1.179490214586257935e+03	2.980000000000000071e+01
1.181952752828598022e+03	2.980000000000000071e+01
1.184414515256881714e+03	2.980000000000000071e+01
1.186877673625946045e+03	2.982999999999999829e+01
1.189340500354766846e+03	2.980000000000000071e+01
1.191802347183227539e+03	2.982999999999999829e+01
1.194265818357467651e+03	2.982999999999999829e+01
1.196728221178054810e+03	2.976000000000000156e+01
1.199190951585769653e+03	2.980000000000000071e+01
1.201652870416641235e+03	2.976000000000000156e+01
1.204115340709686279e+03	2.976000000000000156e+01
1.206578154563903809e+03	2.976000000000000156e+01
1.209040811538696289e+03	2.976000000000000156e+01
1.211503456830978394e+03	2.980000000000000071e+01
1.213966714143753052e+03	2.976000000000000156e+01
1.216429443836212158e+03	2.976000000000000156e+01
1.218891535520553589e+03	2.982999999999999829e+01
1.221354446172714233e+03	2.982999999999999829e+01
1.223816692113876343e+03	2.982999999999999829e+01
1.226279588222503662e+03	2.982999999999999829e+01
1.228741908073425293e+03	2.982999999999999829e+01
1.231204261064529419e+03	2.982999999999999829e+01
1.233666847944259644e+03	2.982999999999999829e+01
1.236129822969436646e+03	2.982999999999999829e+01
1.238591186046600342e+03	2.982999999999999829e+01
1.241054816246032715e+03	2.980000000000000071e+01
1.243517385721206665e+03	2.985999999999999943e+01
1.245979675769805908e+03	2.985999999999999943e+01
1.248442284822463989e+03	2.980000000000000071e+01
1.250905226469039917e+03	2.980000000000000071e+01
1.253367368936538696e+03	2.980000000000000071e+01
1.255830644845962524e+03	2.980000000000000071e+01
1.258293241024017334e+03	2.982999999999999829e+01
1.260755386590957642e+03	2.982999999999999829e+01
1.263217693805694580e+03	2.980000000000000071e+01
1.265680403709411621e+03	2.985999999999999943e+01
1.268142891168594360e+03	2.985999999999999943e+01
1.270605648517608643e+03	2.980000000000000071e+01
1.273068269729614258e+03	2.982999999999999829e+01
1.275531294822692871e+03	2.982999999999999829e+01
1.277994313955307007e+03	2.982999999999999829e+01
1.280456126451492310e+03	2.982999999999999829e+01
1.282918681859970093e+03	2.980000000000000071e+01
1.285381989002227783e+03	2.980000000000000071e+01
1.287844572782516479e+03	2.980000000000000071e+01
1.290306152582168579e+03	2.980000000000000071e+01
1.292769099473953247e+03	2.976000000000000156e+01
1.295231411457061768e+03	2.980000000000000071e+01
1.297694523572921753e+03	2.976000000000000156e+01
1.300157090425491333e+03	2.980000000000000071e+01
1.302620098829269409e+03	2.982999999999999829e+01
1.305082277774810791e+03	2.982999999999999829e+01
1.307544915437698364e+03	2.985999999999999943e+01
1.310006877660751343e+03	2.982999999999999829e+01
1.312470587968826294e+03	2.982999999999999829e+01
1.314932452440261841e+03	2.982999999999999829e+01
1.317395992517471313e+03	2.985999999999999943e+01
1.319857859849929810e+03	2.982999999999999829e+01
1.322320368528366089e+03	2.985999999999999943e+01
1.324782721281051636e+03	2.982999999999999829e+01
1.327245809316635132e+03	2.982999999999999829e+01
1.329708456993103027e+03	2.982999999999999829e+01
1.332170246362686157e+03	2.980000000000000071e+01
1.334633521318435669e+03	2.980000000000000071e+01
1.337096308946609497e+03	2.980000000000000071e+01
1.339558676958084106e+03	2.980000000000000071e+01
1.342021682262420654e+03	2.980000000000000071e+01
1.344484418869018555e+03	2.980000000000000071e+01
1.346946948051452637e+03	2.976000000000000156e+01
1.349408717155456543e+03	2.980000000000000071e+01
1.351872102499008179e+03	2.980000000000000071e+01
1.354333817481994629e+03	2.980000000000000071e+01
1.356796679496765137e+03	2.980000000000000071e+01
1.359259721279144287e+03	2.982999999999999829e+01
1.361721714019775391e+03	2.982999999999999829e+01
1.364184824228286743e+03	2.982999999999999829e+01
1.366647386312484741e+03	2.982999999999999829e+01
1.369109525203704834e+03	2.985999999999999943e+01
1.371572542428970337e+03	2.985999999999999943e+01
1.374034689664840698e+03	2.980000000000000071e+01
1.376497908353805542e+03	2.982999999999999829e+01
1.378960162878036499e+03	2.982999999999999829e+01
1.381422221422195435e+03	2.980000000000000071e+01
1.383885606765747070e+03	2.980000000000000071e+01
1.386347938299179077e+03	2.982999999999999829e+01
1.388811004161834717e+03	2.982999999999999829e+01
1.391273511409759521e+03	2.982999999999999829e+01
1.393735536336898804e+03	2.980000000000000071e+01
1.396198704957962036e+03	2.976000000000000156e+01
1.398659917116165161e+03	2.982999999999999829e+01
1.401123611211776733e+03	2.980000000000000071e+01
1.403586218357086182e+03	2.982999999999999829e+01
1.406049213647842407e+03	2.980000000000000071e+01
1.408511293649673462e+03	2.980000000000000071e+01
1.410973976850509644e+03	2.980000000000000071e+01
1.413436577081680298e+03	2.980000000000000071e+01
1.415899581432342529e+03	2.980000000000000071e+01
1.418361388444900513e+03	2.976000000000000156e+01
1.420824281692504883e+03	2.980000000000000071e+01
1.423286665916442871e+03	2.976000000000000156e+01
1.425749243259429932e+03	2.982999999999999829e+01
1.428212459325790405e+03	2.980000000000000071e+01
1.430675118684768677e+03	2.982999999999999829e+01
1.433137267112731934e+03	2.982999999999999829e+01
1.435599624395370483e+03	2.982999999999999829e+01
1.438062283754348755e+03	2.985999999999999943e+01
1.440524926185607910e+03	2.982999999999999829e+01
1.442987865686416626e+03	2.985999999999999943e+01
1.445450659275054932e+03	2.985999999999999943e+01
1.447913075208663940e+03	2.982999999999999829e+01
1.450374933958053589e+03	2.982999999999999829e+01
1.452838362455368042e+03	2.982999999999999829e+01
1.455301017045974731e+03	2.985999999999999943e+01
1.457762520551681519e+03	2.982999999999999829e+01
1.460226021289825439e+03	2.982999999999999829e+01
1.462688207626342773e+03	2.982999999999999829e+01
1.465151257514953613e+03	2.980000000000000071e+01
1.467613542795181274e+03	2.982999999999999829e+01
1.470076255321502686e+03	2.982999999999999829e+01
1.472538621187210083e+03	2.982999999999999829e+01
1.475000811338424683e+03	2.976000000000000156e+01
