# 20220727
# time			temp			
0.000000000000000000e+00	2.969999999999999929e+01
2.462437629699707031e+00	2.966000000000000014e+01
4.924851655960083008e+00	2.973000000000000043e+01
7.387164354324340820e+00	2.969999999999999929e+01
9.849980354309082031e+00	2.966000000000000014e+01
1.226595759391784668e+01	2.973000000000000043e+01
1.472882390022277832e+01	2.966000000000000014e+01
1.719092512130737305e+01	2.969999999999999929e+01
1.965321469306945801e+01	2.973000000000000043e+01
2.211639761924743652e+01	2.973000000000000043e+01
2.457868075370788574e+01	2.973000000000000043e+01
2.704115200042724609e+01	2.966000000000000014e+01
2.950324892997741699e+01	2.976000000000000156e+01
3.196598815917968750e+01	2.969999999999999929e+01
3.442822289466857910e+01	2.973000000000000043e+01
3.689030313491821289e+01	2.980000000000000071e+01
3.930733418464660645e+01	2.973000000000000043e+01
4.177029681205749512e+01	2.976000000000000156e+01
4.423213171958923340e+01	2.976000000000000156e+01
4.669527864456176758e+01	2.980000000000000071e+01
4.915828633308410645e+01	2.980000000000000071e+01
5.162090086936950684e+01	2.980000000000000071e+01
5.408268523216247559e+01	2.976000000000000156e+01
5.654587602615356445e+01	2.976000000000000156e+01
5.900840520858764648e+01	2.980000000000000071e+01
6.147070789337158203e+01	2.976000000000000156e+01
6.393356370925903320e+01	2.980000000000000071e+01
6.639602088928222656e+01	2.982999999999999829e+01
6.885871744155883789e+01	2.980000000000000071e+01
7.132071995735168457e+01	2.980000000000000071e+01
7.378436350822448730e+01	2.976000000000000156e+01
7.624622178077697754e+01	2.980000000000000071e+01
7.870945382118225098e+01	2.976000000000000156e+01
8.117092919349670410e+01	2.969999999999999929e+01
8.363396525382995605e+01	2.976000000000000156e+01
8.609683489799499512e+01	2.973000000000000043e+01
8.855925345420837402e+01	2.973000000000000043e+01
9.102229237556457520e+01	2.973000000000000043e+01
9.348447537422180176e+01	2.980000000000000071e+01
9.594703173637390137e+01	2.980000000000000071e+01
9.840986466407775879e+01	2.976000000000000156e+01
1.008715591430664062e+02	2.973000000000000043e+01
1.033343582153320312e+02	2.973000000000000043e+01
1.057970151901245117e+02	2.980000000000000071e+01
1.082590434551239014e+02	2.976000000000000156e+01
1.107220273017883301e+02	2.976000000000000156e+01
1.131845595836639404e+02	2.976000000000000156e+01
1.156475977897644043e+02	2.980000000000000071e+01
1.181103229522705078e+02	2.976000000000000156e+01
1.205729305744171143e+02	2.980000000000000071e+01
1.230351841449737549e+02	2.980000000000000071e+01
1.254981570243835449e+02	2.980000000000000071e+01
1.279609847068786621e+02	2.980000000000000071e+01
1.304230659008026123e+02	2.982999999999999829e+01
1.328858435153961182e+02	2.976000000000000156e+01
1.353480119705200195e+02	2.976000000000000156e+01
1.378105344772338867e+02	2.976000000000000156e+01
1.402731578350067139e+02	2.973000000000000043e+01
1.427363321781158447e+02	2.976000000000000156e+01
1.451980388164520264e+02	2.980000000000000071e+01
1.476605362892150879e+02	2.973000000000000043e+01
1.501242420673370361e+02	2.976000000000000156e+01
1.525863726139068604e+02	2.976000000000000156e+01
1.550488727092742920e+02	2.973000000000000043e+01
1.575117862224578857e+02	2.976000000000000156e+01
1.599736521244049072e+02	2.980000000000000071e+01
1.624364843368530273e+02	2.973000000000000043e+01
1.648987295627593994e+02	2.973000000000000043e+01
1.673615825176239014e+02	2.980000000000000071e+01
1.698241961002349854e+02	2.973000000000000043e+01
1.722863106727600098e+02	2.973000000000000043e+01
1.747498095035552979e+02	2.976000000000000156e+01
1.772108566761016846e+02	2.976000000000000156e+01
1.796740510463714600e+02	2.976000000000000156e+01
1.821366837024688721e+02	2.973000000000000043e+01
1.845993854999542236e+02	2.976000000000000156e+01
1.870625641345977783e+02	2.976000000000000156e+01
1.895245363712310791e+02	2.976000000000000156e+01
1.919869427680969238e+02	2.980000000000000071e+01
1.944496741294860840e+02	2.980000000000000071e+01
1.969126024246215820e+02	2.982999999999999829e+01
1.993753902912139893e+02	2.976000000000000156e+01
2.018373672962188721e+02	2.976000000000000156e+01
2.043002982139587402e+02	2.973000000000000043e+01
2.067629020214080811e+02	2.980000000000000071e+01
2.092245945930480957e+02	2.973000000000000043e+01
2.116876757144927979e+02	2.980000000000000071e+01
2.141506774425506592e+02	2.980000000000000071e+01
2.166121938228607178e+02	2.976000000000000156e+01
2.190750558376312256e+02	2.973000000000000043e+01
2.215385422706604004e+02	2.973000000000000043e+01
2.240009481906890869e+02	2.973000000000000043e+01
2.264631023406982422e+02	2.973000000000000043e+01
2.289262068271636963e+02	2.973000000000000043e+01
2.313880898952484131e+02	2.969999999999999929e+01
2.338507835865020752e+02	2.973000000000000043e+01
2.363133375644683838e+02	2.973000000000000043e+01
2.387755177021026611e+02	2.973000000000000043e+01
2.412379794120788574e+02	2.976000000000000156e+01
2.437013790607452393e+02	2.980000000000000071e+01
2.461631712913513184e+02	2.976000000000000156e+01
2.486263377666473389e+02	2.980000000000000071e+01
2.510885989665985107e+02	2.980000000000000071e+01
2.535511264801025391e+02	2.980000000000000071e+01
2.560130839347839355e+02	2.976000000000000156e+01
2.584761841297149658e+02	2.980000000000000071e+01
2.609391508102416992e+02	2.980000000000000071e+01
2.634017121791839600e+02	2.982999999999999829e+01
2.658631615638732910e+02	2.976000000000000156e+01
2.683272278308868408e+02	2.982999999999999829e+01
2.707895901203155518e+02	2.980000000000000071e+01
2.732521808147430420e+02	2.980000000000000071e+01
2.757143819332122803e+02	2.980000000000000071e+01
2.781774606704711914e+02	2.980000000000000071e+01
2.806403622627258301e+02	2.980000000000000071e+01
2.831023278236389160e+02	2.973000000000000043e+01
2.855650622844696045e+02	2.976000000000000156e+01
2.880269422531127930e+02	2.973000000000000043e+01
2.904899108409881592e+02	2.973000000000000043e+01
2.929524123668670654e+02	2.973000000000000043e+01
2.954150383472442627e+02	2.973000000000000043e+01
2.978770756721496582e+02	2.973000000000000043e+01
3.003394491672515869e+02	2.973000000000000043e+01
3.028032186031341553e+02	2.976000000000000156e+01
3.052650890350341797e+02	2.973000000000000043e+01
3.077279961109161377e+02	2.973000000000000043e+01
3.101898148059844971e+02	2.976000000000000156e+01
3.126531195640563965e+02	2.973000000000000043e+01
3.151151888370513916e+02	2.980000000000000071e+01
3.175783262252807617e+02	2.976000000000000156e+01
3.200402431488037109e+02	2.976000000000000156e+01
3.225034093856811523e+02	2.982999999999999829e+01
3.249656937122344971e+02	2.976000000000000156e+01
3.274284982681274414e+02	2.980000000000000071e+01
3.298912942409515381e+02	2.973000000000000043e+01
3.323532235622406006e+02	2.976000000000000156e+01
3.348158547878265381e+02	2.976000000000000156e+01
3.372782833576202393e+02	2.976000000000000156e+01
3.397413218021392822e+02	2.973000000000000043e+01
3.422032487392425537e+02	2.980000000000000071e+01
3.446665084362030029e+02	2.980000000000000071e+01
3.471290502548217773e+02	2.976000000000000156e+01
3.495913543701171875e+02	2.973000000000000043e+01
3.520542697906494141e+02	2.976000000000000156e+01
3.545166277885437012e+02	2.973000000000000043e+01
3.569792044162750244e+02	2.976000000000000156e+01
3.594422378540039062e+02	2.973000000000000043e+01
3.619040434360504150e+02	2.969999999999999929e+01
3.643670990467071533e+02	2.973000000000000043e+01
3.668292503356933594e+02	2.976000000000000156e+01
3.692922511100769043e+02	2.969999999999999929e+01
3.717549824714660645e+02	2.969999999999999929e+01
3.742168383598327637e+02	2.973000000000000043e+01
3.766802811622619629e+02	2.976000000000000156e+01
3.791430122852325439e+02	2.973000000000000043e+01
3.816053731441497803e+02	2.976000000000000156e+01
3.840681984424591064e+02	2.976000000000000156e+01
3.865303831100463867e+02	2.973000000000000043e+01
3.889927437305450439e+02	2.980000000000000071e+01
3.914556229114532471e+02	2.982999999999999829e+01
3.939179623126983643e+02	2.980000000000000071e+01
3.963810691833496094e+02	2.976000000000000156e+01
3.988431150913238525e+02	2.985999999999999943e+01
4.013056862354278564e+02	2.980000000000000071e+01
4.037677624225616455e+02	2.982999999999999829e+01
4.062303512096405029e+02	2.976000000000000156e+01
4.086938226222991943e+02	2.973000000000000043e+01
4.111552498340606689e+02	2.973000000000000043e+01
4.136180272102355957e+02	2.976000000000000156e+01
4.160807189941406250e+02	2.976000000000000156e+01
4.185440042018890381e+02	2.973000000000000043e+01
4.210060763359069824e+02	2.969999999999999929e+01
4.234689550399780273e+02	2.976000000000000156e+01
4.259310288429260254e+02	2.973000000000000043e+01
4.283941543102264404e+02	2.973000000000000043e+01
4.308567101955413818e+02	2.966000000000000014e+01
4.333190643787384033e+02	2.973000000000000043e+01
4.357819061279296875e+02	2.966000000000000014e+01
4.382435338497161865e+02	2.973000000000000043e+01
4.407067918777465820e+02	2.966000000000000014e+01
