# 20220727
# time			temp			
0.000000000000000000e+00	2.969999999999999929e+01
2.462152957916259766e+00	2.969999999999999929e+01
4.925475835800170898e+00	2.969999999999999929e+01
7.387621641159057617e+00	2.962999999999999901e+01
9.850195169448852539e+00	2.969999999999999929e+01
1.231237030029296875e+01	2.969999999999999929e+01
1.477451920509338379e+01	2.973000000000000043e+01
1.723692345619201660e+01	2.973000000000000043e+01
1.969939994812011719e+01	2.973000000000000043e+01
2.216187119483947754e+01	2.976000000000000156e+01
2.462519097328186035e+01	2.976000000000000156e+01
2.708739542961120605e+01	2.976000000000000156e+01
2.954944491386413574e+01	2.976000000000000156e+01
3.201104545593261719e+01	2.980000000000000071e+01
3.447471356391906738e+01	2.976000000000000156e+01
3.693700456619262695e+01	2.973000000000000043e+01
3.939970564842224121e+01	2.973000000000000043e+01
4.186165308952331543e+01	2.973000000000000043e+01
4.432465839385986328e+01	2.973000000000000043e+01
4.678745698928833008e+01	2.969999999999999929e+01
4.924932813644409180e+01	2.969999999999999929e+01
5.171161270141601562e+01	2.966000000000000014e+01
5.417402100563049316e+01	2.966000000000000014e+01
5.663646483421325684e+01	2.962999999999999901e+01
5.909949874877929688e+01	2.966000000000000014e+01
6.156178212165832520e+01	2.966000000000000014e+01
6.402408456802368164e+01	2.962999999999999901e+01
6.648577427864074707e+01	2.962999999999999901e+01
6.894849467277526855e+01	2.966000000000000014e+01
7.141193366050720215e+01	2.966000000000000014e+01
7.382837224006652832e+01	2.962999999999999901e+01
7.629050850868225098e+01	2.958999999999999986e+01
7.875323843955993652e+01	2.962999999999999901e+01
8.116902494430541992e+01	2.966000000000000014e+01
8.363217186927795410e+01	2.966000000000000014e+01
8.609417772293090820e+01	2.962999999999999901e+01
8.855758190155029297e+01	2.962999999999999901e+01
9.101935625076293945e+01	2.966000000000000014e+01
9.348209762573242188e+01	2.973000000000000043e+01
9.594519495964050293e+01	2.969999999999999929e+01
9.840740513801574707e+01	2.969999999999999929e+01
1.008690180778503418e+02	2.966000000000000014e+01
1.033318977355957031e+02	2.966000000000000014e+01
1.057938451766967773e+02	2.966000000000000014e+01
1.082571282386779785e+02	2.966000000000000014e+01
1.107199268341064453e+02	2.966000000000000014e+01
1.131817448139190674e+02	2.969999999999999929e+01
1.156451044082641602e+02	2.966000000000000014e+01
1.181077301502227783e+02	2.966000000000000014e+01
1.205698838233947754e+02	2.966000000000000014e+01
1.230324382781982422e+02	2.966000000000000014e+01
1.254949762821197510e+02	2.966000000000000014e+01
1.279582591056823730e+02	2.969999999999999929e+01
1.304201498031616211e+02	2.973000000000000043e+01
1.328823719024658203e+02	2.969999999999999929e+01
1.353455586433410645e+02	2.969999999999999929e+01
1.378084316253662109e+02	2.973000000000000043e+01
1.402706222534179688e+02	2.969999999999999929e+01
1.427332711219787598e+02	2.966000000000000014e+01
1.451950125694274902e+02	2.969999999999999929e+01
1.476582674980163574e+02	2.969999999999999929e+01
1.501203861236572266e+02	2.969999999999999929e+01
1.525833659172058105e+02	2.969999999999999929e+01
1.550461947917938232e+02	2.969999999999999929e+01
1.575080232620239258e+02	2.969999999999999929e+01
1.599711651802062988e+02	2.973000000000000043e+01
1.624333505630493164e+02	2.973000000000000043e+01
1.648957579135894775e+02	2.973000000000000043e+01
1.673588283061981201e+02	2.980000000000000071e+01
1.698216364383697510e+02	2.976000000000000156e+01
1.722835414409637451e+02	2.976000000000000156e+01
1.747469787597656250e+02	2.976000000000000156e+01
1.772084512710571289e+02	2.982999999999999829e+01
1.796714880466461182e+02	2.976000000000000156e+01
1.821341669559478760e+02	2.976000000000000156e+01
1.845972418785095215e+02	2.980000000000000071e+01
1.870596404075622559e+02	2.976000000000000156e+01
1.895221586227416992e+02	2.980000000000000071e+01
1.919845609664916992e+02	2.973000000000000043e+01
1.944476788043975830e+02	2.980000000000000071e+01
1.969101166725158691e+02	2.976000000000000156e+01
1.993727011680603027e+02	2.973000000000000043e+01
2.018348629474639893e+02	2.973000000000000043e+01
2.042972612380981445e+02	2.973000000000000043e+01
2.067601349353790283e+02	2.973000000000000043e+01
2.092222797870635986e+02	2.973000000000000043e+01
2.116850426197052002e+02	2.973000000000000043e+01
2.141471586227416992e+02	2.973000000000000043e+01
2.166097218990325928e+02	2.973000000000000043e+01
2.190725340843200684e+02	2.969999999999999929e+01
2.215351042747497559e+02	2.973000000000000043e+01
2.239980592727661133e+02	2.969999999999999929e+01
2.264596419334411621e+02	2.966000000000000014e+01
2.289226922988891602e+02	2.969999999999999929e+01
2.313849043846130371e+02	2.969999999999999929e+01
2.338476490974426270e+02	2.969999999999999929e+01
2.363110129833221436e+02	2.969999999999999929e+01
2.387737796306610107e+02	2.969999999999999929e+01
2.412361631393432617e+02	2.969999999999999929e+01
2.436982696056365967e+02	2.969999999999999929e+01
2.461606316566467285e+02	2.973000000000000043e+01
2.486230504512786865e+02	2.969999999999999929e+01
2.510866599082946777e+02	2.969999999999999929e+01
2.535490679740905762e+02	2.969999999999999929e+01
2.560112550258636475e+02	2.969999999999999929e+01
2.584740867614746094e+02	2.973000000000000043e+01
2.609358265399932861e+02	2.973000000000000043e+01
2.633990631103515625e+02	2.966000000000000014e+01
2.658607926368713379e+02	2.966000000000000014e+01
2.683239281177520752e+02	2.969999999999999929e+01
2.707858359813690186e+02	2.969999999999999929e+01
2.732484207153320312e+02	2.969999999999999929e+01
2.757112474441528320e+02	2.969999999999999929e+01
2.781733446121215820e+02	2.973000000000000043e+01
2.806363573074340820e+02	2.973000000000000043e+01
2.830988934040069580e+02	2.973000000000000043e+01
2.855616700649261475e+02	2.973000000000000043e+01
2.880241801738739014e+02	2.969999999999999929e+01
2.904867477416992188e+02	2.980000000000000071e+01
2.929494211673736572e+02	2.969999999999999929e+01
2.954120135307312012e+02	2.969999999999999929e+01
2.978747522830963135e+02	2.973000000000000043e+01
3.003365471363067627e+02	2.973000000000000043e+01
3.027991685867309570e+02	2.969999999999999929e+01
3.052620382308959961e+02	2.973000000000000043e+01
3.077253692150115967e+02	2.969999999999999929e+01
3.101863832473754883e+02	2.969999999999999929e+01
3.126495604515075684e+02	2.969999999999999929e+01
3.151118865013122559e+02	2.969999999999999929e+01
3.175755259990692139e+02	2.969999999999999929e+01
3.200373184680938721e+02	2.973000000000000043e+01
3.224999721050262451e+02	2.973000000000000043e+01
3.249621131420135498e+02	2.969999999999999929e+01
3.274255621433258057e+02	2.969999999999999929e+01
3.298877592086791992e+02	2.973000000000000043e+01
3.323503432273864746e+02	2.973000000000000043e+01
3.348124790191650391e+02	2.973000000000000043e+01
3.372755975723266602e+02	2.973000000000000043e+01
3.397381126880645752e+02	2.973000000000000043e+01
3.421995584964752197e+02	2.976000000000000156e+01
3.446632330417633057e+02	2.976000000000000156e+01
3.471256945133209229e+02	2.976000000000000156e+01
3.495882763862609863e+02	2.969999999999999929e+01
3.520504891872406006e+02	2.973000000000000043e+01
3.545131075382232666e+02	2.973000000000000043e+01
3.569760200977325439e+02	2.973000000000000043e+01
3.594386079311370850e+02	2.976000000000000156e+01
3.619010913372039795e+02	2.969999999999999929e+01
3.643640336990356445e+02	2.969999999999999929e+01
3.668267157077789307e+02	2.973000000000000043e+01
3.692879188060760498e+02	2.969999999999999929e+01
3.717516465187072754e+02	2.973000000000000043e+01
3.742133166790008545e+02	2.973000000000000043e+01
3.766769499778747559e+02	2.969999999999999929e+01
3.791381647586822510e+02	2.980000000000000071e+01
3.816008985042572021e+02	2.973000000000000043e+01
3.840633420944213867e+02	2.973000000000000043e+01
3.865264403820037842e+02	2.969999999999999929e+01
3.889885046482086182e+02	2.980000000000000071e+01
3.914512405395507812e+02	2.973000000000000043e+01
3.939136013984680176e+02	2.969999999999999929e+01
3.963771617412567139e+02	2.969999999999999929e+01
3.988392984867095947e+02	2.969999999999999929e+01
4.013016655445098877e+02	2.973000000000000043e+01
4.037637934684753418e+02	2.973000000000000043e+01
4.062265431880950928e+02	2.973000000000000043e+01
4.086898870468139648e+02	2.973000000000000043e+01
4.111513814926147461e+02	2.973000000000000043e+01
4.136142251491546631e+02	2.969999999999999929e+01
4.160775256156921387e+02	2.969999999999999929e+01
4.185394353866577148e+02	2.969999999999999929e+01
4.210017881393432617e+02	2.973000000000000043e+01
4.234649693965911865e+02	2.969999999999999929e+01
4.259270677566528320e+02	2.969999999999999929e+01
4.283896527290344238e+02	2.973000000000000043e+01
4.308525626659393311e+02	2.976000000000000156e+01
4.333147835731506348e+02	2.976000000000000156e+01
4.357769920825958252e+02	2.976000000000000156e+01
4.382398207187652588e+02	2.976000000000000156e+01
4.407030794620513916e+02	2.980000000000000071e+01
