# 20220727
# time			temp			
0.000000000000000000e+00	2.996999999999999886e+01
2.462949514389038086e+00	3.003000000000000114e+01
4.925838947296142578e+00	3.000000000000000000e+01
7.389281511306762695e+00	3.003000000000000114e+01
9.851991415023803711e+00	3.003000000000000114e+01
1.231396293640136719e+01	2.996999999999999886e+01
1.477635288238525391e+01	3.000000000000000000e+01
1.724018383026123047e+01	3.003000000000000114e+01
1.970170617103576660e+01	3.003000000000000114e+01
2.216525912284851074e+01	3.000000000000000000e+01
2.462830305099487305e+01	3.003000000000000114e+01
2.709074878692626953e+01	3.007000000000000028e+01
2.955303096771240234e+01	2.996999999999999886e+01
3.201537370681762695e+01	3.000000000000000000e+01
3.447832775115966797e+01	3.003000000000000114e+01
3.694023132324218750e+01	3.003000000000000114e+01
3.940383267402648926e+01	3.007000000000000028e+01
4.186645960807800293e+01	3.000000000000000000e+01
4.432890748977661133e+01	3.003000000000000114e+01
4.679133057594299316e+01	3.007000000000000028e+01
4.925319743156433105e+01	3.003000000000000114e+01
5.171718549728393555e+01	3.000000000000000000e+01
5.417972660064697266e+01	3.007000000000000028e+01
5.664240145683288574e+01	3.000000000000000000e+01
5.910433173179626465e+01	3.003000000000000114e+01
6.156732368469238281e+01	3.000000000000000000e+01
6.402998828887939453e+01	3.003000000000000114e+01
6.649234461784362793e+01	3.007000000000000028e+01
6.895529675483703613e+01	3.003000000000000114e+01
7.141813039779663086e+01	3.003000000000000114e+01
7.388056230545043945e+01	3.003000000000000114e+01
7.634338140487670898e+01	3.000000000000000000e+01
7.880538105964660645e+01	3.000000000000000000e+01
8.126840138435363770e+01	3.007000000000000028e+01
8.373102378845214844e+01	3.007000000000000028e+01
8.619425749778747559e+01	3.003000000000000114e+01
8.865632224082946777e+01	3.003000000000000114e+01
9.111867308616638184e+01	3.003000000000000114e+01
9.358088135719299316e+01	3.003000000000000114e+01
9.604419445991516113e+01	3.003000000000000114e+01
9.850650954246520996e+01	3.007000000000000028e+01
1.009691464900970459e+02	3.000000000000000000e+01
1.034323148727416992e+02	3.000000000000000000e+01
1.058953912258148193e+02	3.000000000000000000e+01
1.083573162555694580e+02	3.000000000000000000e+01
1.108205831050872803e+02	3.003000000000000114e+01
1.132828798294067383e+02	3.000000000000000000e+01
1.157448720932006836e+02	2.996999999999999886e+01
1.182086818218231201e+02	3.000000000000000000e+01
1.206716680526733398e+02	3.000000000000000000e+01
1.231345748901367188e+02	3.000000000000000000e+01
1.255971539020538330e+02	3.000000000000000000e+01
1.280596873760223389e+02	3.000000000000000000e+01
1.305213749408721924e+02	2.996999999999999886e+01
1.329851429462432861e+02	3.000000000000000000e+01
1.354470171928405762e+02	3.000000000000000000e+01
1.379096980094909668e+02	3.000000000000000000e+01
1.403723361492156982e+02	2.996999999999999886e+01
1.428355064392089844e+02	3.000000000000000000e+01
1.452975206375122070e+02	3.003000000000000114e+01
1.477610900402069092e+02	3.000000000000000000e+01
1.502234241962432861e+02	3.003000000000000114e+01
1.526856532096862793e+02	3.003000000000000114e+01
1.551488554477691650e+02	3.003000000000000114e+01
1.576116421222686768e+02	3.003000000000000114e+01
1.600744066238403320e+02	3.007000000000000028e+01
1.625363893508911133e+02	3.003000000000000114e+01
1.649996047019958496e+02	3.003000000000000114e+01
1.674615869522094727e+02	3.000000000000000000e+01
1.699245495796203613e+02	3.003000000000000114e+01
1.723867449760437012e+02	3.003000000000000114e+01
1.748499503135681152e+02	3.000000000000000000e+01
1.773124115467071533e+02	2.996999999999999886e+01
1.797754201889038086e+02	2.996999999999999886e+01
1.822374618053436279e+02	3.000000000000000000e+01
1.847010540962219238e+02	2.996999999999999886e+01
1.871630539894104004e+02	2.996999999999999886e+01
1.896256422996520996e+02	2.996999999999999886e+01
1.920879912376403809e+02	3.000000000000000000e+01
1.945513005256652832e+02	2.996999999999999886e+01
1.970137941837310791e+02	3.000000000000000000e+01
1.994770455360412598e+02	3.000000000000000000e+01
2.019396133422851562e+02	3.003000000000000114e+01
2.044020698070526123e+02	3.000000000000000000e+01
2.068645145893096924e+02	3.003000000000000114e+01
2.093273289203643799e+02	3.003000000000000114e+01
2.117901306152343750e+02	3.010000000000000142e+01
2.142529737949371338e+02	3.007000000000000028e+01
2.167143352031707764e+02	3.007000000000000028e+01
2.191773068904876709e+02	3.010000000000000142e+01
2.216405069828033447e+02	3.007000000000000028e+01
2.241032483577728271e+02	3.007000000000000028e+01
2.265651686191558838e+02	3.010000000000000142e+01
2.290281109809875488e+02	3.003000000000000114e+01
2.314909708499908447e+02	3.007000000000000028e+01
2.339533169269561768e+02	3.007000000000000028e+01
2.364162211418151855e+02	3.003000000000000114e+01
2.388788328170776367e+02	3.000000000000000000e+01
2.413410367965698242e+02	3.000000000000000000e+01
2.438042480945587158e+02	3.007000000000000028e+01
2.462662515640258789e+02	3.007000000000000028e+01
2.487290377616882324e+02	3.007000000000000028e+01
2.511913118362426758e+02	3.003000000000000114e+01
2.536539254188537598e+02	3.007000000000000028e+01
2.561164414882659912e+02	3.003000000000000114e+01
2.585791103839874268e+02	3.007000000000000028e+01
2.610421047210693359e+02	3.007000000000000028e+01
2.635044891834259033e+02	3.003000000000000114e+01
2.659672772884368896e+02	3.007000000000000028e+01
2.684294998645782471e+02	3.000000000000000000e+01
2.708929204940795898e+02	3.003000000000000114e+01
2.733554382324218750e+02	3.003000000000000114e+01
2.758184945583343506e+02	3.007000000000000028e+01
2.782804713249206543e+02	3.003000000000000114e+01
2.807431108951568604e+02	3.003000000000000114e+01
2.832059354782104492e+02	3.000000000000000000e+01
2.856683926582336426e+02	3.000000000000000000e+01
2.881310973167419434e+02	3.003000000000000114e+01
2.905944650173187256e+02	3.007000000000000028e+01
2.930567796230316162e+02	3.003000000000000114e+01
2.955194177627563477e+02	2.996999999999999886e+01
2.979823007583618164e+02	3.000000000000000000e+01
3.004452681541442871e+02	3.000000000000000000e+01
3.029072988033294678e+02	3.000000000000000000e+01
3.053703343868255615e+02	3.000000000000000000e+01
3.078332331180572510e+02	3.007000000000000028e+01
3.102956476211547852e+02	3.003000000000000114e+01
3.127575650215148926e+02	3.000000000000000000e+01
3.152214682102203369e+02	3.000000000000000000e+01
3.176838934421539307e+02	3.000000000000000000e+01
3.201466889381408691e+02	3.003000000000000114e+01
3.226093530654907227e+02	2.996999999999999886e+01
3.250716989040374756e+02	3.000000000000000000e+01
3.275351920127868652e+02	2.996999999999999886e+01
3.299972527027130127e+02	3.000000000000000000e+01
3.324593820571899414e+02	3.003000000000000114e+01
3.349221198558807373e+02	3.003000000000000114e+01
3.373855919837951660e+02	2.996999999999999886e+01
3.398476202487945557e+02	3.000000000000000000e+01
3.423104805946350098e+02	3.003000000000000114e+01
3.447734065055847168e+02	3.003000000000000114e+01
3.472359719276428223e+02	2.996999999999999886e+01
3.496985080242156982e+02	3.007000000000000028e+01
3.521604266166687012e+02	3.003000000000000114e+01
3.546243615150451660e+02	3.003000000000000114e+01
3.570864191055297852e+02	3.000000000000000000e+01
3.595494880676269531e+02	3.003000000000000114e+01
3.620119090080261230e+02	3.003000000000000114e+01
3.644751098155975342e+02	3.000000000000000000e+01
3.669376935958862305e+02	3.000000000000000000e+01
3.694006135463714600e+02	3.000000000000000000e+01
3.718625504970550537e+02	2.996999999999999886e+01
3.743253068923950195e+02	2.996999999999999886e+01
3.767878050804138184e+02	2.996999999999999886e+01
3.792508254051208496e+02	3.000000000000000000e+01
3.817139246463775635e+02	2.992999999999999972e+01
3.841761989593505859e+02	2.996999999999999886e+01
3.866389987468719482e+02	3.000000000000000000e+01
3.891019425392150879e+02	2.996999999999999886e+01
3.915637478828430176e+02	3.000000000000000000e+01
3.940271775722503662e+02	2.996999999999999886e+01
3.964897911548614502e+02	2.992999999999999972e+01
3.989521267414093018e+02	3.000000000000000000e+01
4.014142308235168457e+02	2.996999999999999886e+01
4.038772966861724854e+02	2.996999999999999886e+01
4.063396446704864502e+02	2.996999999999999886e+01
4.088025789260864258e+02	2.996999999999999886e+01
4.112651469707489014e+02	3.000000000000000000e+01
4.137283482551574707e+02	3.000000000000000000e+01
4.161906514167785645e+02	3.003000000000000114e+01
4.186539196968078613e+02	3.003000000000000114e+01
4.211163434982299805e+02	3.003000000000000114e+01
4.235785174369812012e+02	3.003000000000000114e+01
4.260421347618103027e+02	3.003000000000000114e+01
4.285048232078552246e+02	3.007000000000000028e+01
4.309668085575103760e+02	3.000000000000000000e+01
4.334301431179046631e+02	3.003000000000000114e+01
4.358924212455749512e+02	3.000000000000000000e+01
4.383543860912322998e+02	3.003000000000000114e+01
4.408174521923065186e+02	2.996999999999999886e+01
4.432800223827362061e+02	3.000000000000000000e+01
4.457432913780212402e+02	3.000000000000000000e+01
4.482060697078704834e+02	3.003000000000000114e+01
4.506687743663787842e+02	3.007000000000000028e+01
4.531305806636810303e+02	2.996999999999999886e+01
4.555938854217529297e+02	3.003000000000000114e+01
4.580564568042755127e+02	2.996999999999999886e+01
4.605188064575195312e+02	2.996999999999999886e+01
4.629815623760223389e+02	3.000000000000000000e+01
4.654450175762176514e+02	3.000000000000000000e+01
4.679073140621185303e+02	3.000000000000000000e+01
4.703694310188293457e+02	3.000000000000000000e+01
4.728319451808929443e+02	3.003000000000000114e+01
4.752945551872253418e+02	3.003000000000000114e+01
4.777576639652252197e+02	3.000000000000000000e+01
4.802210013866424561e+02	3.003000000000000114e+01
4.826836395263671875e+02	3.003000000000000114e+01
4.851457056999206543e+02	2.996999999999999886e+01
4.876082487106323242e+02	3.000000000000000000e+01
4.900715506076812744e+02	3.003000000000000114e+01
4.925339045524597168e+02	3.000000000000000000e+01
4.949968931674957275e+02	3.003000000000000114e+01
4.974598569869995117e+02	3.003000000000000114e+01
4.999224455356597900e+02	3.003000000000000114e+01
5.023843936920166016e+02	3.003000000000000114e+01
5.048477971553802490e+02	2.996999999999999886e+01
5.073102962970733643e+02	3.003000000000000114e+01
5.097727601528167725e+02	3.003000000000000114e+01
5.122349815368652344e+02	3.003000000000000114e+01
5.146976842880249023e+02	3.003000000000000114e+01
5.171600797176361084e+02	3.003000000000000114e+01
5.196230070590972900e+02	3.000000000000000000e+01
5.220863516330718994e+02	3.000000000000000000e+01
5.245482947826385498e+02	2.996999999999999886e+01
5.270110075473785400e+02	3.007000000000000028e+01
5.294745271205902100e+02	3.000000000000000000e+01
5.319364070892333984e+02	2.996999999999999886e+01
5.343996512889862061e+02	3.003000000000000114e+01
5.368627319335937500e+02	3.000000000000000000e+01
5.393243997097015381e+02	2.996999999999999886e+01
5.417871377468109131e+02	3.000000000000000000e+01
5.442503259181976318e+02	3.000000000000000000e+01
5.467135148048400879e+02	2.996999999999999886e+01
5.491754646301269531e+02	3.007000000000000028e+01
5.516383390426635742e+02	3.000000000000000000e+01
5.541012663841247559e+02	3.003000000000000114e+01
5.565639367103576660e+02	2.996999999999999886e+01
5.590268192291259766e+02	3.000000000000000000e+01
5.614892313480377197e+02	3.000000000000000000e+01
5.639518563747406006e+02	3.000000000000000000e+01
5.664139163494110107e+02	3.007000000000000028e+01
5.688767640590667725e+02	3.000000000000000000e+01
5.713398447036743164e+02	3.003000000000000114e+01
5.738024828433990479e+02	3.003000000000000114e+01
5.762646470069885254e+02	3.003000000000000114e+01
5.787274050712585449e+02	3.000000000000000000e+01
5.811909089088439941e+02	3.003000000000000114e+01
5.836536793708801270e+02	3.003000000000000114e+01
5.861155588626861572e+02	3.003000000000000114e+01
5.885785439014434814e+02	3.003000000000000114e+01
5.910407838821411133e+02	3.007000000000000028e+01
5.935037627220153809e+02	3.007000000000000028e+01
5.959665205478668213e+02	3.003000000000000114e+01
5.984292874336242676e+02	3.007000000000000028e+01
6.008912887573242188e+02	3.007000000000000028e+01
6.033542718887329102e+02	3.003000000000000114e+01
6.058168220520019531e+02	3.000000000000000000e+01
6.082797183990478516e+02	3.007000000000000028e+01
6.107419073581695557e+02	3.007000000000000028e+01
6.132048394680023193e+02	3.003000000000000114e+01
6.156673207283020020e+02	3.003000000000000114e+01
6.181297576427459717e+02	3.000000000000000000e+01
6.205929946899414062e+02	3.003000000000000114e+01
6.230552349090576172e+02	3.007000000000000028e+01
6.255178675651550293e+02	3.007000000000000028e+01
6.279800875186920166e+02	3.007000000000000028e+01
6.304433321952819824e+02	3.003000000000000114e+01
6.329059543609619141e+02	3.003000000000000114e+01
6.353683128356933594e+02	3.003000000000000114e+01
6.378310630321502686e+02	3.003000000000000114e+01
6.402938134670257568e+02	3.000000000000000000e+01
6.427565345764160156e+02	3.003000000000000114e+01
6.452194039821624756e+02	3.003000000000000114e+01
6.476818723678588867e+02	3.003000000000000114e+01
6.501443297863006592e+02	3.003000000000000114e+01
6.526071884632110596e+02	3.003000000000000114e+01
6.550696315765380859e+02	3.003000000000000114e+01
6.575322589874267578e+02	3.000000000000000000e+01
6.599953939914703369e+02	3.000000000000000000e+01
6.624569711685180664e+02	3.000000000000000000e+01
6.649197561740875244e+02	3.003000000000000114e+01
6.673835670948028564e+02	3.000000000000000000e+01
6.698454768657684326e+02	3.003000000000000114e+01
6.723079276084899902e+02	3.003000000000000114e+01
6.747708001136779785e+02	3.000000000000000000e+01
6.772342925071716309e+02	3.003000000000000114e+01
6.796958119869232178e+02	3.003000000000000114e+01
6.821594583988189697e+02	3.000000000000000000e+01
6.846219737529754639e+02	3.000000000000000000e+01
6.870846130847930908e+02	3.003000000000000114e+01
6.895471630096435547e+02	3.003000000000000114e+01
6.920102274417877197e+02	3.003000000000000114e+01
6.944726459980010986e+02	3.000000000000000000e+01
6.969356367588043213e+02	3.003000000000000114e+01
6.993978428840637207e+02	3.003000000000000114e+01
7.018609461784362793e+02	3.000000000000000000e+01
7.043229355812072754e+02	3.000000000000000000e+01
7.067860155105590820e+02	3.003000000000000114e+01
7.092483129501342773e+02	3.003000000000000114e+01
7.117109112739562988e+02	3.003000000000000114e+01
7.141737720966339111e+02	3.000000000000000000e+01
7.166371681690216064e+02	3.000000000000000000e+01
7.190990681648254395e+02	2.996999999999999886e+01
7.215616149902343750e+02	3.003000000000000114e+01
7.240246584415435791e+02	3.000000000000000000e+01
7.264869716167449951e+02	2.996999999999999886e+01
7.289496643543243408e+02	2.992999999999999972e+01
7.314122817516326904e+02	3.003000000000000114e+01
7.338753292560577393e+02	3.000000000000000000e+01
7.363384249210357666e+02	3.000000000000000000e+01
7.388011739253997803e+02	3.003000000000000114e+01
7.412637414932250977e+02	3.003000000000000114e+01
7.437259826660156250e+02	3.000000000000000000e+01
7.461892993450164795e+02	3.000000000000000000e+01
7.486506214141845703e+02	2.996999999999999886e+01
7.511137144565582275e+02	3.000000000000000000e+01
7.535771644115447998e+02	3.003000000000000114e+01
7.560393824577331543e+02	2.996999999999999886e+01
7.585024311542510986e+02	2.996999999999999886e+01
7.609654476642608643e+02	2.992999999999999972e+01
7.634276082515716553e+02	3.003000000000000114e+01
7.658902442455291748e+02	3.000000000000000000e+01
7.683525972366333008e+02	2.992999999999999972e+01
7.708159830570220947e+02	2.996999999999999886e+01
7.732783198356628418e+02	3.000000000000000000e+01
7.757415094375610352e+02	2.996999999999999886e+01
7.782031989097595215e+02	3.000000000000000000e+01
7.806666669845581055e+02	3.000000000000000000e+01
7.831286997795104980e+02	3.000000000000000000e+01
7.855914106369018555e+02	3.000000000000000000e+01
7.880540280342102051e+02	2.996999999999999886e+01
7.905173687934875488e+02	3.000000000000000000e+01
7.929797685146331787e+02	3.003000000000000114e+01
7.954430425167083740e+02	2.996999999999999886e+01
7.979053511619567871e+02	3.000000000000000000e+01
8.003679137229919434e+02	3.000000000000000000e+01
8.028310024738311768e+02	3.003000000000000114e+01
8.052935278415679932e+02	3.000000000000000000e+01
8.077562868595123291e+02	3.003000000000000114e+01
8.102185807228088379e+02	3.003000000000000114e+01
8.126806514263153076e+02	2.996999999999999886e+01
8.151436960697174072e+02	3.000000000000000000e+01
8.176064345836639404e+02	3.000000000000000000e+01
8.200692889690399170e+02	3.007000000000000028e+01
8.225319375991821289e+02	3.003000000000000114e+01
8.249946012496948242e+02	3.003000000000000114e+01
8.274574351310729980e+02	3.000000000000000000e+01
8.299193625450134277e+02	3.003000000000000114e+01
8.323832724094390869e+02	3.007000000000000028e+01
8.348459560871124268e+02	3.000000000000000000e+01
8.373073978424072266e+02	3.000000000000000000e+01
8.397703077793121338e+02	3.007000000000000028e+01
8.422336852550506592e+02	3.000000000000000000e+01
8.446961848735809326e+02	3.003000000000000114e+01
8.471580398082733154e+02	3.003000000000000114e+01
8.496213567256927490e+02	3.000000000000000000e+01
8.520829687118530273e+02	3.000000000000000000e+01
8.545467636585235596e+02	3.003000000000000114e+01
8.570095324516296387e+02	3.007000000000000028e+01
8.594713129997253418e+02	3.003000000000000114e+01
8.619347906112670898e+02	3.007000000000000028e+01
8.643969204425811768e+02	3.000000000000000000e+01
8.668603396415710449e+02	3.003000000000000114e+01
8.693224792480468750e+02	3.003000000000000114e+01
8.717852809429168701e+02	3.003000000000000114e+01
8.742473535537719727e+02	3.003000000000000114e+01
8.767095704078674316e+02	3.003000000000000114e+01
8.791728510856628418e+02	3.000000000000000000e+01
8.816357843875885010e+02	3.007000000000000028e+01
8.840983500480651855e+02	3.003000000000000114e+01
8.865615177154541016e+02	3.007000000000000028e+01
8.890230517387390137e+02	3.007000000000000028e+01
8.914857649803161621e+02	3.003000000000000114e+01
8.939489662647247314e+02	3.007000000000000028e+01
8.964116442203521729e+02	3.003000000000000114e+01
8.988744931221008301e+02	3.000000000000000000e+01
9.013369448184967041e+02	3.003000000000000114e+01
9.037992641925811768e+02	3.007000000000000028e+01
9.062623574733734131e+02	3.003000000000000114e+01
9.087245793342590332e+02	3.000000000000000000e+01
9.111873686313629150e+02	3.003000000000000114e+01
9.136502246856689453e+02	3.000000000000000000e+01
9.161133198738098145e+02	3.000000000000000000e+01
9.185758533477783203e+02	3.000000000000000000e+01
9.210378429889678955e+02	3.000000000000000000e+01
9.235012726783752441e+02	3.003000000000000114e+01
9.259639759063720703e+02	3.000000000000000000e+01
9.284260308742523193e+02	3.000000000000000000e+01
9.308887770175933838e+02	3.003000000000000114e+01
9.333514564037322998e+02	3.003000000000000114e+01
9.358140945434570312e+02	3.000000000000000000e+01
9.382770133018493652e+02	3.000000000000000000e+01
9.407400317192077637e+02	3.000000000000000000e+01
9.432023000717163086e+02	3.000000000000000000e+01
9.456654703617095947e+02	3.003000000000000114e+01
9.481270682811737061e+02	3.003000000000000114e+01
9.505902724266052246e+02	3.007000000000000028e+01
9.530523872375488281e+02	3.000000000000000000e+01
9.555156376361846924e+02	3.000000000000000000e+01
9.579779467582702637e+02	3.003000000000000114e+01
9.604407489299774170e+02	3.003000000000000114e+01
9.629036750793457031e+02	3.007000000000000028e+01
9.653656072616577148e+02	3.003000000000000114e+01
9.678284673690795898e+02	3.003000000000000114e+01
9.702918815612792969e+02	3.000000000000000000e+01
9.727538139820098877e+02	3.000000000000000000e+01
9.752166612148284912e+02	3.003000000000000114e+01
9.776790621280670166e+02	3.000000000000000000e+01
9.801420617103576660e+02	3.007000000000000028e+01
9.826047654151916504e+02	3.000000000000000000e+01
9.850678586959838867e+02	3.003000000000000114e+01
9.875297691822052002e+02	3.000000000000000000e+01
9.899922888278961182e+02	3.003000000000000114e+01
9.924558620452880859e+02	3.000000000000000000e+01
9.949178113937377930e+02	3.003000000000000114e+01
9.973802430629730225e+02	3.000000000000000000e+01
9.998438017368316650e+02	2.996999999999999886e+01
1.002306546211242676e+03	2.996999999999999886e+01
1.004768117189407349e+03	3.000000000000000000e+01
1.007231466770172119e+03	3.000000000000000000e+01
1.009693282365798950e+03	3.003000000000000114e+01
1.012156818628311157e+03	3.000000000000000000e+01
1.014619443655014038e+03	3.000000000000000000e+01
1.017082832336425781e+03	3.000000000000000000e+01
1.019544619321823120e+03	3.000000000000000000e+01
1.022007787227630615e+03	3.000000000000000000e+01
1.024470793724060059e+03	3.000000000000000000e+01
1.026932580947875977e+03	2.996999999999999886e+01
1.029395405292510986e+03	3.000000000000000000e+01
1.031857760190963745e+03	3.000000000000000000e+01
1.034320531606674194e+03	3.003000000000000114e+01
1.036783633708953857e+03	3.003000000000000114e+01
1.039246428728103638e+03	2.996999999999999886e+01
1.041708989858627319e+03	2.996999999999999886e+01
1.044171700477600098e+03	3.000000000000000000e+01
1.046635139942169189e+03	2.996999999999999886e+01
1.049097347736358643e+03	2.992999999999999972e+01
1.051560474634170532e+03	2.996999999999999886e+01
1.054022236347198486e+03	3.000000000000000000e+01
1.056485363006591797e+03	2.996999999999999886e+01
1.058947777986526489e+03	2.996999999999999886e+01
1.061410970926284790e+03	3.003000000000000114e+01
1.063873199224472046e+03	3.000000000000000000e+01
1.066336410999298096e+03	3.000000000000000000e+01
1.068798978805541992e+03	3.003000000000000114e+01
1.071261548995971680e+03	3.000000000000000000e+01
1.073724436283111572e+03	2.996999999999999886e+01
1.076186548709869385e+03	3.003000000000000114e+01
1.078648876667022705e+03	3.003000000000000114e+01
1.081111667394638062e+03	3.007000000000000028e+01
1.083574796676635742e+03	3.000000000000000000e+01
1.086037426710128784e+03	3.003000000000000114e+01
1.088500390529632568e+03	3.003000000000000114e+01
1.090962753057479858e+03	3.003000000000000114e+01
1.093424893856048584e+03	3.003000000000000114e+01
1.095888386964797974e+03	3.003000000000000114e+01
1.098350406408309937e+03	3.003000000000000114e+01
1.100813388586044312e+03	3.003000000000000114e+01
1.103275755167007446e+03	3.003000000000000114e+01
1.105739007949829102e+03	3.000000000000000000e+01
1.108202004194259644e+03	3.003000000000000114e+01
1.110664239645004272e+03	3.003000000000000114e+01
1.113127098560333252e+03	3.003000000000000114e+01
1.115589608669281006e+03	2.996999999999999886e+01
1.118052464008331299e+03	2.996999999999999886e+01
1.120515423774719238e+03	3.000000000000000000e+01
1.122977518796920776e+03	2.992999999999999972e+01
1.125439688920974731e+03	2.992999999999999972e+01
1.127903141975402832e+03	2.989999999999999858e+01
1.130365396976470947e+03	2.992999999999999972e+01
1.132827216863632202e+03	2.985999999999999943e+01
1.135290752172470093e+03	2.985999999999999943e+01
1.137753345966339111e+03	2.985999999999999943e+01
1.140215611934661865e+03	2.985999999999999943e+01
1.142678148269653320e+03	2.985999999999999943e+01
1.145141416788101196e+03	2.982999999999999829e+01
1.147603314399719238e+03	2.989999999999999858e+01
1.150066842555999756e+03	2.985999999999999943e+01
1.152529557704925537e+03	2.982999999999999829e+01
1.154992207527160645e+03	2.982999999999999829e+01
1.157454583406448364e+03	2.985999999999999943e+01
1.159916332006454468e+03	2.985999999999999943e+01
1.162379052639007568e+03	2.985999999999999943e+01
1.164842545270919800e+03	2.985999999999999943e+01
1.167304636716842651e+03	2.985999999999999943e+01
1.169767673254013062e+03	2.985999999999999943e+01
1.172229979753494263e+03	2.982999999999999829e+01
1.174692967891693115e+03	2.985999999999999943e+01
1.177154685020446777e+03	2.985999999999999943e+01
1.179617707252502441e+03	2.985999999999999943e+01
1.182080038547515869e+03	2.982999999999999829e+01
1.184542806625366211e+03	2.989999999999999858e+01
1.187005478620529175e+03	2.989999999999999858e+01
1.189468719720840454e+03	2.992999999999999972e+01
1.191931403636932373e+03	2.989999999999999858e+01
1.194392889261245728e+03	2.985999999999999943e+01
1.196855572223663330e+03	2.989999999999999858e+01
1.199319185972213745e+03	2.985999999999999943e+01
1.201781027317047119e+03	2.989999999999999858e+01
1.204243659257888794e+03	2.989999999999999858e+01
1.206706868886947632e+03	2.989999999999999858e+01
1.209169782161712646e+03	2.989999999999999858e+01
1.211632075548171997e+03	2.989999999999999858e+01
1.214094204902648926e+03	2.989999999999999858e+01
1.216557256460189819e+03	2.989999999999999858e+01
1.219019496202468872e+03	2.989999999999999858e+01
1.221482210874557495e+03	2.989999999999999858e+01
1.223945185899734497e+03	2.982999999999999829e+01
1.226406878948211670e+03	2.985999999999999943e+01
1.228869603633880615e+03	2.985999999999999943e+01
1.231333437919616699e+03	2.985999999999999943e+01
1.233795544147491455e+03	2.982999999999999829e+01
1.236258240222930908e+03	2.982999999999999829e+01
1.238720526933670044e+03	2.985999999999999943e+01
1.241183051109313965e+03	2.989999999999999858e+01
1.243646446466445923e+03	2.985999999999999943e+01
1.246108827590942383e+03	2.982999999999999829e+01
1.248570568799972534e+03	2.985999999999999943e+01
1.251033173084259033e+03	2.982999999999999829e+01
1.253496337175369263e+03	2.982999999999999829e+01
1.255958365917205811e+03	2.980000000000000071e+01
1.258421472549438477e+03	2.980000000000000071e+01
1.260883898973464966e+03	2.980000000000000071e+01
1.263345921754837036e+03	2.982999999999999829e+01
1.265809490203857422e+03	2.980000000000000071e+01
1.268271604061126709e+03	2.976000000000000156e+01
1.270734296560287476e+03	2.982999999999999829e+01
1.273196489095687866e+03	2.976000000000000156e+01
1.275659739017486572e+03	2.980000000000000071e+01
1.278122548580169678e+03	2.982999999999999829e+01
1.280584799766540527e+03	2.985999999999999943e+01
1.283047940969467163e+03	2.985999999999999943e+01
1.285510146856307983e+03	2.982999999999999829e+01
1.287972623109817505e+03	2.982999999999999829e+01
1.290434760808944702e+03	2.985999999999999943e+01
1.292896908044815063e+03	2.985999999999999943e+01
1.295360665321350098e+03	2.982999999999999829e+01
1.297822619676589966e+03	2.980000000000000071e+01
1.300285777091979980e+03	2.985999999999999943e+01
1.302747673511505127e+03	2.980000000000000071e+01
1.305211168766021729e+03	2.980000000000000071e+01
1.307673173904418945e+03	2.982999999999999829e+01
1.310135333776473999e+03	2.982999999999999829e+01
1.312598518371582031e+03	2.980000000000000071e+01
1.315060704708099365e+03	2.976000000000000156e+01
1.317524106979370117e+03	2.982999999999999829e+01
1.319986879348754883e+03	2.980000000000000071e+01
1.322449364900588989e+03	2.980000000000000071e+01
1.324910951852798462e+03	2.982999999999999829e+01
1.327374269247055054e+03	2.985999999999999943e+01
1.329836972236633301e+03	2.989999999999999858e+01
1.332299744606018066e+03	2.985999999999999943e+01
1.334762252569198608e+03	2.985999999999999943e+01
1.337224941253662109e+03	2.985999999999999943e+01
1.339686965942382812e+03	2.985999999999999943e+01
1.342149787902832031e+03	2.985999999999999943e+01
1.344613032579421997e+03	2.985999999999999943e+01
1.347074716567993164e+03	2.989999999999999858e+01
1.349538201808929443e+03	2.982999999999999829e+01
1.352001008987426758e+03	2.982999999999999829e+01
1.354462467193603516e+03	2.982999999999999829e+01
1.356925788164138794e+03	2.989999999999999858e+01
1.359387833595275879e+03	2.989999999999999858e+01
1.361850492715835571e+03	2.985999999999999943e+01
1.364313087463378906e+03	2.985999999999999943e+01
1.366776004791259766e+03	2.985999999999999943e+01
1.369238287925720215e+03	2.982999999999999829e+01
1.371701289176940918e+03	2.982999999999999829e+01
1.374163981437683105e+03	2.982999999999999829e+01
1.376626327514648438e+03	2.985999999999999943e+01
1.379088522195816040e+03	2.985999999999999943e+01
1.381551956176757812e+03	2.982999999999999829e+01
1.384013478279113770e+03	2.982999999999999829e+01
1.386476974248886108e+03	2.982999999999999829e+01
1.388939514398574829e+03	2.982999999999999829e+01
1.391402478933334351e+03	2.985999999999999943e+01
1.393864832162857056e+03	2.985999999999999943e+01
1.396327737092971802e+03	2.982999999999999829e+01
1.398790084123611450e+03	2.985999999999999943e+01
1.401252659559249878e+03	2.985999999999999943e+01
1.403715258836746216e+03	2.985999999999999943e+01
1.406178096771240234e+03	2.982999999999999829e+01
1.408640077829360962e+03	2.985999999999999943e+01
1.411103089094161987e+03	2.982999999999999829e+01
1.413565052270889282e+03	2.985999999999999943e+01
1.416027548789978027e+03	2.982999999999999829e+01
1.418490989685058594e+03	2.985999999999999943e+01
1.420952800750732422e+03	2.985999999999999943e+01
1.423416261434555054e+03	2.985999999999999943e+01
1.425877949476242065e+03	2.985999999999999943e+01
1.428341265678405762e+03	2.982999999999999829e+01
1.430804108858108521e+03	2.985999999999999943e+01
1.433265827417373657e+03	2.982999999999999829e+01
1.435728339910507202e+03	2.985999999999999943e+01
1.438191645145416260e+03	2.982999999999999829e+01
1.440653764486312866e+03	2.985999999999999943e+01
1.443116122722625732e+03	2.982999999999999829e+01
1.445578927278518677e+03	2.982999999999999829e+01
1.448041963577270508e+03	2.982999999999999829e+01
1.450504069566726685e+03	2.980000000000000071e+01
1.452966935396194458e+03	2.985999999999999943e+01
1.455429723501205444e+03	2.982999999999999829e+01
1.457892614841461182e+03	2.985999999999999943e+01
1.460354528903961182e+03	2.985999999999999943e+01
1.462817226648330688e+03	2.982999999999999829e+01
1.465280332088470459e+03	2.982999999999999829e+01
1.467742538928985596e+03	2.982999999999999829e+01
1.470205270767211914e+03	2.985999999999999943e+01
1.472667195558547974e+03	2.985999999999999943e+01
1.475130780696868896e+03	2.982999999999999829e+01
