# 20220727
# time			temp			
0.000000000000000000e+00	2.980000000000000071e+01
2.463133335113525391e+00	2.980000000000000071e+01
4.925376176834106445e+00	2.980000000000000071e+01
7.387856960296630859e+00	2.980000000000000071e+01
9.850557327270507812e+00	2.982999999999999829e+01
1.231362867355346680e+01	2.982999999999999829e+01
1.477610611915588379e+01	2.982999999999999829e+01
1.723850584030151367e+01	2.980000000000000071e+01
1.970111322402954102e+01	2.982999999999999829e+01
2.216405892372131348e+01	2.982999999999999829e+01
2.462602972984313965e+01	2.980000000000000071e+01
2.708890318870544434e+01	2.980000000000000071e+01
2.955156588554382324e+01	2.976000000000000156e+01
3.201367521286010742e+01	2.980000000000000071e+01
3.447590708732604980e+01	2.980000000000000071e+01
3.693880820274353027e+01	2.980000000000000071e+01
3.940213608741760254e+01	2.976000000000000156e+01
4.186410903930664062e+01	2.976000000000000156e+01
4.432682824134826660e+01	2.976000000000000156e+01
4.678874611854553223e+01	2.976000000000000156e+01
4.925244641304016113e+01	2.980000000000000071e+01
5.171493196487426758e+01	2.976000000000000156e+01
5.417679095268249512e+01	2.980000000000000071e+01
5.663974452018737793e+01	2.980000000000000071e+01
5.910214853286743164e+01	2.982999999999999829e+01
6.156493735313415527e+01	2.982999999999999829e+01
6.402705168724060059e+01	2.982999999999999829e+01
6.648962855339050293e+01	2.982999999999999829e+01
6.895313239097595215e+01	2.982999999999999829e+01
7.141584873199462891e+01	2.982999999999999829e+01
7.387799143791198730e+01	2.980000000000000071e+01
7.634043788909912109e+01	2.980000000000000071e+01
7.880339598655700684e+01	2.976000000000000156e+01
8.126591658592224121e+01	2.976000000000000156e+01
8.372793149948120117e+01	2.980000000000000071e+01
8.619080233573913574e+01	2.973000000000000043e+01
8.865379381179809570e+01	2.973000000000000043e+01
9.111573600769042969e+01	2.976000000000000156e+01
9.357862114906311035e+01	2.973000000000000043e+01
9.604160237312316895e+01	2.976000000000000156e+01
9.850339341163635254e+01	2.969999999999999929e+01
1.009656505584716797e+02	2.976000000000000156e+01
1.034286010265350342e+02	2.973000000000000043e+01
1.058917858600616455e+02	2.976000000000000156e+01
1.083538184165954590e+02	2.973000000000000043e+01
1.108168959617614746e+02	2.980000000000000071e+01
1.132795608043670654e+02	2.980000000000000071e+01
1.157418026924133301e+02	2.982999999999999829e+01
1.182046697139739990e+02	2.985999999999999943e+01
1.206668515205383301e+02	2.985999999999999943e+01
1.231297500133514404e+02	2.985999999999999943e+01
1.255929582118988037e+02	2.985999999999999943e+01
1.280546967983245850e+02	2.982999999999999829e+01
1.305179705619812012e+02	2.985999999999999943e+01
1.329799647331237793e+02	2.982999999999999829e+01
1.354429242610931396e+02	2.985999999999999943e+01
1.379049003124237061e+02	2.982999999999999829e+01
1.403680975437164307e+02	2.982999999999999829e+01
1.428301258087158203e+02	2.982999999999999829e+01
1.452935032844543457e+02	2.980000000000000071e+01
1.477552950382232666e+02	2.976000000000000156e+01
1.502178342342376709e+02	2.985999999999999943e+01
1.526805114746093750e+02	2.976000000000000156e+01
1.551435980796813965e+02	2.980000000000000071e+01
1.576057624816894531e+02	2.976000000000000156e+01
1.600686132907867432e+02	2.980000000000000071e+01
1.625306265354156494e+02	2.976000000000000156e+01
1.649938006401062012e+02	2.976000000000000156e+01
1.674569230079650879e+02	2.976000000000000156e+01
1.699186797142028809e+02	2.976000000000000156e+01
1.723812496662139893e+02	2.976000000000000156e+01
1.748443634510040283e+02	2.976000000000000156e+01
1.773067564964294434e+02	2.976000000000000156e+01
1.797697095870971680e+02	2.980000000000000071e+01
1.822316961288452148e+02	2.980000000000000071e+01
1.846945476531982422e+02	2.985999999999999943e+01
1.871566920280456543e+02	2.985999999999999943e+01
1.896196756362915039e+02	2.982999999999999829e+01
1.920828909873962402e+02	2.982999999999999829e+01
1.945451574325561523e+02	2.980000000000000071e+01
1.970074641704559326e+02	2.980000000000000071e+01
1.994694731235504150e+02	2.980000000000000071e+01
2.019327533245086670e+02	2.976000000000000156e+01
2.043959069252014160e+02	2.980000000000000071e+01
2.068576974868774414e+02	2.980000000000000071e+01
2.093208456039428711e+02	2.976000000000000156e+01
2.117827622890472412e+02	2.976000000000000156e+01
2.142455353736877441e+02	2.980000000000000071e+01
2.167075030803680420e+02	2.976000000000000156e+01
2.191710808277130127e+02	2.976000000000000156e+01
2.216330201625823975e+02	2.980000000000000071e+01
2.240956854820251465e+02	2.980000000000000071e+01
2.265577709674835205e+02	2.982999999999999829e+01
2.290207126140594482e+02	2.982999999999999829e+01
2.314838371276855469e+02	2.982999999999999829e+01
2.339457030296325684e+02	2.982999999999999829e+01
2.364087214469909668e+02	2.976000000000000156e+01
2.388712050914764404e+02	2.980000000000000071e+01
2.413341269493103027e+02	2.976000000000000156e+01
2.437968268394470215e+02	2.980000000000000071e+01
2.462597525119781494e+02	2.980000000000000071e+01
2.487211072444915771e+02	2.980000000000000071e+01
2.511848111152648926e+02	2.976000000000000156e+01
2.536473040580749512e+02	2.976000000000000156e+01
2.561093308925628662e+02	2.980000000000000071e+01
2.585721666812896729e+02	2.976000000000000156e+01
2.610346393585205078e+02	2.980000000000000071e+01
2.634973537921905518e+02	2.980000000000000071e+01
2.659598097801208496e+02	2.980000000000000071e+01
2.684226946830749512e+02	2.980000000000000071e+01
2.708856236934661865e+02	2.980000000000000071e+01
2.733480780124664307e+02	2.980000000000000071e+01
2.758105466365814209e+02	2.976000000000000156e+01
2.782727947235107422e+02	2.980000000000000071e+01
2.807355637550354004e+02	2.976000000000000156e+01
2.831984076499938965e+02	2.976000000000000156e+01
2.856608974933624268e+02	2.976000000000000156e+01
2.881231579780578613e+02	2.976000000000000156e+01
2.905854532718658447e+02	2.980000000000000071e+01
2.930478358268737793e+02	2.980000000000000071e+01
2.955106446743011475e+02	2.980000000000000071e+01
2.979734799861907959e+02	2.980000000000000071e+01
3.004365286827087402e+02	2.976000000000000156e+01
3.028982691764831543e+02	2.976000000000000156e+01
3.053619277477264404e+02	2.973000000000000043e+01
3.078236322402954102e+02	2.980000000000000071e+01
3.102868342399597168e+02	2.976000000000000156e+01
3.127489812374114990e+02	2.976000000000000156e+01
3.152117865085601807e+02	2.976000000000000156e+01
3.176743848323822021e+02	2.976000000000000156e+01
3.201368765830993652e+02	2.976000000000000156e+01
3.225988957881927490e+02	2.980000000000000071e+01
3.250623674392700195e+02	2.973000000000000043e+01
3.275246229171752930e+02	2.976000000000000156e+01
3.299871973991394043e+02	2.980000000000000071e+01
3.324503085613250732e+02	2.980000000000000071e+01
3.349126760959625244e+02	2.976000000000000156e+01
3.373750755786895752e+02	2.976000000000000156e+01
3.398379569053649902e+02	2.976000000000000156e+01
3.422998373508453369e+02	2.980000000000000071e+01
3.447630574703216553e+02	2.976000000000000156e+01
3.472256708145141602e+02	2.976000000000000156e+01
3.496878228187561035e+02	2.976000000000000156e+01
3.521504869461059570e+02	2.982999999999999829e+01
3.546135125160217285e+02	2.982999999999999829e+01
3.570752899646759033e+02	2.982999999999999829e+01
3.595386741161346436e+02	2.980000000000000071e+01
3.620014820098876953e+02	2.980000000000000071e+01
3.644634826183319092e+02	2.976000000000000156e+01
3.669264962673187256e+02	2.973000000000000043e+01
3.693889527320861816e+02	2.976000000000000156e+01
3.718512632846832275e+02	2.976000000000000156e+01
3.743144273757934570e+02	2.976000000000000156e+01
3.767760245800018311e+02	2.973000000000000043e+01
3.792390723228454590e+02	2.973000000000000043e+01
3.817016315460205078e+02	2.976000000000000156e+01
3.841640892028808594e+02	2.980000000000000071e+01
3.866257059574127197e+02	2.980000000000000071e+01
3.890893509387969971e+02	2.980000000000000071e+01
3.915517048835754395e+02	2.980000000000000071e+01
3.940143406391143799e+02	2.982999999999999829e+01
3.964774966239929199e+02	2.982999999999999829e+01
3.989394593238830566e+02	2.980000000000000071e+01
4.014027001857757568e+02	2.976000000000000156e+01
4.038652431964874268e+02	2.976000000000000156e+01
4.063275988101959229e+02	2.976000000000000156e+01
4.087903108596801758e+02	2.976000000000000156e+01
4.112528278827667236e+02	2.973000000000000043e+01
4.137148895263671875e+02	2.973000000000000043e+01
4.161774568557739258e+02	2.973000000000000043e+01
4.186398794651031494e+02	2.976000000000000156e+01
4.211035022735595703e+02	2.976000000000000156e+01
4.235654771327972412e+02	2.976000000000000156e+01
4.260281686782836914e+02	2.980000000000000071e+01
4.284906837940216064e+02	2.980000000000000071e+01
4.309537770748138428e+02	2.980000000000000071e+01
4.334156811237335205e+02	2.982999999999999829e+01
4.358779881000518799e+02	2.982999999999999829e+01
4.383410408496856689e+02	2.980000000000000071e+01
4.408038372993469238e+02	2.980000000000000071e+01
4.432671256065368652e+02	2.980000000000000071e+01
4.457296447753906250e+02	2.976000000000000156e+01
4.481917483806610107e+02	2.976000000000000156e+01
4.506539268493652344e+02	2.976000000000000156e+01
4.531166114807128906e+02	2.973000000000000043e+01
4.555791416168212891e+02	2.976000000000000156e+01
4.580414357185363770e+02	2.973000000000000043e+01
4.605044932365417480e+02	2.976000000000000156e+01
4.629672873020172119e+02	2.976000000000000156e+01
4.654300932884216309e+02	2.980000000000000071e+01
4.678917944431304932e+02	2.973000000000000043e+01
4.703543784618377686e+02	2.980000000000000071e+01
4.728169939517974854e+02	2.982999999999999829e+01
4.752805738449096680e+02	2.980000000000000071e+01
4.777430093288421631e+02	2.980000000000000071e+01
4.802054343223571777e+02	2.985999999999999943e+01
4.826678757667541504e+02	2.982999999999999829e+01
4.851301407814025879e+02	2.980000000000000071e+01
4.875931403636932373e+02	2.980000000000000071e+01
4.900559787750244141e+02	2.980000000000000071e+01
4.925180804729461670e+02	2.980000000000000071e+01
4.949807891845703125e+02	2.976000000000000156e+01
4.974436872005462646e+02	2.973000000000000043e+01
4.999059038162231445e+02	2.976000000000000156e+01
5.023692469596862793e+02	2.976000000000000156e+01
5.048317108154296875e+02	2.976000000000000156e+01
5.072932467460632324e+02	2.976000000000000156e+01
5.097566061019897461e+02	2.980000000000000071e+01
5.122189984321594238e+02	2.976000000000000156e+01
5.146815993785858154e+02	2.980000000000000071e+01
5.171440348625183105e+02	2.982999999999999829e+01
5.196063272953033447e+02	2.982999999999999829e+01
5.220696032047271729e+02	2.982999999999999829e+01
5.245319371223449707e+02	2.982999999999999829e+01
5.269941475391387939e+02	2.980000000000000071e+01
5.294566972255706787e+02	2.982999999999999829e+01
5.319196159839630127e+02	2.980000000000000071e+01
5.343824574947357178e+02	2.980000000000000071e+01
5.368439931869506836e+02	2.980000000000000071e+01
5.393079497814178467e+02	2.976000000000000156e+01
5.417700085639953613e+02	2.980000000000000071e+01
5.442324631214141846e+02	2.973000000000000043e+01
5.466957435607910156e+02	2.973000000000000043e+01
5.491577694416046143e+02	2.976000000000000156e+01
5.516204195022583008e+02	2.976000000000000156e+01
5.540830905437469482e+02	2.976000000000000156e+01
5.565450892448425293e+02	2.976000000000000156e+01
5.590076174736022949e+02	2.980000000000000071e+01
5.614706380367279053e+02	2.980000000000000071e+01
5.639334702491760254e+02	2.982999999999999829e+01
5.663956568241119385e+02	2.982999999999999829e+01
5.688587825298309326e+02	2.982999999999999829e+01
5.713216562271118164e+02	2.985999999999999943e+01
5.737835304737091064e+02	2.985999999999999943e+01
5.762459495067596436e+02	2.985999999999999943e+01
5.787084693908691406e+02	2.985999999999999943e+01
5.811717903614044189e+02	2.982999999999999829e+01
5.836344501972198486e+02	2.980000000000000071e+01
5.860964696407318115e+02	2.982999999999999829e+01
5.885598909854888916e+02	2.980000000000000071e+01
5.910219411849975586e+02	2.980000000000000071e+01
5.934849615097045898e+02	2.976000000000000156e+01
5.959468133449554443e+02	2.976000000000000156e+01
5.984091742038726807e+02	2.976000000000000156e+01
6.008723368644714355e+02	2.976000000000000156e+01
6.033348307609558105e+02	2.973000000000000043e+01
6.057978262901306152e+02	2.980000000000000071e+01
6.082599239349365234e+02	2.973000000000000043e+01
6.107221589088439941e+02	2.976000000000000156e+01
6.131850900650024414e+02	2.976000000000000156e+01
6.156480691432952881e+02	2.976000000000000156e+01
6.181103575229644775e+02	2.980000000000000071e+01
6.205726327896118164e+02	2.980000000000000071e+01
6.230356733798980713e+02	2.980000000000000071e+01
6.254975981712341309e+02	2.982999999999999829e+01
6.279601547718048096e+02	2.980000000000000071e+01
6.304230453968048096e+02	2.982999999999999829e+01
6.328857984542846680e+02	2.982999999999999829e+01
6.353488028049468994e+02	2.985999999999999943e+01
6.378113205432891846e+02	2.980000000000000071e+01
6.402734520435333252e+02	2.982999999999999829e+01
6.427361955642700195e+02	2.976000000000000156e+01
6.451983995437622070e+02	2.976000000000000156e+01
6.476613988876342773e+02	2.976000000000000156e+01
6.501236946582794189e+02	2.973000000000000043e+01
6.525864484310150146e+02	2.976000000000000156e+01
6.550493180751800537e+02	2.976000000000000156e+01
6.575113954544067383e+02	2.976000000000000156e+01
6.599740965366363525e+02	2.976000000000000156e+01
6.624363360404968262e+02	2.973000000000000043e+01
6.648991432189941406e+02	2.976000000000000156e+01
6.673610613346099854e+02	2.973000000000000043e+01
6.698251385688781738e+02	2.976000000000000156e+01
6.722874023914337158e+02	2.976000000000000156e+01
6.747505362033843994e+02	2.976000000000000156e+01
6.772121341228485107e+02	2.976000000000000156e+01
6.796751060485839844e+02	2.980000000000000071e+01
6.821379611492156982e+02	2.980000000000000071e+01
6.846002094745635986e+02	2.980000000000000071e+01
6.870622673034667969e+02	2.980000000000000071e+01
6.895249431133270264e+02	2.982999999999999829e+01
6.919883706569671631e+02	2.980000000000000071e+01
6.944500381946563721e+02	2.980000000000000071e+01
6.969129271507263184e+02	2.982999999999999829e+01
6.993756184577941895e+02	2.980000000000000071e+01
7.018387851715087891e+02	2.976000000000000156e+01
7.043010237216949463e+02	2.973000000000000043e+01
7.067632844448089600e+02	2.980000000000000071e+01
7.092265648841857910e+02	2.980000000000000071e+01
7.116887369155883789e+02	2.980000000000000071e+01
7.141508793830871582e+02	2.980000000000000071e+01
7.166143691539764404e+02	2.980000000000000071e+01
7.190766143798828125e+02	2.982999999999999829e+01
7.215387737751007080e+02	2.982999999999999829e+01
7.240013940334320068e+02	2.985999999999999943e+01
7.264638059139251709e+02	2.985999999999999943e+01
7.289259915351867676e+02	2.982999999999999829e+01
7.313898847103118896e+02	2.985999999999999943e+01
7.338517701625823975e+02	2.985999999999999943e+01
7.363147921562194824e+02	2.982999999999999829e+01
7.387770249843597412e+02	2.982999999999999829e+01
7.412396266460418701e+02	2.982999999999999829e+01
7.437028455734252930e+02	2.982999999999999829e+01
7.461650266647338867e+02	2.980000000000000071e+01
7.486273736953735352e+02	2.980000000000000071e+01
7.510904822349548340e+02	2.980000000000000071e+01
7.535531883239746094e+02	2.980000000000000071e+01
7.560148324966430664e+02	2.980000000000000071e+01
7.584780647754669189e+02	2.976000000000000156e+01
7.609404964447021484e+02	2.980000000000000071e+01
7.634033498764038086e+02	2.976000000000000156e+01
7.658661701679229736e+02	2.976000000000000156e+01
7.683273646831512451e+02	2.976000000000000156e+01
7.707911415100097656e+02	2.976000000000000156e+01
7.732539346218109131e+02	2.976000000000000156e+01
7.757163043022155762e+02	2.980000000000000071e+01
7.781780276298522949e+02	2.982999999999999829e+01
7.806411006450653076e+02	2.976000000000000156e+01
7.831033847332000732e+02	2.980000000000000071e+01
7.855667269229888916e+02	2.980000000000000071e+01
7.880282256603240967e+02	2.980000000000000071e+01
7.904909954071044922e+02	2.980000000000000071e+01
7.929542918205261230e+02	2.980000000000000071e+01
7.954161558151245117e+02	2.976000000000000156e+01
7.978787076473236084e+02	2.980000000000000071e+01
8.003413822650909424e+02	2.980000000000000071e+01
8.028044836521148682e+02	2.980000000000000071e+01
8.052665374279022217e+02	2.980000000000000071e+01
8.077296967506408691e+02	2.976000000000000156e+01
8.101920657157897949e+02	2.976000000000000156e+01
8.126552357673645020e+02	2.976000000000000156e+01
8.151175062656402588e+02	2.976000000000000156e+01
8.175799691677093506e+02	2.976000000000000156e+01
8.200429668426513672e+02	2.976000000000000156e+01
8.225050690174102783e+02	2.982999999999999829e+01
8.249679381847381592e+02	2.980000000000000071e+01
8.274307482242584229e+02	2.980000000000000071e+01
8.298922936916351318e+02	2.980000000000000071e+01
8.323556964397430420e+02	2.976000000000000156e+01
8.348179748058319092e+02	2.976000000000000156e+01
8.372806079387664795e+02	2.980000000000000071e+01
8.397431743144989014e+02	2.980000000000000071e+01
8.422054200172424316e+02	2.976000000000000156e+01
8.446679294109344482e+02	2.976000000000000156e+01
8.471302442550659180e+02	2.976000000000000156e+01
8.495930035114288330e+02	2.973000000000000043e+01
8.520564126968383789e+02	2.973000000000000043e+01
8.545183918476104736e+02	2.973000000000000043e+01
8.569810454845428467e+02	2.976000000000000156e+01
8.594435703754425049e+02	2.980000000000000071e+01
8.619067955017089844e+02	2.976000000000000156e+01
8.643692939281463623e+02	2.976000000000000156e+01
8.668320016860961914e+02	2.976000000000000156e+01
8.692937178611755371e+02	2.980000000000000071e+01
8.717563474178314209e+02	2.982999999999999829e+01
8.742193763256072998e+02	2.980000000000000071e+01
8.766817386150360107e+02	2.985999999999999943e+01
8.791448881626129150e+02	2.982999999999999829e+01
8.816076271533966064e+02	2.982999999999999829e+01
8.840692267417907715e+02	2.980000000000000071e+01
8.865323023796081543e+02	2.976000000000000156e+01
8.889952929019927979e+02	2.980000000000000071e+01
8.914574437141418457e+02	2.976000000000000156e+01
8.939199824333190918e+02	2.976000000000000156e+01
8.963834400177001953e+02	2.976000000000000156e+01
8.988454961776733398e+02	2.973000000000000043e+01
9.013077390193939209e+02	2.976000000000000156e+01
9.037708554267883301e+02	2.973000000000000043e+01
9.062330150604248047e+02	2.976000000000000156e+01
9.086952464580535889e+02	2.973000000000000043e+01
9.111587610244750977e+02	2.973000000000000043e+01
9.136212975978851318e+02	2.973000000000000043e+01
9.160836837291717529e+02	2.976000000000000156e+01
9.185458004474639893e+02	2.976000000000000156e+01
9.210086562633514404e+02	2.982999999999999829e+01
9.234716782569885254e+02	2.976000000000000156e+01
9.259332816600799561e+02	2.976000000000000156e+01
9.283960309028625488e+02	2.982999999999999829e+01
9.308593018054962158e+02	2.976000000000000156e+01
9.333211619853973389e+02	2.980000000000000071e+01
9.357847185134887695e+02	2.980000000000000071e+01
9.382464025020599365e+02	2.982999999999999829e+01
9.407100539207458496e+02	2.976000000000000156e+01
9.431718397140502930e+02	2.982999999999999829e+01
9.456346898078918457e+02	2.982999999999999829e+01
9.480967426300048828e+02	2.982999999999999829e+01
9.505595009326934814e+02	2.980000000000000071e+01
9.530225148200988770e+02	2.982999999999999829e+01
9.554857814311981201e+02	2.980000000000000071e+01
9.579470775127410889e+02	2.976000000000000156e+01
9.604107334613800049e+02	2.980000000000000071e+01
9.628729956150054932e+02	2.980000000000000071e+01
9.653352046012878418e+02	2.980000000000000071e+01
9.677980685234069824e+02	2.976000000000000156e+01
9.702607095241546631e+02	2.973000000000000043e+01
9.727229657173156738e+02	2.973000000000000043e+01
9.751861886978149414e+02	2.976000000000000156e+01
9.776488430500030518e+02	2.973000000000000043e+01
9.801105260848999023e+02	2.976000000000000156e+01
9.825732681751251221e+02	2.980000000000000071e+01
9.850365550518035889e+02	2.976000000000000156e+01
9.874984960556030273e+02	2.982999999999999829e+01
9.899609897136688232e+02	2.976000000000000156e+01
9.924239978790283203e+02	2.985999999999999943e+01
9.948867292404174805e+02	2.980000000000000071e+01
9.973487777709960938e+02	2.982999999999999829e+01
9.998113002777099609e+02	2.980000000000000071e+01
1.002274368762969971e+03	2.980000000000000071e+01
1.004736314773559570e+03	2.980000000000000071e+01
1.007199172258377075e+03	2.982999999999999829e+01
1.009661981821060181e+03	2.976000000000000156e+01
1.012125098943710327e+03	2.980000000000000071e+01
1.014587373971939087e+03	2.976000000000000156e+01
1.017049860477447510e+03	2.980000000000000071e+01
1.019512974500656128e+03	2.976000000000000156e+01
1.021974358320236206e+03	2.976000000000000156e+01
1.024437771081924438e+03	2.976000000000000156e+01
1.026899892330169678e+03	2.976000000000000156e+01
1.029362525224685669e+03	2.980000000000000071e+01
1.031825345039367676e+03	2.980000000000000071e+01
1.034288575887680054e+03	2.980000000000000071e+01
1.036750327825546265e+03	2.980000000000000071e+01
1.039213271856307983e+03	2.980000000000000071e+01
1.041675468683242798e+03	2.985999999999999943e+01
1.044138676166534424e+03	2.980000000000000071e+01
1.046601109981536865e+03	2.982999999999999829e+01
1.049062934160232544e+03	2.980000000000000071e+01
1.051525815963745117e+03	2.980000000000000071e+01
1.053988583326339722e+03	2.980000000000000071e+01
1.056451553821563721e+03	2.980000000000000071e+01
1.058914038181304932e+03	2.980000000000000071e+01
1.061376839399337769e+03	2.980000000000000071e+01
1.063838977813720703e+03	2.980000000000000071e+01
1.066301515579223633e+03	2.976000000000000156e+01
1.068764644861221313e+03	2.973000000000000043e+01
1.071226339578628540e+03	2.976000000000000156e+01
1.073689882755279541e+03	2.973000000000000043e+01
1.076152542114257812e+03	2.976000000000000156e+01
1.078615035772323608e+03	2.973000000000000043e+01
1.081076511859893799e+03	2.976000000000000156e+01
1.083539996147155762e+03	2.976000000000000156e+01
1.086002757310867310e+03	2.980000000000000071e+01
1.088464969396591187e+03	2.980000000000000071e+01
1.090927718400955200e+03	2.976000000000000156e+01
1.093390118837356567e+03	2.982999999999999829e+01
1.095852576017379761e+03	2.982999999999999829e+01
1.098315701961517334e+03	2.982999999999999829e+01
1.100777784347534180e+03	2.980000000000000071e+01
1.103240424156188965e+03	2.980000000000000071e+01
1.105703634738922119e+03	2.982999999999999829e+01
1.108165577888488770e+03	2.980000000000000071e+01
1.110628736257553101e+03	2.980000000000000071e+01
1.113090692043304443e+03	2.980000000000000071e+01
1.115553485870361328e+03	2.973000000000000043e+01
1.118016098737716675e+03	2.976000000000000156e+01
1.120479221343994141e+03	2.980000000000000071e+01
1.122941212654113770e+03	2.976000000000000156e+01
1.125404156208038330e+03	2.976000000000000156e+01
1.127866473197937012e+03	2.980000000000000071e+01
1.130329610109329224e+03	2.980000000000000071e+01
1.132791412353515625e+03	2.980000000000000071e+01
1.135254449129104614e+03	2.976000000000000156e+01
1.137715760946273804e+03	2.976000000000000156e+01
1.140179609298706055e+03	2.980000000000000071e+01
1.142642402887344360e+03	2.980000000000000071e+01
1.145104707717895508e+03	2.980000000000000071e+01
1.147567281246185303e+03	2.976000000000000156e+01
1.150029137611389160e+03	2.980000000000000071e+01
1.152492017269134521e+03	2.980000000000000071e+01
1.154955178976058960e+03	2.976000000000000156e+01
1.157416380643844604e+03	2.980000000000000071e+01
1.159879504442214966e+03	2.980000000000000071e+01
1.162343155622482300e+03	2.980000000000000071e+01
1.164804961919784546e+03	2.980000000000000071e+01
1.167267415285110474e+03	2.985999999999999943e+01
1.169729752302169800e+03	2.980000000000000071e+01
1.172193325757980347e+03	2.980000000000000071e+01
1.174656196594238281e+03	2.980000000000000071e+01
1.177118422269821167e+03	2.976000000000000156e+01
1.179580619573593140e+03	2.976000000000000156e+01
1.182043332576751709e+03	2.976000000000000156e+01
1.184505538225173950e+03	2.976000000000000156e+01
1.186969002008438110e+03	2.980000000000000071e+01
1.189430925846099854e+03	2.976000000000000156e+01
1.191894174814224243e+03	2.973000000000000043e+01
1.194356511592864990e+03	2.980000000000000071e+01
1.196818800926208496e+03	2.980000000000000071e+01
1.199281788349151611e+03	2.980000000000000071e+01
1.201744519233703613e+03	2.980000000000000071e+01
1.204206733942031860e+03	2.980000000000000071e+01
1.206669451236724854e+03	2.980000000000000071e+01
1.209131384372711182e+03	2.980000000000000071e+01
1.211594069719314575e+03	2.980000000000000071e+01
1.214056948900222778e+03	2.980000000000000071e+01
1.216518921852111816e+03	2.980000000000000071e+01
1.218982053995132446e+03	2.980000000000000071e+01
1.221445022106170654e+03	2.976000000000000156e+01
1.223906891822814941e+03	2.980000000000000071e+01
1.226369748115539551e+03	2.976000000000000156e+01
1.228832198143005371e+03	2.976000000000000156e+01
1.231295062780380249e+03	2.976000000000000156e+01
1.233758042573928833e+03	2.976000000000000156e+01
1.236220378875732422e+03	2.976000000000000156e+01
1.238683155775070190e+03	2.980000000000000071e+01
1.241145818471908569e+03	2.976000000000000156e+01
1.243607725381851196e+03	2.980000000000000071e+01
1.246070637702941895e+03	2.980000000000000071e+01
1.248532730102539062e+03	2.980000000000000071e+01
1.250995528697967529e+03	2.980000000000000071e+01
1.253458808183670044e+03	2.982999999999999829e+01
1.255920958757400513e+03	2.982999999999999829e+01
1.258383988142013550e+03	2.985999999999999943e+01
1.260846467018127441e+03	2.985999999999999943e+01
1.263309028625488281e+03	2.982999999999999829e+01
1.265771259069442749e+03	2.985999999999999943e+01
1.268234398603439331e+03	2.982999999999999829e+01
1.270696670770645142e+03	2.976000000000000156e+01
1.273158779382705688e+03	2.982999999999999829e+01
1.275622153282165527e+03	2.980000000000000071e+01
1.278084211111068726e+03	2.980000000000000071e+01
1.280547034740447998e+03	2.980000000000000071e+01
1.283009450912475586e+03	2.976000000000000156e+01
1.285472008466720581e+03	2.976000000000000156e+01
1.287934683799743652e+03	2.976000000000000156e+01
1.290397667884826660e+03	2.976000000000000156e+01
1.292859987497329712e+03	2.976000000000000156e+01
1.295322329044342041e+03	2.976000000000000156e+01
1.297785091876983643e+03	2.976000000000000156e+01
1.300248124361038208e+03	2.973000000000000043e+01
1.302709997177124023e+03	2.973000000000000043e+01
1.305173245906829834e+03	2.973000000000000043e+01
1.307635999441146851e+03	2.976000000000000156e+01
1.310098306179046631e+03	2.976000000000000156e+01
1.312560308218002319e+03	2.980000000000000071e+01
1.315023502588272095e+03	2.976000000000000156e+01
1.317485034465789795e+03	2.982999999999999829e+01
1.319948800563812256e+03	2.982999999999999829e+01
1.322410971879959106e+03	2.980000000000000071e+01
1.324874067783355713e+03	2.980000000000000071e+01
1.327336256027221680e+03	2.982999999999999829e+01
1.329798377513885498e+03	2.982999999999999829e+01
1.332261614084243774e+03	2.982999999999999829e+01
1.334724260568618774e+03	2.980000000000000071e+01
1.337186624526977539e+03	2.980000000000000071e+01
1.339648910999298096e+03	2.980000000000000071e+01
1.342112013101577759e+03	2.980000000000000071e+01
1.344573760986328125e+03	2.976000000000000156e+01
1.347037312507629395e+03	2.976000000000000156e+01
1.349498657226562500e+03	2.973000000000000043e+01
1.351961716413497925e+03	2.976000000000000156e+01
1.354424149274826050e+03	2.976000000000000156e+01
1.356886883974075317e+03	2.973000000000000043e+01
1.359350245475769043e+03	2.973000000000000043e+01
1.361812178134918213e+03	2.976000000000000156e+01
1.364275425195693970e+03	2.976000000000000156e+01
1.366737170457839966e+03	2.980000000000000071e+01
1.369200148344039917e+03	2.976000000000000156e+01
1.371662670135498047e+03	2.976000000000000156e+01
1.374125147819519043e+03	2.976000000000000156e+01
1.376587514638900757e+03	2.980000000000000071e+01
1.379051307916641235e+03	2.976000000000000156e+01
1.381513139724731445e+03	2.980000000000000071e+01
1.383975214481353760e+03	2.982999999999999829e+01
1.386439155578613281e+03	2.980000000000000071e+01
1.388900867462158203e+03	2.980000000000000071e+01
1.391363369226455688e+03	2.982999999999999829e+01
1.393826373100280762e+03	2.980000000000000071e+01
1.396289050817489624e+03	2.982999999999999829e+01
1.398751335620880127e+03	2.982999999999999829e+01
1.401214384317398071e+03	2.976000000000000156e+01
1.403676684856414795e+03	2.980000000000000071e+01
1.406139373540878296e+03	2.976000000000000156e+01
1.408601622343063354e+03	2.976000000000000156e+01
1.411063844680786133e+03	2.976000000000000156e+01
1.413527174711227417e+03	2.973000000000000043e+01
1.415988915681838989e+03	2.976000000000000156e+01
1.418451781034469604e+03	2.976000000000000156e+01
1.420915127754211426e+03	2.976000000000000156e+01
1.423377699851989746e+03	2.976000000000000156e+01
1.425839720249176025e+03	2.976000000000000156e+01
1.428302892208099365e+03	2.980000000000000071e+01
1.430764772891998291e+03	2.976000000000000156e+01
1.433227714300155640e+03	2.982999999999999829e+01
1.435690245389938354e+03	2.982999999999999829e+01
1.438152817249298096e+03	2.980000000000000071e+01
1.440615724802017212e+03	2.980000000000000071e+01
1.443078175544738770e+03	2.976000000000000156e+01
1.445540491580963135e+03	2.976000000000000156e+01
1.448003766775131226e+03	2.980000000000000071e+01
1.450466205596923828e+03	2.973000000000000043e+01
1.452928853034973145e+03	2.973000000000000043e+01
1.455390906333923340e+03	2.976000000000000156e+01
1.457853190422058105e+03	2.973000000000000043e+01
1.460316630840301514e+03	2.973000000000000043e+01
1.462778538465499878e+03	2.976000000000000156e+01
1.465241344213485718e+03	2.976000000000000156e+01
1.467703023910522461e+03	2.976000000000000156e+01
1.470166851997375488e+03	2.980000000000000071e+01
1.472628566265106201e+03	2.980000000000000071e+01
1.475091382503509521e+03	2.980000000000000071e+01
