# 20220728
# time			temp			
0.000000000000000000e+00	2.962999999999999901e+01
2.463048696517944336e+00	2.962999999999999901e+01
4.924556732177734375e+00	2.969999999999999929e+01
7.387370109558105469e+00	2.962999999999999901e+01
9.849978685379028320e+00	2.962999999999999901e+01
1.231266641616821289e+01	2.966000000000000014e+01
1.477429366111755371e+01	2.962999999999999901e+01
1.723788452148437500e+01	2.966000000000000014e+01
1.970007729530334473e+01	2.962999999999999901e+01
2.211692500114440918e+01	2.966000000000000014e+01
2.457934856414794922e+01	2.966000000000000014e+01
2.704116368293762207e+01	2.966000000000000014e+01
2.950450086593627930e+01	2.969999999999999929e+01
3.196637296676635742e+01	2.966000000000000014e+01
3.442897963523864746e+01	2.966000000000000014e+01
3.689177799224853516e+01	2.966000000000000014e+01
3.935469746589660645e+01	2.966000000000000014e+01
4.181624269485473633e+01	2.962999999999999901e+01
4.427982115745544434e+01	2.966000000000000014e+01
4.674219012260437012e+01	2.966000000000000014e+01
4.920413994789123535e+01	2.962999999999999901e+01
5.166676235198974609e+01	2.966000000000000014e+01
5.408373546600341797e+01	2.966000000000000014e+01
5.654626202583312988e+01	2.969999999999999929e+01
5.900821709632873535e+01	2.969999999999999929e+01
6.147073578834533691e+01	2.966000000000000014e+01
6.393388772010803223e+01	2.966000000000000014e+01
6.639612698554992676e+01	2.969999999999999929e+01
6.885877394676208496e+01	2.966000000000000014e+01
7.132197022438049316e+01	2.966000000000000014e+01
7.378433299064636230e+01	2.969999999999999929e+01
7.624679946899414062e+01	2.969999999999999929e+01
7.870927667617797852e+01	2.966000000000000014e+01
8.117166447639465332e+01	2.969999999999999929e+01
8.363438177108764648e+01	2.969999999999999929e+01
8.609715747833251953e+01	2.966000000000000014e+01
8.855930829048156738e+01	2.969999999999999929e+01
9.102176690101623535e+01	2.969999999999999929e+01
9.348548412322998047e+01	2.966000000000000014e+01
9.594764256477355957e+01	2.966000000000000014e+01
9.840988135337829590e+01	2.966000000000000014e+01
1.008732948303222656e+02	2.969999999999999929e+01
1.033350076675415039e+02	2.973000000000000043e+01
1.057980711460113525e+02	2.969999999999999929e+01
1.082609407901763916e+02	2.966000000000000014e+01
1.107236583232879639e+02	2.969999999999999929e+01
1.131854884624481201e+02	2.969999999999999929e+01
1.156481709480285645e+02	2.973000000000000043e+01
1.181106114387512207e+02	2.973000000000000043e+01
1.205740613937377930e+02	2.973000000000000043e+01
1.230366110801696777e+02	2.973000000000000043e+01
1.254985923767089844e+02	2.973000000000000043e+01
1.279614543914794922e+02	2.973000000000000043e+01
1.304243094921112061e+02	2.973000000000000043e+01
1.328867862224578857e+02	2.969999999999999929e+01
1.353488018512725830e+02	2.969999999999999929e+01
1.378117074966430664e+02	2.976000000000000156e+01
1.402742009162902832e+02	2.973000000000000043e+01
1.427373201847076416e+02	2.969999999999999929e+01
1.451996152400970459e+02	2.973000000000000043e+01
1.476625597476959229e+02	2.969999999999999929e+01
1.501242325305938721e+02	2.969999999999999929e+01
1.525868158340454102e+02	2.969999999999999929e+01
1.550493941307067871e+02	2.969999999999999929e+01
1.575121321678161621e+02	2.973000000000000043e+01
1.599752743244171143e+02	2.973000000000000043e+01
1.624377555847167969e+02	2.973000000000000043e+01
1.648998827934265137e+02	2.969999999999999929e+01
1.673622839450836182e+02	2.973000000000000043e+01
1.698254463672637939e+02	2.969999999999999929e+01
1.722880761623382568e+02	2.969999999999999929e+01
1.747510118484497070e+02	2.966000000000000014e+01
1.772135477066040039e+02	2.969999999999999929e+01
1.796755490303039551e+02	2.962999999999999901e+01
1.821384432315826416e+02	2.976000000000000156e+01
1.846010799407958984e+02	2.969999999999999929e+01
1.870634284019470215e+02	2.973000000000000043e+01
1.895252296924591064e+02	2.969999999999999929e+01
1.919891676902770996e+02	2.966000000000000014e+01
1.944513854980468750e+02	2.969999999999999929e+01
1.969139466285705566e+02	2.962999999999999901e+01
1.993763725757598877e+02	2.962999999999999901e+01
2.018393552303314209e+02	2.966000000000000014e+01
2.043016753196716309e+02	2.962999999999999901e+01
2.067638378143310547e+02	2.962999999999999901e+01
2.092263641357421875e+02	2.966000000000000014e+01
2.116893243789672852e+02	2.966000000000000014e+01
2.141523141860961914e+02	2.966000000000000014e+01
2.166141200065612793e+02	2.966000000000000014e+01
2.190772078037261963e+02	2.966000000000000014e+01
2.215404849052429199e+02	2.962999999999999901e+01
2.240024032592773438e+02	2.966000000000000014e+01
2.264652991294860840e+02	2.966000000000000014e+01
2.289275908470153809e+02	2.966000000000000014e+01
2.313901324272155762e+02	2.966000000000000014e+01
2.338532783985137939e+02	2.966000000000000014e+01
2.363148663043975830e+02	2.966000000000000014e+01
2.387779729366302490e+02	2.962999999999999901e+01
2.412411437034606934e+02	2.966000000000000014e+01
2.437029349803924561e+02	2.966000000000000014e+01
2.461664977073669434e+02	2.966000000000000014e+01
2.486287124156951904e+02	2.962999999999999901e+01
2.510910348892211914e+02	2.962999999999999901e+01
2.535538816452026367e+02	2.966000000000000014e+01
2.560161867141723633e+02	2.969999999999999929e+01
2.584786570072174072e+02	2.966000000000000014e+01
2.609419059753417969e+02	2.962999999999999901e+01
2.634044437408447266e+02	2.966000000000000014e+01
2.658666701316833496e+02	2.962999999999999901e+01
2.683291420936584473e+02	2.966000000000000014e+01
2.707916188240051270e+02	2.969999999999999929e+01
2.732545099258422852e+02	2.962999999999999901e+01
2.757169916629791260e+02	2.966000000000000014e+01
2.781795115470886230e+02	2.966000000000000014e+01
2.806426587104797363e+02	2.962999999999999901e+01
2.831045231819152832e+02	2.966000000000000014e+01
2.855679981708526611e+02	2.962999999999999901e+01
2.880294370651245117e+02	2.958999999999999986e+01
2.904927039146423340e+02	2.962999999999999901e+01
2.929551794528961182e+02	2.958999999999999986e+01
2.954173591136932373e+02	2.958999999999999986e+01
2.978804636001586914e+02	2.958999999999999986e+01
3.003424122333526611e+02	2.962999999999999901e+01
3.028053026199340820e+02	2.962999999999999901e+01
3.052679433822631836e+02	2.966000000000000014e+01
3.077307963371276855e+02	2.962999999999999901e+01
3.101931705474853516e+02	2.958999999999999986e+01
3.126565473079681396e+02	2.962999999999999901e+01
3.151185457706451416e+02	2.958999999999999986e+01
3.175815401077270508e+02	2.958999999999999986e+01
3.200435442924499512e+02	2.958999999999999986e+01
3.225062541961669922e+02	2.962999999999999901e+01
3.249689958095550537e+02	2.958999999999999986e+01
3.274313251972198486e+02	2.958999999999999986e+01
3.298943028450012207e+02	2.962999999999999901e+01
3.323565011024475098e+02	2.958999999999999986e+01
3.348197114467620850e+02	2.958999999999999986e+01
3.372823026180267334e+02	2.962999999999999901e+01
3.397453594207763672e+02	2.962999999999999901e+01
3.422077097892761230e+02	2.962999999999999901e+01
3.446699430942535400e+02	2.966000000000000014e+01
3.471326842308044434e+02	2.958999999999999986e+01
3.495950124263763428e+02	2.966000000000000014e+01
3.520579972267150879e+02	2.962999999999999901e+01
3.545204112529754639e+02	2.966000000000000014e+01
3.569826788902282715e+02	2.962999999999999901e+01
3.594453732967376709e+02	2.962999999999999901e+01
3.619075870513916016e+02	2.962999999999999901e+01
3.643701353073120117e+02	2.958999999999999986e+01
3.668327171802520752e+02	2.958999999999999986e+01
3.692954833507537842e+02	2.958999999999999986e+01
3.717588784694671631e+02	2.962999999999999901e+01
3.742212197780609131e+02	2.958999999999999986e+01
3.766835527420043945e+02	2.958999999999999986e+01
3.791465325355529785e+02	2.958999999999999986e+01
3.816084558963775635e+02	2.958999999999999986e+01
3.840717110633850098e+02	2.955999999999999872e+01
3.865337486267089844e+02	2.958999999999999986e+01
3.889960334300994873e+02	2.958999999999999986e+01
3.914593698978424072e+02	2.958999999999999986e+01
3.939218001365661621e+02	2.958999999999999986e+01
3.963844037055969238e+02	2.958999999999999986e+01
3.988474760055541992e+02	2.958999999999999986e+01
4.013093023300170898e+02	2.958999999999999986e+01
4.037720258235931396e+02	2.958999999999999986e+01
4.062343013286590576e+02	2.958999999999999986e+01
4.086977114677429199e+02	2.958999999999999986e+01
4.111601736545562744e+02	2.958999999999999986e+01
4.136232051849365234e+02	2.958999999999999986e+01
4.160856029987335205e+02	2.962999999999999901e+01
4.185476381778717041e+02	2.962999999999999901e+01
4.210108461380004883e+02	2.958999999999999986e+01
4.234734592437744141e+02	2.958999999999999986e+01
4.259358677864074707e+02	2.958999999999999986e+01
4.283978641033172607e+02	2.962999999999999901e+01
4.308613090515136719e+02	2.962999999999999901e+01
4.333237023353576660e+02	2.958999999999999986e+01
4.357867317199707031e+02	2.955999999999999872e+01
4.382486038208007812e+02	2.962999999999999901e+01
4.407112154960632324e+02	2.962999999999999901e+01
4.431735224723815918e+02	2.962999999999999901e+01
4.456363787651062012e+02	2.958999999999999986e+01
4.480989079475402832e+02	2.958999999999999986e+01
4.505605361461639404e+02	2.958999999999999986e+01
4.530245423316955566e+02	2.962999999999999901e+01
4.554873239994049072e+02	2.962999999999999901e+01
4.579491429328918457e+02	2.962999999999999901e+01
4.604116737842559814e+02	2.962999999999999901e+01
4.628750400543212891e+02	2.962999999999999901e+01
4.653373301029205322e+02	2.962999999999999901e+01
4.677994964122772217e+02	2.958999999999999986e+01
4.702619016170501709e+02	2.958999999999999986e+01
4.727246463298797607e+02	2.958999999999999986e+01
4.751877446174621582e+02	2.962999999999999901e+01
4.776500661373138428e+02	2.958999999999999986e+01
4.801124272346496582e+02	2.958999999999999986e+01
4.825756204128265381e+02	2.958999999999999986e+01
4.850375435352325439e+02	2.958999999999999986e+01
4.875004665851593018e+02	2.962999999999999901e+01
4.899635682106018066e+02	2.962999999999999901e+01
4.924260702133178711e+02	2.958999999999999986e+01
4.948889160156250000e+02	2.955999999999999872e+01
4.973510138988494873e+02	2.955999999999999872e+01
4.998138051033020020e+02	2.955999999999999872e+01
5.022763700485229492e+02	2.955999999999999872e+01
5.047383604049682617e+02	2.958999999999999986e+01
5.072005770206451416e+02	2.958999999999999986e+01
5.096638183593750000e+02	2.962999999999999901e+01
5.121267600059509277e+02	2.962999999999999901e+01
5.145890514850616455e+02	2.955999999999999872e+01
5.170515058040618896e+02	2.962999999999999901e+01
5.195137689113616943e+02	2.966000000000000014e+01
5.219772245883941650e+02	2.962999999999999901e+01
5.244396994113922119e+02	2.958999999999999986e+01
5.269023058414459229e+02	2.962999999999999901e+01
5.293645684719085693e+02	2.962999999999999901e+01
5.318269536495208740e+02	2.958999999999999986e+01
5.342905647754669189e+02	2.958999999999999986e+01
5.367522046566009521e+02	2.966000000000000014e+01
5.392155818939208984e+02	2.958999999999999986e+01
5.416776895523071289e+02	2.966000000000000014e+01
5.441401472091674805e+02	2.969999999999999929e+01
5.466023616790771484e+02	2.966000000000000014e+01
5.490658035278320312e+02	2.962999999999999901e+01
5.515281133651733398e+02	2.962999999999999901e+01
5.539903633594512939e+02	2.966000000000000014e+01
5.564527645111083984e+02	2.962999999999999901e+01
5.589163830280303955e+02	2.966000000000000014e+01
5.613785092830657959e+02	2.962999999999999901e+01
5.638408226966857910e+02	2.962999999999999901e+01
5.663034060001373291e+02	2.962999999999999901e+01
5.687652518749237061e+02	2.966000000000000014e+01
5.712287290096282959e+02	2.962999999999999901e+01
5.736915555000305176e+02	2.962999999999999901e+01
5.761538333892822266e+02	2.962999999999999901e+01
5.786167869567871094e+02	2.962999999999999901e+01
5.810786671638488770e+02	2.962999999999999901e+01
5.835421876907348633e+02	2.958999999999999986e+01
5.860041384696960449e+02	2.962999999999999901e+01
5.884666578769683838e+02	2.958999999999999986e+01
5.909294493198394775e+02	2.962999999999999901e+01
5.933920981884002686e+02	2.962999999999999901e+01
5.958546445369720459e+02	2.962999999999999901e+01
5.983166828155517578e+02	2.962999999999999901e+01
6.007796437740325928e+02	2.962999999999999901e+01
6.032418842315673828e+02	2.962999999999999901e+01
6.057050712108612061e+02	2.962999999999999901e+01
6.081674735546112061e+02	2.966000000000000014e+01
6.106297821998596191e+02	2.966000000000000014e+01
6.130923397541046143e+02	2.958999999999999986e+01
6.155550403594970703e+02	2.962999999999999901e+01
6.180182898044586182e+02	2.962999999999999901e+01
6.204800333976745605e+02	2.958999999999999986e+01
6.229435973167419434e+02	2.958999999999999986e+01
6.254054696559906006e+02	2.958999999999999986e+01
6.278680446147918701e+02	2.958999999999999986e+01
6.303316314220428467e+02	2.958999999999999986e+01
6.327940847873687744e+02	2.958999999999999986e+01
6.352560372352600098e+02	2.958999999999999986e+01
6.377185006141662598e+02	2.962999999999999901e+01
6.401814095973968506e+02	2.958999999999999986e+01
6.426435573101043701e+02	2.955999999999999872e+01
6.451064331531524658e+02	2.958999999999999986e+01
6.475691502094268799e+02	2.958999999999999986e+01
6.500319409370422363e+02	2.962999999999999901e+01
6.524945247173309326e+02	2.962999999999999901e+01
6.549570872783660889e+02	2.958999999999999986e+01
6.574197020530700684e+02	2.958999999999999986e+01
6.598816785812377930e+02	2.966000000000000014e+01
6.623444352149963379e+02	2.958999999999999986e+01
6.648072278499603271e+02	2.962999999999999901e+01
6.672698826789855957e+02	2.962999999999999901e+01
6.697323057651519775e+02	2.966000000000000014e+01
6.721945772171020508e+02	2.962999999999999901e+01
6.746576867103576660e+02	2.962999999999999901e+01
6.771203553676605225e+02	2.962999999999999901e+01
6.795828270912170410e+02	2.962999999999999901e+01
6.820456390380859375e+02	2.958999999999999986e+01
6.845085310935974121e+02	2.962999999999999901e+01
6.869700837135314941e+02	2.962999999999999901e+01
6.894329910278320312e+02	2.962999999999999901e+01
6.918954496383666992e+02	2.958999999999999986e+01
6.943587589263916016e+02	2.962999999999999901e+01
6.968211748600006104e+02	2.966000000000000014e+01
6.992833585739135742e+02	2.962999999999999901e+01
7.017458550930023193e+02	2.958999999999999986e+01
7.042085165977478027e+02	2.962999999999999901e+01
7.066711063385009766e+02	2.962999999999999901e+01
7.091336352825164795e+02	2.958999999999999986e+01
7.115960748195648193e+02	2.966000000000000014e+01
7.140593574047088623e+02	2.962999999999999901e+01
7.165218098163604736e+02	2.958999999999999986e+01
7.189840550422668457e+02	2.958999999999999986e+01
7.214462594985961914e+02	2.962999999999999901e+01
7.239093472957611084e+02	2.962999999999999901e+01
7.263716268539428711e+02	2.962999999999999901e+01
7.288347673416137695e+02	2.958999999999999986e+01
7.312971479892730713e+02	2.958999999999999986e+01
7.337596521377563477e+02	2.962999999999999901e+01
7.362221796512603760e+02	2.958999999999999986e+01
7.386843485832214355e+02	2.962999999999999901e+01
7.411478657722473145e+02	2.958999999999999986e+01
7.436107378005981445e+02	2.962999999999999901e+01
7.460729866027832031e+02	2.958999999999999986e+01
7.485354034900665283e+02	2.955999999999999872e+01
7.509977877140045166e+02	2.958999999999999986e+01
7.534600305557250977e+02	2.958999999999999986e+01
7.559233913421630859e+02	2.962999999999999901e+01
7.583856272697448730e+02	2.958999999999999986e+01
7.608484003543853760e+02	2.958999999999999986e+01
7.633110504150390625e+02	2.962999999999999901e+01
7.657732133865356445e+02	2.958999999999999986e+01
7.682356524467468262e+02	2.958999999999999986e+01
7.706982495784759521e+02	2.955999999999999872e+01
7.731614634990692139e+02	2.958999999999999986e+01
7.756235871315002441e+02	2.958999999999999986e+01
7.780864846706390381e+02	2.958999999999999986e+01
7.805493483543395996e+02	2.955999999999999872e+01
7.830115432739257812e+02	2.958999999999999986e+01
7.854742944240570068e+02	2.955999999999999872e+01
7.879366042613983154e+02	2.955999999999999872e+01
7.903993129730224609e+02	2.962999999999999901e+01
7.928617556095123291e+02	2.962999999999999901e+01
7.953253316879272461e+02	2.955999999999999872e+01
7.977877275943756104e+02	2.958999999999999986e+01
8.002505011558532715e+02	2.958999999999999986e+01
8.027121412754058838e+02	2.958999999999999986e+01
8.051746089458465576e+02	2.962999999999999901e+01
8.076372961997985840e+02	2.958999999999999986e+01
8.101003069877624512e+02	2.962999999999999901e+01
8.125630660057067871e+02	2.958999999999999986e+01
8.150258879661560059e+02	2.962999999999999901e+01
8.174881031513214111e+02	2.958999999999999986e+01
8.199507498741149902e+02	2.955999999999999872e+01
8.224133260250091553e+02	2.962999999999999901e+01
8.248755700588226318e+02	2.958999999999999986e+01
8.273382444381713867e+02	2.958999999999999986e+01
8.298012821674346924e+02	2.958999999999999986e+01
8.322635934352874756e+02	2.962999999999999901e+01
8.347264182567596436e+02	2.958999999999999986e+01
8.371887900829315186e+02	2.955999999999999872e+01
8.396516163349151611e+02	2.953000000000000114e+01
8.421143777370452881e+02	2.953000000000000114e+01
8.445768113136291504e+02	2.958999999999999986e+01
8.470393249988555908e+02	2.958999999999999986e+01
8.495022120475769043e+02	2.955999999999999872e+01
8.519648103713989258e+02	2.955999999999999872e+01
8.544267206192016602e+02	2.955999999999999872e+01
8.568899710178375244e+02	2.953000000000000114e+01
8.593518915176391602e+02	2.953000000000000114e+01
8.618145241737365723e+02	2.953000000000000114e+01
8.642772765159606934e+02	2.953000000000000114e+01
8.667401103973388672e+02	2.958999999999999986e+01
8.692023251056671143e+02	2.955999999999999872e+01
8.716654722690582275e+02	2.955999999999999872e+01
8.741276814937591553e+02	2.955999999999999872e+01
8.765906186103820801e+02	2.955999999999999872e+01
8.790531523227691650e+02	2.955999999999999872e+01
8.815151019096374512e+02	2.953000000000000114e+01
8.839781064987182617e+02	2.955999999999999872e+01
8.864407768249511719e+02	2.955999999999999872e+01
8.889030430316925049e+02	2.955999999999999872e+01
8.913656551837921143e+02	2.958999999999999986e+01
8.938285689353942871e+02	2.955999999999999872e+01
8.962904267311096191e+02	2.955999999999999872e+01
8.987534449100494385e+02	2.955999999999999872e+01
9.012158100605010986e+02	2.958999999999999986e+01
9.036784479618072510e+02	2.958999999999999986e+01
9.061409928798675537e+02	2.958999999999999986e+01
9.086029326915740967e+02	2.958999999999999986e+01
9.110664503574371338e+02	2.955999999999999872e+01
9.135284461975097656e+02	2.962999999999999901e+01
9.159909267425537109e+02	2.962999999999999901e+01
9.184541096687316895e+02	2.958999999999999986e+01
9.209173409938812256e+02	2.955999999999999872e+01
9.233792748451232910e+02	2.955999999999999872e+01
9.258424346446990967e+02	2.953000000000000114e+01
9.283046364784240723e+02	2.958999999999999986e+01
9.307667527198791504e+02	2.958999999999999986e+01
9.332304666042327881e+02	2.955999999999999872e+01
9.356930789947509766e+02	2.958999999999999986e+01
9.381554906368255615e+02	2.958999999999999986e+01
9.406176922321319580e+02	2.953000000000000114e+01
9.430801112651824951e+02	2.958999999999999986e+01
9.455425963401794434e+02	2.955999999999999872e+01
9.480061118602752686e+02	2.955999999999999872e+01
9.504684679508209229e+02	2.955999999999999872e+01
9.529307606220245361e+02	2.955999999999999872e+01
9.553940305709838867e+02	2.958999999999999986e+01
9.578559384346008301e+02	2.958999999999999986e+01
9.603191297054290771e+02	2.955999999999999872e+01
9.627808117866516113e+02	2.958999999999999986e+01
9.652442691326141357e+02	2.955999999999999872e+01
9.677061984539031982e+02	2.953000000000000114e+01
9.701692137718200684e+02	2.955999999999999872e+01
9.726313195228576660e+02	2.953000000000000114e+01
9.750945703983306885e+02	2.958999999999999986e+01
9.775564446449279785e+02	2.953000000000000114e+01
9.800191915035247803e+02	2.953000000000000114e+01
9.824823801517486572e+02	2.955999999999999872e+01
9.849436151981353760e+02	2.955999999999999872e+01
9.874073357582092285e+02	2.953000000000000114e+01
9.898694374561309814e+02	2.955999999999999872e+01
9.923323230743408203e+02	2.953000000000000114e+01
9.947949073314666748e+02	2.955999999999999872e+01
9.972580182552337646e+02	2.953000000000000114e+01
9.997195410728454590e+02	2.955999999999999872e+01
1.002182794809341431e+03	2.953000000000000114e+01
1.004644422769546509e+03	2.953000000000000114e+01
1.007107993841171265e+03	2.955999999999999872e+01
1.009570175409317017e+03	2.953000000000000114e+01
1.012032990217208862e+03	2.955999999999999872e+01
1.014495311021804810e+03	2.955999999999999872e+01
1.016958020210266113e+03	2.955999999999999872e+01
1.019420764207839966e+03	2.955999999999999872e+01
1.021883269309997559e+03	2.958999999999999986e+01
1.024346097707748413e+03	2.953000000000000114e+01
1.026808325529098511e+03	2.958999999999999986e+01
1.029271565198898315e+03	2.955999999999999872e+01
1.031734199762344360e+03	2.958999999999999986e+01
1.034195859193801880e+03	2.955999999999999872e+01
1.036658904552459717e+03	2.962999999999999901e+01
1.039120929956436157e+03	2.958999999999999986e+01
1.041583971500396729e+03	2.958999999999999986e+01
1.044046726226806641e+03	2.962999999999999901e+01
1.046509420156478882e+03	2.962999999999999901e+01
1.048971858501434326e+03	2.958999999999999986e+01
1.051434535503387451e+03	2.962999999999999901e+01
1.053897254228591919e+03	2.958999999999999986e+01
1.056359965085983276e+03	2.966000000000000014e+01
1.058822680711746216e+03	2.966000000000000014e+01
1.061284374952316284e+03	2.962999999999999901e+01
1.063747399091720581e+03	2.969999999999999929e+01
1.066209506511688232e+03	2.962999999999999901e+01
1.068672788858413696e+03	2.958999999999999986e+01
1.071134532928466797e+03	2.966000000000000014e+01
1.073597187280654907e+03	2.962999999999999901e+01
1.076059933662414551e+03	2.962999999999999901e+01
1.078522889852523804e+03	2.962999999999999901e+01
1.080984798669815063e+03	2.962999999999999901e+01
1.083448070287704468e+03	2.966000000000000014e+01
1.085910472869873047e+03	2.966000000000000014e+01
1.088372992038726807e+03	2.958999999999999986e+01
1.090835910320281982e+03	2.966000000000000014e+01
1.093298676490783691e+03	2.966000000000000014e+01
1.095760871410369873e+03	2.966000000000000014e+01
1.098223168849945068e+03	2.966000000000000014e+01
1.100686513900756836e+03	2.962999999999999901e+01
1.103148917198181152e+03	2.966000000000000014e+01
1.105611850500106812e+03	2.962999999999999901e+01
1.108074238777160645e+03	2.962999999999999901e+01
1.110536928415298462e+03	2.962999999999999901e+01
1.112999666690826416e+03	2.962999999999999901e+01
1.115461779356002808e+03	2.958999999999999986e+01
1.117924324750900269e+03	2.966000000000000014e+01
1.120386691570281982e+03	2.962999999999999901e+01
1.122849438905715942e+03	2.958999999999999986e+01
1.125312646865844727e+03	2.958999999999999986e+01
1.127773976325988770e+03	2.962999999999999901e+01
1.130237661123275757e+03	2.958999999999999986e+01
1.132699640989303589e+03	2.958999999999999986e+01
1.135163070201873779e+03	2.962999999999999901e+01
1.137625359535217285e+03	2.962999999999999901e+01
1.140087551593780518e+03	2.958999999999999986e+01
1.142549909353256226e+03	2.958999999999999986e+01
1.145013346433639526e+03	2.962999999999999901e+01
1.147475320816040039e+03	2.955999999999999872e+01
1.149937779188156128e+03	2.962999999999999901e+01
1.152400444030761719e+03	2.958999999999999986e+01
1.154863451957702637e+03	2.958999999999999986e+01
1.157326400518417358e+03	2.955999999999999872e+01
1.159788465738296509e+03	2.958999999999999986e+01
1.162250857114791870e+03	2.955999999999999872e+01
1.164713372230529785e+03	2.958999999999999986e+01
1.167176502704620361e+03	2.958999999999999986e+01
1.169639208316802979e+03	2.958999999999999986e+01
1.172101238012313843e+03	2.962999999999999901e+01
1.174564029693603516e+03	2.962999999999999901e+01
1.177026455879211426e+03	2.958999999999999986e+01
1.179489105701446533e+03	2.958999999999999986e+01
1.181952184438705444e+03	2.962999999999999901e+01
1.184413835525512695e+03	2.958999999999999986e+01
1.186876596689224243e+03	2.962999999999999901e+01
1.189339862823486328e+03	2.958999999999999986e+01
1.191802669286727905e+03	2.962999999999999901e+01
1.194264971971511841e+03	2.962999999999999901e+01
1.196727285146713257e+03	2.962999999999999901e+01
1.199190434217453003e+03	2.958999999999999986e+01
1.201652460098266602e+03	2.958999999999999986e+01
1.204115383625030518e+03	2.958999999999999986e+01
1.206577684402465820e+03	2.962999999999999901e+01
1.209040020704269409e+03	2.962999999999999901e+01
1.211503000974655151e+03	2.955999999999999872e+01
1.213965281248092651e+03	2.958999999999999986e+01
1.216427850246429443e+03	2.962999999999999901e+01
1.218891052246093750e+03	2.958999999999999986e+01
1.221353372097015381e+03	2.962999999999999901e+01
1.223815371990203857e+03	2.962999999999999901e+01
1.226278753519058228e+03	2.962999999999999901e+01
1.228740495443344116e+03	2.962999999999999901e+01
1.231203308343887329e+03	2.962999999999999901e+01
1.233665844202041626e+03	2.958999999999999986e+01
1.236128472566604614e+03	2.962999999999999901e+01
1.238591637611389160e+03	2.962999999999999901e+01
1.241053671836853027e+03	2.962999999999999901e+01
1.243516626119613647e+03	2.962999999999999901e+01
1.245979646444320679e+03	2.958999999999999986e+01
1.248441691875457764e+03	2.962999999999999901e+01
1.250904646158218384e+03	2.966000000000000014e+01
1.253367527246475220e+03	2.962999999999999901e+01
1.255830019474029541e+03	2.958999999999999986e+01
1.258292007207870483e+03	2.962999999999999901e+01
1.260755153417587280e+03	2.958999999999999986e+01
1.263217591762542725e+03	2.962999999999999901e+01
1.265679136991500854e+03	2.962999999999999901e+01
1.268142497062683105e+03	2.958999999999999986e+01
1.270605133771896362e+03	2.953000000000000114e+01
1.273067895174026489e+03	2.958999999999999986e+01
1.275530710697174072e+03	2.958999999999999986e+01
1.277992248773574829e+03	2.958999999999999986e+01
1.280455084323883057e+03	2.958999999999999986e+01
1.282918070077896118e+03	2.958999999999999986e+01
1.285380506753921509e+03	2.955999999999999872e+01
1.287842641353607178e+03	2.955999999999999872e+01
1.290305696010589600e+03	2.958999999999999986e+01
1.292768412113189697e+03	2.955999999999999872e+01
1.295231288909912109e+03	2.958999999999999986e+01
1.297693678140640259e+03	2.955999999999999872e+01
1.300155861854553223e+03	2.958999999999999986e+01
1.302618820905685425e+03	2.955999999999999872e+01
1.305081087112426758e+03	2.955999999999999872e+01
1.307543930530548096e+03	2.958999999999999986e+01
1.310006070852279663e+03	2.955999999999999872e+01
1.312468485116958618e+03	2.955999999999999872e+01
1.314931893110275269e+03	2.953000000000000114e+01
1.317394816398620605e+03	2.955999999999999872e+01
1.319856755256652832e+03	2.955999999999999872e+01
1.322319634675979614e+03	2.955999999999999872e+01
1.324782378435134888e+03	2.955999999999999872e+01
1.327244588136672974e+03	2.955999999999999872e+01
1.329706585645675659e+03	2.955999999999999872e+01
1.332169734001159668e+03	2.955999999999999872e+01
1.334632332086563110e+03	2.955999999999999872e+01
1.337095069408416748e+03	2.955999999999999872e+01
1.339557487010955811e+03	2.955999999999999872e+01
1.342019649744033813e+03	2.955999999999999872e+01
1.344482743501663208e+03	2.958999999999999986e+01
1.346945765733718872e+03	2.955999999999999872e+01
1.349407582521438599e+03	2.953000000000000114e+01
1.351869930982589722e+03	2.955999999999999872e+01
1.354332740306854248e+03	2.955999999999999872e+01
1.356795580387115479e+03	2.958999999999999986e+01
1.359258181333541870e+03	2.955999999999999872e+01
1.361720384359359741e+03	2.958999999999999986e+01
1.364183291196823120e+03	2.955999999999999872e+01
1.366645168066024780e+03	2.955999999999999872e+01
1.369109371900558472e+03	2.955999999999999872e+01
1.371571276187896729e+03	2.958999999999999986e+01
1.374034440517425537e+03	2.953000000000000114e+01
1.376496499776840210e+03	2.955999999999999872e+01
1.378958965301513672e+03	2.958999999999999986e+01
1.381421311140060425e+03	2.955999999999999872e+01
1.383884369373321533e+03	2.958999999999999986e+01
1.386347051858901978e+03	2.958999999999999986e+01
1.388809671163558960e+03	2.955999999999999872e+01
1.391271726608276367e+03	2.958999999999999986e+01
1.393734835147857666e+03	2.958999999999999986e+01
1.396197495222091675e+03	2.958999999999999986e+01
1.398659578800201416e+03	2.962999999999999901e+01
1.401122829914093018e+03	2.958999999999999986e+01
1.403584721565246582e+03	2.955999999999999872e+01
1.406047379493713379e+03	2.958999999999999986e+01
1.408510689735412598e+03	2.955999999999999872e+01
1.410972510576248169e+03	2.962999999999999901e+01
1.413435418844223022e+03	2.955999999999999872e+01
1.415897733688354492e+03	2.955999999999999872e+01
1.418360375165939331e+03	2.958999999999999986e+01
1.420823674440383911e+03	2.955999999999999872e+01
1.423285807609558105e+03	2.958999999999999986e+01
1.425748488187789917e+03	2.955999999999999872e+01
1.428210239648818970e+03	2.955999999999999872e+01
1.430674016952514648e+03	2.955999999999999872e+01
1.433136116981506348e+03	2.955999999999999872e+01
1.435598215103149414e+03	2.958999999999999986e+01
1.438061822652816772e+03	2.955999999999999872e+01
1.440524426460266113e+03	2.958999999999999986e+01
1.442986318588256836e+03	2.955999999999999872e+01
1.445449027538299561e+03	2.953000000000000114e+01
1.447911811113357544e+03	2.953000000000000114e+01
1.450373803853988647e+03	2.953000000000000114e+01
1.452836951971054077e+03	2.953000000000000114e+01
1.455299461603164673e+03	2.958999999999999986e+01
1.457762148857116699e+03	2.953000000000000114e+01
1.460224419832229614e+03	2.953000000000000114e+01
1.462687512874603271e+03	2.955999999999999872e+01
1.465149915456771851e+03	2.953000000000000114e+01
1.467612011432647705e+03	2.953000000000000114e+01
1.470074588775634766e+03	2.955999999999999872e+01
1.472537908792495728e+03	2.955999999999999872e+01
1.475000190973281860e+03	2.955999999999999872e+01
