# 20220727
# time			temp			
0.000000000000000000e+00	2.980000000000000071e+01
2.463436841964721680e+00	2.982999999999999829e+01
4.926177740097045898e+00	2.985999999999999943e+01
7.388188362121582031e+00	2.980000000000000071e+01
9.850287675857543945e+00	2.989999999999999858e+01
1.231348085403442383e+01	2.982999999999999829e+01
1.477562189102172852e+01	2.982999999999999829e+01
1.723852467536926270e+01	2.980000000000000071e+01
1.970109176635742188e+01	2.985999999999999943e+01
2.216413736343383789e+01	2.982999999999999829e+01
2.462698650360107422e+01	2.980000000000000071e+01
2.708852744102478027e+01	2.982999999999999829e+01
2.955157279968261719e+01	2.985999999999999943e+01
3.201332569122314453e+01	2.985999999999999943e+01
3.447621059417724609e+01	2.985999999999999943e+01
3.693926739692687988e+01	2.985999999999999943e+01
3.940279173851013184e+01	2.985999999999999943e+01
4.186426258087158203e+01	2.985999999999999943e+01
4.432680821418762207e+01	2.989999999999999858e+01
4.678913164138793945e+01	2.985999999999999943e+01
4.925304412841796875e+01	2.985999999999999943e+01
5.171534442901611328e+01	2.985999999999999943e+01
5.417759799957275391e+01	2.985999999999999943e+01
5.664056539535522461e+01	2.985999999999999943e+01
5.910249638557434082e+01	2.985999999999999943e+01
6.156534290313720703e+01	2.985999999999999943e+01
6.402795505523681641e+01	2.980000000000000071e+01
6.649099993705749512e+01	2.985999999999999943e+01
6.895306944847106934e+01	2.982999999999999829e+01
7.141559243202209473e+01	2.982999999999999829e+01
7.387821674346923828e+01	2.982999999999999829e+01
7.634131360054016113e+01	2.980000000000000071e+01
7.880439949035644531e+01	2.982999999999999829e+01
8.126611471176147461e+01	2.985999999999999943e+01
8.372867155075073242e+01	2.985999999999999943e+01
8.619211006164550781e+01	2.982999999999999829e+01
8.865479779243469238e+01	2.985999999999999943e+01
9.111655068397521973e+01	2.985999999999999943e+01
9.358002352714538574e+01	2.985999999999999943e+01
9.604189538955688477e+01	2.989999999999999858e+01
9.850495862960815430e+01	2.985999999999999943e+01
1.009670481681823730e+02	2.989999999999999858e+01
1.034293732643127441e+02	2.989999999999999858e+01
1.058924024105072021e+02	2.989999999999999858e+01
1.083548910617828369e+02	2.985999999999999943e+01
1.108181295394897461e+02	2.985999999999999943e+01
1.132801442146301270e+02	2.982999999999999829e+01
1.157424786090850830e+02	2.985999999999999943e+01
1.182054719924926758e+02	2.980000000000000071e+01
1.206682555675506592e+02	2.980000000000000071e+01
1.231315250396728516e+02	2.982999999999999829e+01
1.255933921337127686e+02	2.989999999999999858e+01
1.280560531616210938e+02	2.985999999999999943e+01
1.305189142227172852e+02	2.989999999999999858e+01
1.329817130565643311e+02	2.985999999999999943e+01
1.354438540935516357e+02	2.985999999999999943e+01
1.379058215618133545e+02	2.985999999999999943e+01
1.403688611984252930e+02	2.989999999999999858e+01
1.428318192958831787e+02	2.989999999999999858e+01
1.452946572303771973e+02	2.989999999999999858e+01
1.477567954063415527e+02	2.992999999999999972e+01
1.502197055816650391e+02	2.985999999999999943e+01
1.526824152469635010e+02	2.992999999999999972e+01
1.551443960666656494e+02	2.996999999999999886e+01
1.576078400611877441e+02	2.992999999999999972e+01
1.600694088935852051e+02	2.996999999999999886e+01
1.625321290493011475e+02	2.992999999999999972e+01
1.649953193664550781e+02	2.992999999999999972e+01
1.674579513072967529e+02	2.992999999999999972e+01
1.699207108020782471e+02	2.992999999999999972e+01
1.723825719356536865e+02	2.989999999999999858e+01
1.748452644348144531e+02	2.989999999999999858e+01
1.773083944320678711e+02	2.989999999999999858e+01
1.797707204818725586e+02	2.985999999999999943e+01
1.822339024543762207e+02	2.989999999999999858e+01
1.846963276863098145e+02	2.989999999999999858e+01
1.871582400798797607e+02	2.989999999999999858e+01
1.896210319995880127e+02	2.989999999999999858e+01
1.920840938091278076e+02	2.985999999999999943e+01
1.945469603538513184e+02	2.989999999999999858e+01
1.970084931850433350e+02	2.989999999999999858e+01
1.994719777107238770e+02	2.985999999999999943e+01
2.019342358112335205e+02	2.985999999999999943e+01
2.043968703746795654e+02	2.992999999999999972e+01
2.068591976165771484e+02	2.989999999999999858e+01
2.093220136165618896e+02	2.985999999999999943e+01
2.117845561504364014e+02	2.989999999999999858e+01
2.142475764751434326e+02	2.985999999999999943e+01
2.167102317810058594e+02	2.985999999999999943e+01
2.191731207370758057e+02	2.989999999999999858e+01
2.216357085704803467e+02	2.985999999999999943e+01
2.240977146625518799e+02	2.985999999999999943e+01
2.265600161552429199e+02	2.989999999999999858e+01
2.290229079723358154e+02	2.989999999999999858e+01
2.314857885837554932e+02	2.985999999999999943e+01
2.339477796554565430e+02	2.989999999999999858e+01
2.364104061126708984e+02	2.985999999999999943e+01
2.388731563091278076e+02	2.985999999999999943e+01
2.413358631134033203e+02	2.985999999999999943e+01
2.437989349365234375e+02	2.982999999999999829e+01
2.462616937160491943e+02	2.985999999999999943e+01
2.487238311767578125e+02	2.985999999999999943e+01
2.511862592697143555e+02	2.980000000000000071e+01
2.536491961479187012e+02	2.982999999999999829e+01
2.561121897697448730e+02	2.982999999999999829e+01
2.585747439861297607e+02	2.982999999999999829e+01
2.610367994308471680e+02	2.982999999999999829e+01
2.634992334842681885e+02	2.985999999999999943e+01
2.659619095325469971e+02	2.985999999999999943e+01
2.684247767925262451e+02	2.985999999999999943e+01
2.708877873420715332e+02	2.985999999999999943e+01
2.733505082130432129e+02	2.985999999999999943e+01
2.758120284080505371e+02	2.989999999999999858e+01
2.782749979496002197e+02	2.982999999999999829e+01
2.807382094860076904e+02	2.985999999999999943e+01
2.832003054618835449e+02	2.985999999999999943e+01
2.856624639034271240e+02	2.985999999999999943e+01
2.881252002716064453e+02	2.985999999999999943e+01
2.905879607200622559e+02	2.985999999999999943e+01
2.930503823757171631e+02	2.982999999999999829e+01
2.955131781101226807e+02	2.989999999999999858e+01
2.979753532409667969e+02	2.985999999999999943e+01
3.004381704330444336e+02	2.982999999999999829e+01
3.029009971618652344e+02	2.989999999999999858e+01
3.053638596534729004e+02	2.989999999999999858e+01
3.078263063430786133e+02	2.985999999999999943e+01
3.102889544963836670e+02	2.989999999999999858e+01
3.127513394355773926e+02	2.985999999999999943e+01
3.152137749195098877e+02	2.989999999999999858e+01
3.176764526367187500e+02	2.989999999999999858e+01
3.201392004489898682e+02	2.985999999999999943e+01
3.226025969982147217e+02	2.985999999999999943e+01
3.250644898414611816e+02	2.985999999999999943e+01
3.275278155803680420e+02	2.982999999999999829e+01
3.299896934032440186e+02	2.985999999999999943e+01
3.324518718719482422e+02	2.982999999999999829e+01
3.349146485328674316e+02	2.985999999999999943e+01
3.373770711421966553e+02	2.985999999999999943e+01
3.398398869037628174e+02	2.989999999999999858e+01
3.423026118278503418e+02	2.982999999999999829e+01
3.447653653621673584e+02	2.982999999999999829e+01
3.472284088134765625e+02	2.985999999999999943e+01
3.496901719570159912e+02	2.985999999999999943e+01
3.521532526016235352e+02	2.985999999999999943e+01
3.546161248683929443e+02	2.985999999999999943e+01
3.570776743888854980e+02	2.985999999999999943e+01
3.595408906936645508e+02	2.985999999999999943e+01
3.620041522979736328e+02	2.985999999999999943e+01
3.644663465023040771e+02	2.982999999999999829e+01
3.669285366535186768e+02	2.985999999999999943e+01
3.693913896083831787e+02	2.982999999999999829e+01
3.718545787334442139e+02	2.982999999999999829e+01
3.743168828487396240e+02	2.985999999999999943e+01
3.767791666984558105e+02	2.985999999999999943e+01
3.792417781352996826e+02	2.985999999999999943e+01
3.817049269676208496e+02	2.982999999999999829e+01
3.841666667461395264e+02	2.989999999999999858e+01
3.866302037239074707e+02	2.985999999999999943e+01
3.890920209884643555e+02	2.985999999999999943e+01
3.915549232959747314e+02	2.985999999999999943e+01
3.940175828933715820e+02	2.982999999999999829e+01
3.964799470901489258e+02	2.985999999999999943e+01
3.989419076442718506e+02	2.982999999999999829e+01
4.014056270122528076e+02	2.985999999999999943e+01
4.038680076599121094e+02	2.982999999999999829e+01
4.063305158615112305e+02	2.982999999999999829e+01
4.087930631637573242e+02	2.982999999999999829e+01
4.112553935050964355e+02	2.982999999999999829e+01
4.137185299396514893e+02	2.982999999999999829e+01
4.161814701557159424e+02	2.982999999999999829e+01
4.186439561843872070e+02	2.985999999999999943e+01
4.211068308353424072e+02	2.985999999999999943e+01
4.235688078403472900e+02	2.989999999999999858e+01
4.260315837860107422e+02	2.989999999999999858e+01
4.284936335086822510e+02	2.992999999999999972e+01
4.309570868015289307e+02	2.989999999999999858e+01
4.334199333190917969e+02	2.985999999999999943e+01
4.358820886611938477e+02	2.989999999999999858e+01
4.383440427780151367e+02	2.989999999999999858e+01
4.408075983524322510e+02	2.992999999999999972e+01
4.432699017524719238e+02	2.989999999999999858e+01
4.457323396205902100e+02	2.992999999999999972e+01
4.481947438716888428e+02	2.992999999999999972e+01
4.506578168869018555e+02	2.989999999999999858e+01
4.531208109855651855e+02	2.989999999999999858e+01
4.555833451747894287e+02	2.989999999999999858e+01
4.580459897518157959e+02	2.982999999999999829e+01
4.605084078311920166e+02	2.989999999999999858e+01
4.629703936576843262e+02	2.989999999999999858e+01
4.654338302612304688e+02	2.985999999999999943e+01
4.678955683708190918e+02	2.985999999999999943e+01
4.703586752414703369e+02	2.985999999999999943e+01
4.728218407630920410e+02	2.985999999999999943e+01
4.752839877605438232e+02	2.985999999999999943e+01
4.777460069656372070e+02	2.982999999999999829e+01
4.802085380554199219e+02	2.982999999999999829e+01
4.826716656684875488e+02	2.982999999999999829e+01
4.851340224742889404e+02	2.985999999999999943e+01
4.875971918106079102e+02	2.985999999999999943e+01
4.900596642494201660e+02	2.982999999999999829e+01
4.925217769145965576e+02	2.989999999999999858e+01
4.949852013587951660e+02	2.985999999999999943e+01
4.974477736949920654e+02	2.985999999999999943e+01
4.999093997478485107e+02	2.985999999999999943e+01
5.023719620704650879e+02	2.982999999999999829e+01
5.048356945514678955e+02	2.985999999999999943e+01
5.072971575260162354e+02	2.985999999999999943e+01
5.097602322101593018e+02	2.982999999999999829e+01
5.122228660583496094e+02	2.985999999999999943e+01
5.146858050823211670e+02	2.985999999999999943e+01
5.171470363140106201e+02	2.982999999999999829e+01
5.196110734939575195e+02	2.982999999999999829e+01
5.220735311508178711e+02	2.985999999999999943e+01
5.245362911224365234e+02	2.982999999999999829e+01
5.269981727600097656e+02	2.982999999999999829e+01
5.294604952335357666e+02	2.982999999999999829e+01
5.319226429462432861e+02	2.985999999999999943e+01
5.343865056037902832e+02	2.985999999999999943e+01
5.368485486507415771e+02	2.982999999999999829e+01
5.393107099533081055e+02	2.985999999999999943e+01
5.417742490768432617e+02	2.989999999999999858e+01
5.442362239360809326e+02	2.985999999999999943e+01
5.466989059448242188e+02	2.982999999999999829e+01
5.491621968746185303e+02	2.985999999999999943e+01
5.516240775585174561e+02	2.985999999999999943e+01
5.540873336791992188e+02	2.989999999999999858e+01
5.565498917102813721e+02	2.989999999999999858e+01
5.590126450061798096e+02	2.982999999999999829e+01
5.614745335578918457e+02	2.985999999999999943e+01
5.639378581047058105e+02	2.989999999999999858e+01
5.664003944396972656e+02	2.989999999999999858e+01
5.688632791042327881e+02	2.992999999999999972e+01
5.713250882625579834e+02	2.992999999999999972e+01
5.737881619930267334e+02	2.989999999999999858e+01
5.762501423358917236e+02	2.989999999999999858e+01
5.787130362987518311e+02	2.989999999999999858e+01
5.811755018234252930e+02	2.992999999999999972e+01
5.836387205123901367e+02	2.989999999999999858e+01
5.861003749370574951e+02	2.989999999999999858e+01
5.885637977123260498e+02	2.989999999999999858e+01
5.910265555381774902e+02	2.989999999999999858e+01
5.934893140792846680e+02	2.989999999999999858e+01
5.959516839981079102e+02	2.992999999999999972e+01
5.984141440391540527e+02	2.992999999999999972e+01
6.008769848346710205e+02	2.992999999999999972e+01
6.033393244743347168e+02	2.985999999999999943e+01
6.058020231723785400e+02	2.989999999999999858e+01
6.082651484012603760e+02	2.992999999999999972e+01
6.107276966571807861e+02	2.985999999999999943e+01
6.131903190612792969e+02	2.989999999999999858e+01
6.156529641151428223e+02	2.989999999999999858e+01
6.181147596836090088e+02	2.982999999999999829e+01
6.205779645442962646e+02	2.982999999999999829e+01
6.230399389266967773e+02	2.985999999999999943e+01
6.255034058094024658e+02	2.985999999999999943e+01
6.279652774333953857e+02	2.985999999999999943e+01
6.304282116889953613e+02	2.985999999999999943e+01
6.328907859325408936e+02	2.982999999999999829e+01
6.353533504009246826e+02	2.982999999999999829e+01
6.378158748149871826e+02	2.980000000000000071e+01
6.402781248092651367e+02	2.985999999999999943e+01
6.427414746284484863e+02	2.982999999999999829e+01
6.452040565013885498e+02	2.982999999999999829e+01
6.476666841506958008e+02	2.982999999999999829e+01
6.501293237209320068e+02	2.982999999999999829e+01
6.525913097858428955e+02	2.985999999999999943e+01
6.550538396835327148e+02	2.985999999999999943e+01
6.575160591602325439e+02	2.985999999999999943e+01
6.599790637493133545e+02	2.989999999999999858e+01
6.624419374465942383e+02	2.985999999999999943e+01
6.649046056270599365e+02	2.992999999999999972e+01
6.673666777610778809e+02	2.985999999999999943e+01
6.698299560546875000e+02	2.985999999999999943e+01
6.722918841838836670e+02	2.980000000000000071e+01
6.747556231021881104e+02	2.989999999999999858e+01
6.772171013355255127e+02	2.985999999999999943e+01
6.796797466278076172e+02	2.989999999999999858e+01
6.821424005031585693e+02	2.985999999999999943e+01
6.846050059795379639e+02	2.989999999999999858e+01
6.870678741931915283e+02	2.989999999999999858e+01
6.895305604934692383e+02	2.989999999999999858e+01
6.919937655925750732e+02	2.985999999999999943e+01
6.944562723636627197e+02	2.985999999999999943e+01
6.969185807704925537e+02	2.985999999999999943e+01
6.993812873363494873e+02	2.989999999999999858e+01
7.018437788486480713e+02	2.985999999999999943e+01
7.043065354824066162e+02	2.985999999999999943e+01
7.067683842182159424e+02	2.985999999999999943e+01
7.092318818569183350e+02	2.985999999999999943e+01
7.116939175128936768e+02	2.985999999999999943e+01
7.141566300392150879e+02	2.982999999999999829e+01
7.166187565326690674e+02	2.982999999999999829e+01
7.190816507339477539e+02	2.982999999999999829e+01
7.215445160865783691e+02	2.985999999999999943e+01
7.240073158740997314e+02	2.985999999999999943e+01
7.264700491428375244e+02	2.982999999999999829e+01
7.289327697753906250e+02	2.985999999999999943e+01
7.313955917358398438e+02	2.989999999999999858e+01
7.338581054210662842e+02	2.985999999999999943e+01
7.363205540180206299e+02	2.989999999999999858e+01
7.387827112674713135e+02	2.989999999999999858e+01
7.412455570697784424e+02	2.989999999999999858e+01
7.437086095809936523e+02	2.992999999999999972e+01
7.461711344718933105e+02	2.989999999999999858e+01
7.486334517002105713e+02	2.996999999999999886e+01
7.510962932109832764e+02	2.989999999999999858e+01
7.535582671165466309e+02	2.992999999999999972e+01
7.560210335254669189e+02	2.989999999999999858e+01
7.584833104610443115e+02	2.989999999999999858e+01
7.609468796253204346e+02	2.992999999999999972e+01
7.634096257686614990e+02	2.992999999999999972e+01
7.658717467784881592e+02	2.992999999999999972e+01
7.683344790935516357e+02	2.992999999999999972e+01
7.707965626716613770e+02	2.985999999999999943e+01
7.732601087093353271e+02	2.989999999999999858e+01
7.757217195034027100e+02	2.989999999999999858e+01
7.781845421791076660e+02	2.992999999999999972e+01
7.806480870246887207e+02	2.989999999999999858e+01
7.831104416847229004e+02	2.989999999999999858e+01
7.855729448795318604e+02	2.989999999999999858e+01
7.880351533889770508e+02	2.989999999999999858e+01
7.904981193542480469e+02	2.992999999999999972e+01
7.929606208801269531e+02	2.989999999999999858e+01
7.954232511520385742e+02	2.989999999999999858e+01
7.978857855796813965e+02	2.992999999999999972e+01
8.003483514785766602e+02	2.992999999999999972e+01
8.028106491565704346e+02	2.989999999999999858e+01
8.052741110324859619e+02	2.989999999999999858e+01
8.077363047599792480e+02	2.989999999999999858e+01
8.101988618373870850e+02	2.992999999999999972e+01
8.126620657444000244e+02	2.989999999999999858e+01
8.151232540607452393e+02	2.982999999999999829e+01
8.175869679450988770e+02	2.992999999999999972e+01
8.200495996475219727e+02	2.985999999999999943e+01
8.225117614269256592e+02	2.985999999999999943e+01
8.249749922752380371e+02	2.989999999999999858e+01
8.274374558925628662e+02	2.980000000000000071e+01
8.298995642662048340e+02	2.982999999999999829e+01
8.323622720241546631e+02	2.989999999999999858e+01
8.348248314857482910e+02	2.989999999999999858e+01
8.372876944541931152e+02	2.985999999999999943e+01
8.397498855590820312e+02	2.982999999999999829e+01
8.422132627964019775e+02	2.989999999999999858e+01
8.446757774353027344e+02	2.985999999999999943e+01
8.471382765769958496e+02	2.989999999999999858e+01
8.496010553836822510e+02	2.989999999999999858e+01
8.520633842945098877e+02	2.992999999999999972e+01
8.545255179405212402e+02	2.989999999999999858e+01
8.569881019592285156e+02	2.989999999999999858e+01
8.594508717060089111e+02	2.985999999999999943e+01
8.619130232334136963e+02	2.992999999999999972e+01
8.643766529560089111e+02	2.989999999999999858e+01
8.668389563560485840e+02	2.992999999999999972e+01
8.693017389774322510e+02	2.989999999999999858e+01
8.717644543647766113e+02	2.992999999999999972e+01
8.742266457080841064e+02	2.989999999999999858e+01
8.766889584064483643e+02	2.992999999999999972e+01
8.791525099277496338e+02	2.992999999999999972e+01
8.816148052215576172e+02	2.989999999999999858e+01
8.840771696567535400e+02	2.992999999999999972e+01
8.865397651195526123e+02	2.992999999999999972e+01
8.890023782253265381e+02	2.989999999999999858e+01
8.914646885395050049e+02	2.992999999999999972e+01
8.939275691509246826e+02	2.989999999999999858e+01
8.963900485038757324e+02	2.989999999999999858e+01
8.988526306152343750e+02	2.989999999999999858e+01
9.013151383399963379e+02	2.989999999999999858e+01
9.037785944938659668e+02	2.989999999999999858e+01
9.062413251399993896e+02	2.989999999999999858e+01
9.087030401229858398e+02	2.989999999999999858e+01
9.111664378643035889e+02	2.992999999999999972e+01
9.136290035247802734e+02	2.989999999999999858e+01
9.160914115905761719e+02	2.989999999999999858e+01
9.185542173385620117e+02	2.985999999999999943e+01
9.210168395042419434e+02	2.989999999999999858e+01
9.234791853427886963e+02	2.989999999999999858e+01
9.259415123462677002e+02	2.992999999999999972e+01
9.284044580459594727e+02	2.992999999999999972e+01
9.308666205406188965e+02	2.992999999999999972e+01
9.333301656246185303e+02	2.992999999999999972e+01
9.357922203540802002e+02	2.989999999999999858e+01
9.382541396617889404e+02	2.989999999999999858e+01
9.407176630496978760e+02	2.992999999999999972e+01
9.431804711818695068e+02	2.992999999999999972e+01
9.456433207988739014e+02	2.992999999999999972e+01
9.481053905487060547e+02	2.989999999999999858e+01
9.505685124397277832e+02	2.989999999999999858e+01
9.530311250686645508e+02	2.992999999999999972e+01
9.554936954975128174e+02	2.989999999999999858e+01
9.579554712772369385e+02	2.989999999999999858e+01
9.604181249141693115e+02	2.992999999999999972e+01
9.628812580108642578e+02	2.992999999999999972e+01
9.653437516689300537e+02	2.992999999999999972e+01
9.678058347702026367e+02	2.992999999999999972e+01
9.702695353031158447e+02	2.989999999999999858e+01
9.727313587665557861e+02	2.989999999999999858e+01
9.751946325302124023e+02	2.989999999999999858e+01
9.776573498249053955e+02	2.992999999999999972e+01
9.801195554733276367e+02	2.985999999999999943e+01
9.825823562145233154e+02	2.989999999999999858e+01
9.850453412532806396e+02	2.989999999999999858e+01
9.875070612430572510e+02	2.985999999999999943e+01
9.899704725742340088e+02	2.985999999999999943e+01
9.924329493045806885e+02	2.989999999999999858e+01
9.948944065570831299e+02	2.989999999999999858e+01
9.973581357002258301e+02	2.989999999999999858e+01
9.998200628757476807e+02	2.985999999999999943e+01
1.002283654451370239e+03	2.989999999999999858e+01
1.004745481729507446e+03	2.989999999999999858e+01
1.007208776473999023e+03	2.985999999999999943e+01
1.009670701265335083e+03	2.985999999999999943e+01
1.012133605718612671e+03	2.985999999999999943e+01
1.014596384286880493e+03	2.989999999999999858e+01
1.017058762073516846e+03	2.989999999999999858e+01
1.019521852970123291e+03	2.985999999999999943e+01
1.021983986139297485e+03	2.989999999999999858e+01
1.024447091341018677e+03	2.989999999999999858e+01
1.026909550189971924e+03	2.989999999999999858e+01
1.029371592998504639e+03	2.985999999999999943e+01
1.031834685325622559e+03	2.985999999999999943e+01
1.034296369314193726e+03	2.985999999999999943e+01
1.036759624719619751e+03	2.982999999999999829e+01
1.039222005367279053e+03	2.985999999999999943e+01
1.041684449672698975e+03	2.989999999999999858e+01
1.044147701978683472e+03	2.985999999999999943e+01
1.046610548019409180e+03	2.985999999999999943e+01
1.049072670459747314e+03	2.985999999999999943e+01
1.051535475254058838e+03	2.985999999999999943e+01
1.053997654914855957e+03	2.985999999999999943e+01
1.056460095643997192e+03	2.989999999999999858e+01
1.058922615051269531e+03	2.985999999999999943e+01
1.061385622024536133e+03	2.989999999999999858e+01
1.063848906040191650e+03	2.985999999999999943e+01
1.066311388731002808e+03	2.985999999999999943e+01
1.068773851156234741e+03	2.982999999999999829e+01
1.071235956430435181e+03	2.989999999999999858e+01
1.073699043512344360e+03	2.985999999999999943e+01
1.076161535978317261e+03	2.985999999999999943e+01
1.078623959779739380e+03	2.982999999999999829e+01
1.081086707115173340e+03	2.985999999999999943e+01
1.083549665212631226e+03	2.985999999999999943e+01
1.086012393236160278e+03	2.985999999999999943e+01
1.088474071264266968e+03	2.985999999999999943e+01
1.090936481714248657e+03	2.985999999999999943e+01
1.093399715900421143e+03	2.982999999999999829e+01
1.095861784219741821e+03	2.982999999999999829e+01
1.098325147151947021e+03	2.985999999999999943e+01
1.100787419080734253e+03	2.985999999999999943e+01
1.103249936103820801e+03	2.985999999999999943e+01
1.105713183403015137e+03	2.982999999999999829e+01
1.108175458431243896e+03	2.982999999999999829e+01
1.110638187646865845e+03	2.985999999999999943e+01
1.113100839138031006e+03	2.985999999999999943e+01
1.115563483476638794e+03	2.985999999999999943e+01
1.118025644540786743e+03	2.985999999999999943e+01
1.120488530635833740e+03	2.985999999999999943e+01
1.122951238393783569e+03	2.989999999999999858e+01
1.125413169384002686e+03	2.992999999999999972e+01
1.127876579761505127e+03	2.985999999999999943e+01
1.130338458538055420e+03	2.989999999999999858e+01
1.132801356792449951e+03	2.989999999999999858e+01
1.135264285326004028e+03	2.989999999999999858e+01
1.137726530790328979e+03	2.989999999999999858e+01
1.140189519882202148e+03	2.989999999999999858e+01
1.142652014493942261e+03	2.982999999999999829e+01
1.145114406347274780e+03	2.985999999999999943e+01
1.147576728820800781e+03	2.985999999999999943e+01
1.150039680957794189e+03	2.985999999999999943e+01
1.152502424240112305e+03	2.989999999999999858e+01
1.154965327024459839e+03	2.985999999999999943e+01
1.157427998781204224e+03	2.985999999999999943e+01
1.159890301942825317e+03	2.989999999999999858e+01
1.162353279352188110e+03	2.985999999999999943e+01
1.164815088987350464e+03	2.985999999999999943e+01
1.167278444766998291e+03	2.985999999999999943e+01
1.169740293025970459e+03	2.985999999999999943e+01
1.172203670024871826e+03	2.982999999999999829e+01
1.174665878534317017e+03	2.982999999999999829e+01
1.177128132104873657e+03	2.985999999999999943e+01
1.179591246843338013e+03	2.985999999999999943e+01
1.182053643226623535e+03	2.985999999999999943e+01
1.184516650199890137e+03	2.982999999999999829e+01
1.186978450298309326e+03	2.982999999999999829e+01
1.189441530942916870e+03	2.989999999999999858e+01
1.191904684305191040e+03	2.992999999999999972e+01
1.194366376161575317e+03	2.989999999999999858e+01
1.196829811334609985e+03	2.989999999999999858e+01
1.199291949748992920e+03	2.992999999999999972e+01
1.201755220890045166e+03	2.992999999999999972e+01
1.204217617273330688e+03	2.989999999999999858e+01
1.206679788112640381e+03	2.992999999999999972e+01
1.209142125129699707e+03	2.989999999999999858e+01
1.211605380058288574e+03	2.992999999999999972e+01
1.214067753791809082e+03	2.989999999999999858e+01
1.216530765771865845e+03	2.989999999999999858e+01
1.218993361949920654e+03	2.989999999999999858e+01
1.221456165075302124e+03	2.985999999999999943e+01
1.223918171644210815e+03	2.985999999999999943e+01
1.226380926609039307e+03	2.992999999999999972e+01
1.228843784332275391e+03	2.989999999999999858e+01
1.231305788993835449e+03	2.992999999999999972e+01
1.233768733739852905e+03	2.996999999999999886e+01
1.236231406927108765e+03	2.992999999999999972e+01
1.238694536924362183e+03	2.989999999999999858e+01
1.241156406402587891e+03	2.992999999999999972e+01
1.243619237661361694e+03	2.989999999999999858e+01
1.246082179784774780e+03	2.989999999999999858e+01
1.248544919967651367e+03	2.989999999999999858e+01
1.251006056785583496e+03	2.992999999999999972e+01
1.253469783782958984e+03	2.989999999999999858e+01
1.255932826042175293e+03	2.989999999999999858e+01
1.258395465373992920e+03	2.989999999999999858e+01
1.260857782363891602e+03	2.989999999999999858e+01
1.263320029020309448e+03	2.989999999999999858e+01
1.265783418655395508e+03	2.992999999999999972e+01
1.268245094776153564e+03	2.989999999999999858e+01
1.270708226680755615e+03	2.992999999999999972e+01
1.273170489072799683e+03	2.989999999999999858e+01
1.275633700132369995e+03	2.992999999999999972e+01
1.278095526456832886e+03	2.996999999999999886e+01
1.280558652400970459e+03	2.989999999999999858e+01
1.283020932435989380e+03	2.989999999999999858e+01
1.285483834266662598e+03	2.992999999999999972e+01
1.287946537971496582e+03	2.992999999999999972e+01
1.290408169746398926e+03	2.989999999999999858e+01
1.292870820045471191e+03	2.992999999999999972e+01
1.295334253311157227e+03	2.992999999999999972e+01
1.297796693801879883e+03	2.992999999999999972e+01
1.300259360074996948e+03	2.989999999999999858e+01
1.302722069740295410e+03	2.992999999999999972e+01
1.305183827161788940e+03	2.989999999999999858e+01
1.307647780656814575e+03	2.989999999999999858e+01
1.310110099315643311e+03	2.985999999999999943e+01
1.312572915792465210e+03	2.989999999999999858e+01
1.315035534620285034e+03	2.989999999999999858e+01
1.317498078107833862e+03	2.985999999999999943e+01
1.319960838794708252e+03	2.992999999999999972e+01
1.322423325777053833e+03	2.989999999999999858e+01
1.324885744810104370e+03	2.985999999999999943e+01
1.327348762273788452e+03	2.985999999999999943e+01
1.329810670852661133e+03	2.989999999999999858e+01
1.332273787975311279e+03	2.989999999999999858e+01
1.334736621379852295e+03	2.982999999999999829e+01
1.337198872804641724e+03	2.985999999999999943e+01
1.339661739826202393e+03	2.989999999999999858e+01
1.342124053239822388e+03	2.989999999999999858e+01
1.344586874246597290e+03	2.989999999999999858e+01
1.347048889875411987e+03	2.989999999999999858e+01
1.349511663436889648e+03	2.982999999999999829e+01
1.351974161148071289e+03	2.985999999999999943e+01
1.354436755180358887e+03	2.985999999999999943e+01
1.356899807929992676e+03	2.985999999999999943e+01
1.359362826824188232e+03	2.985999999999999943e+01
1.361825189590454102e+03	2.985999999999999943e+01
1.364287412166595459e+03	2.985999999999999943e+01
1.366750412225723267e+03	2.985999999999999943e+01
1.369212548494338989e+03	2.985999999999999943e+01
1.371675970554351807e+03	2.982999999999999829e+01
1.374137251138687134e+03	2.985999999999999943e+01
1.376600493192672729e+03	2.985999999999999943e+01
1.379063418149948120e+03	2.982999999999999829e+01
1.381525828599929810e+03	2.985999999999999943e+01
1.383988921642303467e+03	2.985999999999999943e+01
1.386450752973556519e+03	2.985999999999999943e+01
1.388913926124572754e+03	2.989999999999999858e+01
1.391376715898513794e+03	2.989999999999999858e+01
1.393839341402053833e+03	2.989999999999999858e+01
1.396300957679748535e+03	2.989999999999999858e+01
1.398764563322067261e+03	2.989999999999999858e+01
1.401227092027664185e+03	2.989999999999999858e+01
1.403689565896987915e+03	2.992999999999999972e+01
1.406151836633682251e+03	2.985999999999999943e+01
1.408614707469940186e+03	2.985999999999999943e+01
1.411077533721923828e+03	2.985999999999999943e+01
1.413539486408233643e+03	2.992999999999999972e+01
1.416002607107162476e+03	2.989999999999999858e+01
1.418464804172515869e+03	2.982999999999999829e+01
1.420927668809890747e+03	2.989999999999999858e+01
1.423389990806579590e+03	2.985999999999999943e+01
1.425852553367614746e+03	2.989999999999999858e+01
1.428315622091293335e+03	2.989999999999999858e+01
1.430777790784835815e+03	2.992999999999999972e+01
1.433240915775299072e+03	2.989999999999999858e+01
1.435703666210174561e+03	2.992999999999999972e+01
1.438166465759277344e+03	2.985999999999999943e+01
1.440628899812698364e+03	2.992999999999999972e+01
1.443091812133789062e+03	2.985999999999999943e+01
1.445553861141204834e+03	2.992999999999999972e+01
1.448016534328460693e+03	2.989999999999999858e+01
1.450479405403137207e+03	2.992999999999999972e+01
1.452941737174987793e+03	2.989999999999999858e+01
1.455403832197189331e+03	2.996999999999999886e+01
1.457866739273071289e+03	2.992999999999999972e+01
1.460329646825790405e+03	2.992999999999999972e+01
1.462792787313461304e+03	2.996999999999999886e+01
1.465255547285079956e+03	2.992999999999999972e+01
1.467717644929885864e+03	2.996999999999999886e+01
1.470180228233337402e+03	2.992999999999999972e+01
1.472642788648605347e+03	2.992999999999999972e+01
1.475105514526367188e+03	2.989999999999999858e+01
