# 20220728
# time			temp			
0.000000000000000000e+00	2.980000000000000071e+01
2.462013483047485352e+00	2.980000000000000071e+01
4.925529479980468750e+00	2.985999999999999943e+01
7.387358903884887695e+00	2.980000000000000071e+01
9.850162744522094727e+00	2.980000000000000071e+01
1.231280088424682617e+01	2.982999999999999829e+01
1.477586150169372559e+01	2.980000000000000071e+01
1.723791980743408203e+01	2.982999999999999829e+01
1.970021414756774902e+01	2.982999999999999829e+01
2.216325616836547852e+01	2.982999999999999829e+01
2.462539148330688477e+01	2.982999999999999829e+01
2.708791756629943848e+01	2.982999999999999829e+01
2.955061197280883789e+01	2.982999999999999829e+01
3.201369524002075195e+01	2.982999999999999829e+01
3.447561669349670410e+01	2.980000000000000071e+01
3.693912720680236816e+01	2.982999999999999829e+01
3.940135097503662109e+01	2.980000000000000071e+01
4.186413240432739258e+01	2.980000000000000071e+01
4.432647848129272461e+01	2.982999999999999829e+01
4.678906035423278809e+01	2.980000000000000071e+01
4.925236988067626953e+01	2.985999999999999943e+01
5.171440649032592773e+01	2.980000000000000071e+01
5.417643141746520996e+01	2.980000000000000071e+01
5.663965582847595215e+01	2.982999999999999829e+01
5.910239315032958984e+01	2.980000000000000071e+01
6.156442689895629883e+01	2.982999999999999829e+01
6.402650761604309082e+01	2.980000000000000071e+01
6.648963737487792969e+01	2.982999999999999829e+01
6.895285987854003906e+01	2.982999999999999829e+01
7.141503453254699707e+01	2.980000000000000071e+01
7.387706041336059570e+01	2.976000000000000156e+01
7.634087061882019043e+01	2.976000000000000156e+01
7.880239868164062500e+01	2.982999999999999829e+01
8.126579356193542480e+01	2.982999999999999829e+01
8.372848200798034668e+01	2.982999999999999829e+01
8.619082355499267578e+01	2.980000000000000071e+01
8.865326595306396484e+01	2.980000000000000071e+01
9.111572432518005371e+01	2.980000000000000071e+01
9.357838082313537598e+01	2.980000000000000071e+01
9.604130530357360840e+01	2.982999999999999829e+01
9.850350403785705566e+01	2.980000000000000071e+01
1.009656205177307129e+02	2.980000000000000071e+01
1.034287364482879639e+02	2.980000000000000071e+01
1.058912549018859863e+02	2.980000000000000071e+01
1.083535170555114746e+02	2.982999999999999829e+01
1.108161268234252930e+02	2.982999999999999829e+01
1.132786290645599365e+02	2.980000000000000071e+01
1.157412238121032715e+02	2.980000000000000071e+01
1.182039492130279541e+02	2.980000000000000071e+01
1.206674833297729492e+02	2.982999999999999829e+01
1.231296455860137939e+02	2.982999999999999829e+01
1.255920503139495850e+02	2.980000000000000071e+01
1.280547752380371094e+02	2.980000000000000071e+01
1.305181486606597900e+02	2.982999999999999829e+01
1.329796695709228516e+02	2.980000000000000071e+01
1.354416756629943848e+02	2.982999999999999829e+01
1.379050738811492920e+02	2.982999999999999829e+01
1.403677756786346436e+02	2.980000000000000071e+01
1.428303546905517578e+02	2.982999999999999829e+01
1.452931053638458252e+02	2.980000000000000071e+01
1.477554807662963867e+02	2.980000000000000071e+01
1.502177565097808838e+02	2.982999999999999829e+01
1.526808114051818848e+02	2.982999999999999829e+01
1.551430027484893799e+02	2.980000000000000071e+01
1.576064918041229248e+02	2.982999999999999829e+01
1.600679864883422852e+02	2.982999999999999829e+01
1.625319406986236572e+02	2.985999999999999943e+01
1.649932322502136230e+02	2.985999999999999943e+01
1.674570074081420898e+02	2.985999999999999943e+01
1.699187562465667725e+02	2.982999999999999829e+01
1.723816387653350830e+02	2.980000000000000071e+01
1.748441452980041504e+02	2.982999999999999829e+01
1.773074092864990234e+02	2.982999999999999829e+01
1.797701163291931152e+02	2.982999999999999829e+01
1.822315602302551270e+02	2.976000000000000156e+01
1.846948034763336182e+02	2.976000000000000156e+01
1.871575813293457031e+02	2.980000000000000071e+01
1.896202454566955566e+02	2.985999999999999943e+01
1.920822775363922119e+02	2.980000000000000071e+01
1.945453627109527588e+02	2.980000000000000071e+01
1.970073156356811523e+02	2.976000000000000156e+01
1.994705326557159424e+02	2.982999999999999829e+01
2.019334435462951660e+02	2.982999999999999829e+01
2.043955907821655273e+02	2.982999999999999829e+01
2.068578457832336426e+02	2.982999999999999829e+01
2.093200023174285889e+02	2.980000000000000071e+01
2.117831842899322510e+02	2.980000000000000071e+01
2.142460916042327881e+02	2.980000000000000071e+01
2.167088122367858887e+02	2.982999999999999829e+01
2.191711323261260986e+02	2.980000000000000071e+01
2.216337864398956299e+02	2.980000000000000071e+01
2.240952057838439941e+02	2.980000000000000071e+01
2.265583894252777100e+02	2.973000000000000043e+01
2.290217640399932861e+02	2.976000000000000156e+01
2.314841935634613037e+02	2.973000000000000043e+01
2.339464001655578613e+02	2.976000000000000156e+01
2.364092593193054199e+02	2.980000000000000071e+01
2.388721845149993896e+02	2.980000000000000071e+01
2.413344225883483887e+02	2.976000000000000156e+01
2.437971789836883545e+02	2.976000000000000156e+01
2.462592279911041260e+02	2.976000000000000156e+01
2.487225041389465332e+02	2.980000000000000071e+01
2.511847634315490723e+02	2.980000000000000071e+01
2.536472280025482178e+02	2.982999999999999829e+01
2.561103661060333252e+02	2.982999999999999829e+01
2.585727114677429199e+02	2.985999999999999943e+01
2.610347213745117188e+02	2.985999999999999943e+01
2.634981830120086670e+02	2.982999999999999829e+01
2.659609689712524414e+02	2.982999999999999829e+01
2.684233355522155762e+02	2.982999999999999829e+01
2.708861844539642334e+02	2.982999999999999829e+01
2.733480780124664307e+02	2.982999999999999829e+01
2.758110558986663818e+02	2.982999999999999829e+01
2.782737011909484863e+02	2.982999999999999829e+01
2.807355279922485352e+02	2.982999999999999829e+01
2.831990554332733154e+02	2.980000000000000071e+01
2.856614706516265869e+02	2.980000000000000071e+01
2.881232540607452393e+02	2.980000000000000071e+01
2.905870304107666016e+02	2.980000000000000071e+01
2.930490803718566895e+02	2.976000000000000156e+01
2.955118906497955322e+02	2.982999999999999829e+01
2.979744372367858887e+02	2.982999999999999829e+01
3.004366486072540283e+02	2.982999999999999829e+01
3.028990852832794189e+02	2.976000000000000156e+01
3.053623352050781250e+02	2.980000000000000071e+01
3.078242313861846924e+02	2.976000000000000156e+01
3.102872092723846436e+02	2.980000000000000071e+01
3.127501173019409180e+02	2.980000000000000071e+01
3.152111003398895264e+02	2.982999999999999829e+01
3.176745150089263916e+02	2.980000000000000071e+01
3.201378207206726074e+02	2.982999999999999829e+01
3.226003634929656982e+02	2.982999999999999829e+01
3.250623562335968018e+02	2.982999999999999829e+01
3.275253531932830811e+02	2.976000000000000156e+01
3.299878013134002686e+02	2.982999999999999829e+01
3.324504759311676025e+02	2.980000000000000071e+01
3.349132766723632812e+02	2.980000000000000071e+01
3.373755774497985840e+02	2.982999999999999829e+01
3.398380775451660156e+02	2.973000000000000043e+01
3.423012473583221436e+02	2.980000000000000071e+01
3.447636930942535400e+02	2.980000000000000071e+01
3.472258801460266113e+02	2.976000000000000156e+01
3.496885039806365967e+02	2.982999999999999829e+01
3.521513156890869141e+02	2.980000000000000071e+01
3.546136124134063721e+02	2.982999999999999829e+01
3.570761315822601318e+02	2.982999999999999829e+01
3.595391869544982910e+02	2.982999999999999829e+01
3.620015442371368408e+02	2.982999999999999829e+01
3.644639835357666016e+02	2.989999999999999858e+01
3.669265449047088623e+02	2.982999999999999829e+01
3.693894176483154297e+02	2.982999999999999829e+01
3.718522620201110840e+02	2.982999999999999829e+01
3.743139557838439941e+02	2.980000000000000071e+01
3.767775783538818359e+02	2.980000000000000071e+01
3.792401070594787598e+02	2.982999999999999829e+01
3.817022120952606201e+02	2.980000000000000071e+01
3.841653881072998047e+02	2.982999999999999829e+01
3.866276991367340088e+02	2.980000000000000071e+01
3.890901618003845215e+02	2.980000000000000071e+01
3.915526711940765381e+02	2.982999999999999829e+01
3.940155899524688721e+02	2.982999999999999829e+01
3.964783248901367188e+02	2.980000000000000071e+01
3.989410331249237061e+02	2.980000000000000071e+01
4.014030787944793701e+02	2.982999999999999829e+01
4.038652276992797852e+02	2.982999999999999829e+01
4.063282651901245117e+02	2.980000000000000071e+01
4.087904818058013916e+02	2.982999999999999829e+01
4.112540326118469238e+02	2.980000000000000071e+01
4.137156500816345215e+02	2.980000000000000071e+01
4.161791231632232666e+02	2.980000000000000071e+01
4.186407907009124756e+02	2.976000000000000156e+01
4.211039478778839111e+02	2.976000000000000156e+01
4.235669777393341064e+02	2.976000000000000156e+01
4.260293543338775635e+02	2.976000000000000156e+01
4.284913568496704102e+02	2.976000000000000156e+01
4.309540905952453613e+02	2.980000000000000071e+01
4.334173343181610107e+02	2.980000000000000071e+01
4.358790972232818604e+02	2.982999999999999829e+01
4.383421247005462646e+02	2.982999999999999829e+01
4.408047108650207520e+02	2.980000000000000071e+01
4.432671890258789062e+02	2.980000000000000071e+01
4.457298362255096436e+02	2.982999999999999829e+01
4.481924750804901123e+02	2.982999999999999829e+01
4.506554906368255615e+02	2.982999999999999829e+01
4.531181125640869141e+02	2.980000000000000071e+01
4.555801839828491211e+02	2.980000000000000071e+01
4.580424172878265381e+02	2.980000000000000071e+01
4.605051755905151367e+02	2.980000000000000071e+01
4.629683716297149658e+02	2.980000000000000071e+01
4.654295632839202881e+02	2.982999999999999829e+01
4.678934738636016846e+02	2.985999999999999943e+01
4.703563237190246582e+02	2.980000000000000071e+01
4.728181207180023193e+02	2.985999999999999943e+01
4.752810578346252441e+02	2.982999999999999829e+01
4.777437355518341064e+02	2.980000000000000071e+01
4.802060256004333496e+02	2.982999999999999829e+01
4.826683673858642578e+02	2.982999999999999829e+01
4.851311380863189697e+02	2.982999999999999829e+01
4.875935022830963135e+02	2.980000000000000071e+01
4.900568242073059082e+02	2.982999999999999829e+01
4.925192005634307861e+02	2.980000000000000071e+01
4.949812805652618408e+02	2.980000000000000071e+01
4.974443554878234863e+02	2.980000000000000071e+01
4.999067173004150391e+02	2.980000000000000071e+01
5.023701055049896240e+02	2.980000000000000071e+01
5.048324077129364014e+02	2.976000000000000156e+01
5.072951047420501709e+02	2.980000000000000071e+01
5.097571229934692383e+02	2.976000000000000156e+01
5.122194383144378662e+02	2.980000000000000071e+01
5.146821312904357910e+02	2.980000000000000071e+01
5.171455681324005127e+02	2.980000000000000071e+01
5.196082131862640381e+02	2.980000000000000071e+01
5.220704905986785889e+02	2.982999999999999829e+01
5.245331134796142578e+02	2.980000000000000071e+01
5.269958853721618652e+02	2.985999999999999943e+01
5.294575812816619873e+02	2.985999999999999943e+01
5.319203624725341797e+02	2.989999999999999858e+01
5.343830146789550781e+02	2.985999999999999943e+01
5.368463582992553711e+02	2.985999999999999943e+01
5.393082637786865234e+02	2.985999999999999943e+01
5.417706468105316162e+02	2.982999999999999829e+01
5.442341425418853760e+02	2.982999999999999829e+01
5.466966891288757324e+02	2.980000000000000071e+01
5.491591863632202148e+02	2.982999999999999829e+01
5.516212494373321533e+02	2.980000000000000071e+01
5.540849504470825195e+02	2.976000000000000156e+01
5.565465924739837646e+02	2.980000000000000071e+01
5.590093460083007812e+02	2.976000000000000156e+01
5.614722335338592529e+02	2.980000000000000071e+01
5.639338879585266113e+02	2.976000000000000156e+01
5.663972337245941162e+02	2.976000000000000156e+01
5.688599741458892822e+02	2.976000000000000156e+01
5.713217706680297852e+02	2.980000000000000071e+01
5.737844796180725098e+02	2.980000000000000071e+01
5.762478961944580078e+02	2.980000000000000071e+01
5.787093377113342285e+02	2.982999999999999829e+01
5.811721408367156982e+02	2.982999999999999829e+01
5.836354277133941650e+02	2.985999999999999943e+01
5.860970768928527832e+02	2.985999999999999943e+01
5.885600354671478271e+02	2.985999999999999943e+01
5.910233654975891113e+02	2.985999999999999943e+01
5.934853041172027588e+02	2.989999999999999858e+01
5.959487295150756836e+02	2.985999999999999943e+01
5.984105563163757324e+02	2.985999999999999943e+01
6.008731980323791504e+02	2.985999999999999943e+01
6.033355741500854492e+02	2.985999999999999943e+01
6.057981252670288086e+02	2.982999999999999829e+01
6.082615780830383301e+02	2.982999999999999829e+01
6.107234344482421875e+02	2.982999999999999829e+01
6.131863286495208740e+02	2.982999999999999829e+01
6.156491317749023438e+02	2.980000000000000071e+01
6.181112773418426514e+02	2.976000000000000156e+01
6.205742940902709961e+02	2.980000000000000071e+01
6.230365512371063232e+02	2.980000000000000071e+01
6.254998261928558350e+02	2.980000000000000071e+01
6.279614124298095703e+02	2.980000000000000071e+01
6.304242079257965088e+02	2.980000000000000071e+01
6.328874535560607910e+02	2.980000000000000071e+01
6.353496181964874268e+02	2.980000000000000071e+01
6.378119518756866455e+02	2.982999999999999829e+01
6.402751600742340088e+02	2.982999999999999829e+01
6.427369637489318848e+02	2.982999999999999829e+01
6.452004468441009521e+02	2.985999999999999943e+01
6.476622223854064941e+02	2.982999999999999829e+01
6.501254980564117432e+02	2.982999999999999829e+01
6.525881013870239258e+02	2.982999999999999829e+01
6.550505430698394775e+02	2.982999999999999829e+01
6.575132207870483398e+02	2.980000000000000071e+01
6.599756250381469727e+02	2.980000000000000071e+01
6.624379789829254150e+02	2.976000000000000156e+01
6.649004266262054443e+02	2.982999999999999829e+01
6.673630037307739258e+02	2.976000000000000156e+01
6.698255405426025391e+02	2.980000000000000071e+01
6.722882349491119385e+02	2.980000000000000071e+01
6.747511754035949707e+02	2.980000000000000071e+01
6.772136733531951904e+02	2.980000000000000071e+01
6.796762545108795166e+02	2.980000000000000071e+01
6.821393141746520996e+02	2.982999999999999829e+01
6.846008248329162598e+02	2.982999999999999829e+01
6.870642139911651611e+02	2.982999999999999829e+01
6.895264124870300293e+02	2.982999999999999829e+01
6.919892950057983398e+02	2.985999999999999943e+01
6.944508888721466064e+02	2.982999999999999829e+01
6.969143433570861816e+02	2.985999999999999943e+01
6.993770709037780762e+02	2.982999999999999829e+01
7.018392195701599121e+02	2.982999999999999829e+01
7.043023941516876221e+02	2.980000000000000071e+01
7.067642638683319092e+02	2.980000000000000071e+01
7.092273969650268555e+02	2.980000000000000071e+01
7.116901736259460449e+02	2.976000000000000156e+01
7.141530456542968750e+02	2.980000000000000071e+01
7.166155343055725098e+02	2.980000000000000071e+01
7.190776193141937256e+02	2.980000000000000071e+01
7.215394859313964844e+02	2.980000000000000071e+01
7.240029859542846680e+02	2.982999999999999829e+01
7.264652707576751709e+02	2.982999999999999829e+01
7.289275043010711670e+02	2.980000000000000071e+01
7.313906788825988770e+02	2.985999999999999943e+01
7.338532435894012451e+02	2.982999999999999829e+01
7.363156106472015381e+02	2.985999999999999943e+01
7.387780251502990723e+02	2.982999999999999829e+01
7.412413249015808105e+02	2.982999999999999829e+01
7.437031190395355225e+02	2.982999999999999829e+01
7.461664347648620605e+02	2.980000000000000071e+01
7.486283698081970215e+02	2.980000000000000071e+01
7.510917134284973145e+02	2.976000000000000156e+01
7.535535249710083008e+02	2.980000000000000071e+01
7.560167479515075684e+02	2.980000000000000071e+01
7.584791028499603271e+02	2.976000000000000156e+01
7.609414143562316895e+02	2.976000000000000156e+01
7.634034614562988281e+02	2.980000000000000071e+01
7.658661262989044189e+02	2.980000000000000071e+01
7.683291361331939697e+02	2.980000000000000071e+01
7.707914679050445557e+02	2.980000000000000071e+01
7.732548511028289795e+02	2.982999999999999829e+01
7.757172563076019287e+02	2.985999999999999943e+01
7.781800203323364258e+02	2.982999999999999829e+01
7.806424529552459717e+02	2.980000000000000071e+01
7.831043918132781982e+02	2.985999999999999943e+01
7.855670549869537354e+02	2.982999999999999829e+01
7.880300228595733643e+02	2.985999999999999943e+01
7.904930253028869629e+02	2.980000000000000071e+01
7.929551322460174561e+02	2.982999999999999829e+01
7.954185094833374023e+02	2.985999999999999943e+01
7.978806111812591553e+02	2.982999999999999829e+01
8.003431463241577148e+02	2.982999999999999829e+01
8.028057544231414795e+02	2.982999999999999829e+01
8.052687947750091553e+02	2.980000000000000071e+01
8.077310724258422852e+02	2.980000000000000071e+01
8.101935434341430664e+02	2.976000000000000156e+01
8.126555128097534180e+02	2.980000000000000071e+01
8.151188974380493164e+02	2.976000000000000156e+01
8.175811262130737305e+02	2.980000000000000071e+01
8.200441529750823975e+02	2.980000000000000071e+01
8.225062055587768555e+02	2.976000000000000156e+01
8.249689528942108154e+02	2.980000000000000071e+01
8.274316062927246094e+02	2.982999999999999829e+01
8.298942830562591553e+02	2.985999999999999943e+01
8.323566291332244873e+02	2.982999999999999829e+01
8.348197524547576904e+02	2.982999999999999829e+01
8.372811663150787354e+02	2.985999999999999943e+01
8.397443459033966064e+02	2.985999999999999943e+01
8.422067193984985352e+02	2.985999999999999943e+01
8.446690640449523926e+02	2.982999999999999829e+01
8.471319835186004639e+02	2.985999999999999943e+01
8.495950629711151123e+02	2.982999999999999829e+01
8.520572500228881836e+02	2.982999999999999829e+01
8.545203542709350586e+02	2.980000000000000071e+01
8.569829909801483154e+02	2.980000000000000071e+01
8.594447958469390869e+02	2.980000000000000071e+01
8.619082162380218506e+02	2.980000000000000071e+01
8.643708276748657227e+02	2.980000000000000071e+01
8.668330540657043457e+02	2.976000000000000156e+01
8.692960824966430664e+02	2.980000000000000071e+01
8.717577934265136719e+02	2.973000000000000043e+01
8.742211291790008545e+02	2.980000000000000071e+01
8.766836152076721191e+02	2.976000000000000156e+01
8.791456594467163086e+02	2.980000000000000071e+01
8.816082236766815186e+02	2.982999999999999829e+01
8.840714664459228516e+02	2.982999999999999829e+01
8.865344214439392090e+02	2.982999999999999829e+01
8.889969050884246826e+02	2.982999999999999829e+01
8.914595625400543213e+02	2.982999999999999829e+01
8.939211990833282471e+02	2.982999999999999829e+01
8.963845028877258301e+02	2.989999999999999858e+01
8.988472981452941895e+02	2.985999999999999943e+01
9.013096942901611328e+02	2.985999999999999943e+01
9.037723386287689209e+02	2.982999999999999829e+01
9.062345023155212402e+02	2.982999999999999829e+01
9.086976077556610107e+02	2.980000000000000071e+01
9.111601121425628662e+02	2.980000000000000071e+01
9.136228506565093994e+02	2.980000000000000071e+01
9.160849671363830566e+02	2.982999999999999829e+01
9.185479066371917725e+02	2.980000000000000071e+01
9.210098996162414551e+02	2.980000000000000071e+01
9.234728336334228516e+02	2.982999999999999829e+01
9.259352030754089355e+02	2.982999999999999829e+01
9.283978698253631592e+02	2.982999999999999829e+01
9.308599841594696045e+02	2.982999999999999829e+01
9.333225970268249512e+02	2.982999999999999829e+01
9.357855279445648193e+02	2.982999999999999829e+01
9.382478544712066650e+02	2.982999999999999829e+01
9.407102887630462646e+02	2.982999999999999829e+01
9.431734113693237305e+02	2.982999999999999829e+01
9.456358554363250732e+02	2.982999999999999829e+01
9.480983631610870361e+02	2.976000000000000156e+01
9.505610918998718262e+02	2.976000000000000156e+01
9.530234630107879639e+02	2.980000000000000071e+01
9.554867627620697021e+02	2.980000000000000071e+01
9.579494342803955078e+02	2.976000000000000156e+01
9.604115116596221924e+02	2.980000000000000071e+01
9.628740696907043457e+02	2.973000000000000043e+01
9.653374266624450684e+02	2.982999999999999829e+01
9.677999250888824463e+02	2.976000000000000156e+01
9.702619869709014893e+02	2.982999999999999829e+01
9.727241189479827881e+02	2.982999999999999829e+01
9.751873743534088135e+02	2.985999999999999943e+01
9.776501095294952393e+02	2.982999999999999829e+01
9.801123850345611572e+02	2.982999999999999829e+01
9.825746197700500488e+02	2.980000000000000071e+01
9.850374014377593994e+02	2.982999999999999829e+01
9.875003201961517334e+02	2.989999999999999858e+01
9.899631838798522949e+02	2.982999999999999829e+01
9.924252853393554688e+02	2.982999999999999829e+01
9.948884406089782715e+02	2.982999999999999829e+01
9.973506999015808105e+02	2.985999999999999943e+01
9.998124837875366211e+02	2.982999999999999829e+01
1.002275624513626099e+03	2.976000000000000156e+01
1.004737847328186035e+03	2.982999999999999829e+01
1.007201149702072144e+03	2.980000000000000071e+01
1.009663392543792725e+03	2.980000000000000071e+01
1.012126192569732666e+03	2.982999999999999829e+01
1.014588253259658813e+03	2.976000000000000156e+01
1.017051037788391113e+03	2.980000000000000071e+01
1.019514167070388794e+03	2.982999999999999829e+01
1.021976811647415161e+03	2.980000000000000071e+01
1.024439025163650513e+03	2.980000000000000071e+01
1.026901489973068237e+03	2.980000000000000071e+01
1.029364654541015625e+03	2.976000000000000156e+01
1.031827211856842041e+03	2.980000000000000071e+01
1.034289232969284058e+03	2.980000000000000071e+01
1.036752269744873047e+03	2.976000000000000156e+01
1.039214870691299438e+03	2.980000000000000071e+01
1.041677153348922729e+03	2.976000000000000156e+01
1.044140155792236328e+03	2.982999999999999829e+01
1.046602560997009277e+03	2.982999999999999829e+01
1.049064825534820557e+03	2.982999999999999829e+01
1.051527273893356323e+03	2.982999999999999829e+01
1.053989461183547974e+03	2.982999999999999829e+01
1.056452539443969727e+03	2.982999999999999829e+01
1.058915497064590454e+03	2.985999999999999943e+01
1.061376973628997803e+03	2.989999999999999858e+01
1.063840611934661865e+03	2.982999999999999829e+01
1.066302753210067749e+03	2.985999999999999943e+01
1.068766111135482788e+03	2.985999999999999943e+01
1.071228119850158691e+03	2.985999999999999943e+01
1.073690600395202637e+03	2.985999999999999943e+01
1.076153609991073608e+03	2.980000000000000071e+01
1.078616580247879028e+03	2.980000000000000071e+01
1.081079339265823364e+03	2.980000000000000071e+01
1.083541475296020508e+03	2.980000000000000071e+01
1.086004517078399658e+03	2.980000000000000071e+01
1.088466348648071289e+03	2.976000000000000156e+01
1.090928498744964600e+03	2.980000000000000071e+01
1.093392105817794800e+03	2.980000000000000071e+01
1.095854826927185059e+03	2.976000000000000156e+01
1.098316620349884033e+03	2.976000000000000156e+01
1.100778875589370728e+03	2.980000000000000071e+01
1.103241704463958740e+03	2.980000000000000071e+01
1.105704469919204712e+03	2.976000000000000156e+01
1.108166967630386353e+03	2.985999999999999943e+01
1.110629391431808472e+03	2.985999999999999943e+01
1.113092262744903564e+03	2.982999999999999829e+01
1.115555234670639038e+03	2.982999999999999829e+01
1.118017862796783447e+03	2.985999999999999943e+01
1.120479980468750000e+03	2.985999999999999943e+01
1.122943237543106079e+03	2.982999999999999829e+01
1.125405398845672607e+03	2.982999999999999829e+01
1.127868547677993774e+03	2.980000000000000071e+01
1.130330350637435913e+03	2.976000000000000156e+01
1.132793686389923096e+03	2.976000000000000156e+01
1.135255803108215332e+03	2.980000000000000071e+01
1.137718835592269897e+03	2.973000000000000043e+01
1.140180984258651733e+03	2.980000000000000071e+01
1.142643613338470459e+03	2.980000000000000071e+01
1.145105843544006348e+03	2.980000000000000071e+01
1.147569057703018188e+03	2.982999999999999829e+01
1.150031041145324707e+03	2.982999999999999829e+01
1.152493642330169678e+03	2.985999999999999943e+01
1.154956239700317383e+03	2.982999999999999829e+01
1.157418743133544922e+03	2.982999999999999829e+01
1.159882179737091064e+03	2.985999999999999943e+01
1.162344500064849854e+03	2.982999999999999829e+01
1.164806778430938721e+03	2.985999999999999943e+01
1.167269341230392456e+03	2.985999999999999943e+01
1.169731670618057251e+03	2.985999999999999943e+01
1.172194951772689819e+03	2.982999999999999829e+01
1.174657921314239502e+03	2.982999999999999829e+01
1.177120287418365479e+03	2.980000000000000071e+01
1.179582128524780273e+03	2.982999999999999829e+01
1.182045553684234619e+03	2.982999999999999829e+01
1.184507514715194702e+03	2.980000000000000071e+01
1.186969982862472534e+03	2.976000000000000156e+01
1.189432041406631470e+03	2.980000000000000071e+01
1.191896187782287598e+03	2.976000000000000156e+01
1.194358191013336182e+03	2.976000000000000156e+01
1.196821284055709839e+03	2.976000000000000156e+01
1.199283134937286377e+03	2.976000000000000156e+01
1.201745749473571777e+03	2.980000000000000071e+01
1.204208546638488770e+03	2.976000000000000156e+01
1.206671307802200317e+03	2.980000000000000071e+01
1.209133784294128418e+03	2.976000000000000156e+01
1.211596905469894409e+03	2.980000000000000071e+01
1.214058758258819580e+03	2.982999999999999829e+01
1.216521723985671997e+03	2.982999999999999829e+01
1.218984108448028564e+03	2.982999999999999829e+01
1.221447028398513794e+03	2.982999999999999829e+01
1.223909428834915161e+03	2.985999999999999943e+01
1.226372301101684570e+03	2.985999999999999943e+01
1.228833956956863403e+03	2.982999999999999829e+01
1.231297653913497925e+03	2.980000000000000071e+01
1.233759418487548828e+03	2.985999999999999943e+01
1.236222049713134766e+03	2.980000000000000071e+01
1.238685367822647095e+03	2.980000000000000071e+01
1.241147581815719604e+03	2.982999999999999829e+01
1.243610598802566528e+03	2.980000000000000071e+01
1.246072282791137695e+03	2.980000000000000071e+01
1.248534998893737793e+03	2.980000000000000071e+01
1.250997794151306152e+03	2.980000000000000071e+01
1.253460809707641602e+03	2.980000000000000071e+01
1.255922966480255127e+03	2.980000000000000071e+01
1.258385791540145874e+03	2.982999999999999829e+01
1.260847723484039307e+03	2.985999999999999943e+01
1.263311085700988770e+03	2.985999999999999943e+01
1.265773335218429565e+03	2.989999999999999858e+01
1.268235721588134766e+03	2.985999999999999943e+01
1.270698043823242188e+03	2.982999999999999829e+01
1.273161570310592651e+03	2.985999999999999943e+01
1.275623067140579224e+03	2.985999999999999943e+01
1.278086712598800659e+03	2.982999999999999829e+01
1.280549416780471802e+03	2.982999999999999829e+01
1.283012420415878296e+03	2.980000000000000071e+01
1.285474090576171875e+03	2.980000000000000071e+01
1.287936256170272827e+03	2.980000000000000071e+01
1.290399788379669189e+03	2.976000000000000156e+01
1.292862086296081543e+03	2.976000000000000156e+01
1.295324059724807739e+03	2.976000000000000156e+01
1.297786883354187012e+03	2.973000000000000043e+01
1.300249848365783691e+03	2.980000000000000071e+01
1.302712024927139282e+03	2.980000000000000071e+01
1.305174639463424683e+03	2.973000000000000043e+01
1.307637796401977539e+03	2.980000000000000071e+01
1.310100138187408447e+03	2.980000000000000071e+01
1.312562564373016357e+03	2.982999999999999829e+01
1.315024506568908691e+03	2.982999999999999829e+01
1.317488370656967163e+03	2.980000000000000071e+01
1.319950633525848389e+03	2.985999999999999943e+01
1.322413514137268066e+03	2.982999999999999829e+01
1.324876400470733643e+03	2.985999999999999943e+01
1.327337842464447021e+03	2.985999999999999943e+01
1.329800664186477661e+03	2.976000000000000156e+01
1.332263407468795776e+03	2.985999999999999943e+01
1.334724949121475220e+03	2.982999999999999829e+01
1.337188446044921875e+03	2.976000000000000156e+01
1.339651545763015747e+03	2.980000000000000071e+01
1.342113728523254395e+03	2.976000000000000156e+01
1.344576588630676270e+03	2.976000000000000156e+01
1.347039159774780273e+03	2.976000000000000156e+01
1.349501587152481079e+03	2.976000000000000156e+01
1.351963615179061890e+03	2.982999999999999829e+01
1.354427282333374023e+03	2.980000000000000071e+01
1.356889397859573364e+03	2.982999999999999829e+01
1.359352154970169067e+03	2.982999999999999829e+01
1.361814973831176758e+03	2.982999999999999829e+01
1.364277150630950928e+03	2.980000000000000071e+01
1.366739580869674683e+03	2.976000000000000156e+01
1.369202402591705322e+03	2.982999999999999829e+01
1.371664836406707764e+03	2.976000000000000156e+01
1.374127990961074829e+03	2.980000000000000071e+01
1.376589805603027344e+03	2.982999999999999829e+01
1.379053240537643433e+03	2.980000000000000071e+01
1.381515507221221924e+03	2.980000000000000071e+01
1.383978463888168335e+03	2.980000000000000071e+01
1.386440440654754639e+03	2.980000000000000071e+01
1.388902906656265259e+03	2.980000000000000071e+01
1.391365271568298340e+03	2.980000000000000071e+01
1.393828695058822632e+03	2.982999999999999829e+01
1.396290733098983765e+03	2.982999999999999829e+01
1.398753397226333618e+03	2.985999999999999943e+01
1.401215959072113037e+03	2.982999999999999829e+01
1.403678329229354858e+03	2.982999999999999829e+01
1.406141489744186401e+03	2.985999999999999943e+01
1.408603704690933228e+03	2.985999999999999943e+01
1.411067014217376709e+03	2.985999999999999943e+01
1.413529520273208618e+03	2.985999999999999943e+01
1.415991399288177490e+03	2.982999999999999829e+01
1.418453856468200684e+03	2.982999999999999829e+01
1.420916880607604980e+03	2.982999999999999829e+01
1.423379579544067383e+03	2.976000000000000156e+01
1.425842311382293701e+03	2.980000000000000071e+01
1.428304560899734497e+03	2.980000000000000071e+01
1.430767648935317993e+03	2.976000000000000156e+01
1.433230357408523560e+03	2.976000000000000156e+01
1.435692382574081421e+03	2.980000000000000071e+01
1.438155533075332642e+03	2.980000000000000071e+01
1.440618073463439941e+03	2.980000000000000071e+01
1.443079931020736694e+03	2.980000000000000071e+01
1.445542302131652832e+03	2.982999999999999829e+01
1.448005506515502930e+03	2.985999999999999943e+01
1.450468542098999023e+03	2.982999999999999829e+01
1.452930994272232056e+03	2.989999999999999858e+01
1.455393253087997437e+03	2.985999999999999943e+01
1.457855488061904907e+03	2.982999999999999829e+01
1.460318739175796509e+03	2.980000000000000071e+01
1.462780521154403687e+03	2.982999999999999829e+01
1.465243351697921753e+03	2.982999999999999829e+01
1.467706339359283447e+03	2.976000000000000156e+01
1.470168678045272827e+03	2.976000000000000156e+01
1.472631702899932861e+03	2.976000000000000156e+01
1.475093527078628540e+03	2.976000000000000156e+01
