# 20220727
# time			temp			
0.000000000000000000e+00	2.976000000000000156e+01
2.463497161865234375e+00	2.976000000000000156e+01
4.926180362701416016e+00	2.976000000000000156e+01
7.341994762420654297e+00	2.973000000000000043e+01
9.759372949600219727e+00	2.973000000000000043e+01
1.222108769416809082e+01	2.969999999999999929e+01
1.468394136428833008e+01	2.976000000000000156e+01
1.714661931991577148e+01	2.976000000000000156e+01
1.960827064514160156e+01	2.980000000000000071e+01
2.207179903984069824e+01	2.976000000000000156e+01
2.453387141227722168e+01	2.976000000000000156e+01
2.699705839157104492e+01	2.973000000000000043e+01
2.945879697799682617e+01	2.976000000000000156e+01
3.192198014259338379e+01	2.976000000000000156e+01
3.438436150550842285e+01	2.976000000000000156e+01
3.684665656089782715e+01	2.973000000000000043e+01
3.930879163742065430e+01	2.969999999999999929e+01
4.177197265625000000e+01	2.976000000000000156e+01
4.423515987396240234e+01	2.976000000000000156e+01
4.669734573364257812e+01	2.969999999999999929e+01
4.915982198715209961e+01	2.969999999999999929e+01
5.162291741371154785e+01	2.969999999999999929e+01
5.408500885963439941e+01	2.969999999999999929e+01
5.654813694953918457e+01	2.969999999999999929e+01
5.900967764854431152e+01	2.969999999999999929e+01
6.147283101081848145e+01	2.969999999999999929e+01
6.393458771705627441e+01	2.973000000000000043e+01
6.639789319038391113e+01	2.962999999999999901e+01
6.886082077026367188e+01	2.969999999999999929e+01
7.132320833206176758e+01	2.973000000000000043e+01
7.378517532348632812e+01	2.962999999999999901e+01
7.624842572212219238e+01	2.966000000000000014e+01
7.871068954467773438e+01	2.969999999999999929e+01
8.117229413986206055e+01	2.969999999999999929e+01
8.363538765907287598e+01	2.973000000000000043e+01
8.609794092178344727e+01	2.969999999999999929e+01
8.856073856353759766e+01	2.976000000000000156e+01
9.102290868759155273e+01	2.969999999999999929e+01
9.348503875732421875e+01	2.969999999999999929e+01
9.594795918464660645e+01	2.973000000000000043e+01
9.841043615341186523e+01	2.966000000000000014e+01
1.008731293678283691e+02	2.973000000000000043e+01
1.033359501361846924e+02	2.973000000000000043e+01
1.057991073131561279e+02	2.976000000000000156e+01
1.082607338428497314e+02	2.973000000000000043e+01
1.107234325408935547e+02	2.976000000000000156e+01
1.131857950687408447e+02	2.973000000000000043e+01
1.156489958763122559e+02	2.976000000000000156e+01
1.181109466552734375e+02	2.976000000000000156e+01
1.205744407176971436e+02	2.973000000000000043e+01
1.230363912582397461e+02	2.976000000000000156e+01
1.254996516704559326e+02	2.980000000000000071e+01
1.279612739086151123e+02	2.973000000000000043e+01
1.304235193729400635e+02	2.980000000000000071e+01
1.328870069980621338e+02	2.976000000000000156e+01
1.353494217395782471e+02	2.969999999999999929e+01
1.378117883205413818e+02	2.976000000000000156e+01
1.402747061252593994e+02	2.976000000000000156e+01
1.427366583347320557e+02	2.976000000000000156e+01
1.451993629932403564e+02	2.976000000000000156e+01
1.476624996662139893e+02	2.980000000000000071e+01
1.501244564056396484e+02	2.976000000000000156e+01
1.525878615379333496e+02	2.980000000000000071e+01
1.550491845607757568e+02	2.976000000000000156e+01
1.575120158195495605e+02	2.976000000000000156e+01
1.599746735095977783e+02	2.976000000000000156e+01
1.624369566440582275e+02	2.973000000000000043e+01
1.648997342586517334e+02	2.973000000000000043e+01
1.673627734184265137e+02	2.980000000000000071e+01
1.698246340751647949e+02	2.980000000000000071e+01
1.722872970104217529e+02	2.982999999999999829e+01
1.747502107620239258e+02	2.980000000000000071e+01
1.772123935222625732e+02	2.982999999999999829e+01
1.796755402088165283e+02	2.982999999999999829e+01
1.821381919384002686e+02	2.980000000000000071e+01
1.846003081798553467e+02	2.982999999999999829e+01
1.870623886585235596e+02	2.980000000000000071e+01
1.895252265930175781e+02	2.976000000000000156e+01
1.919884428977966309e+02	2.982999999999999829e+01
1.944504985809326172e+02	2.982999999999999829e+01
1.969139120578765869e+02	2.980000000000000071e+01
1.993753895759582520e+02	2.976000000000000156e+01
2.018381476402282715e+02	2.980000000000000071e+01
2.043016314506530762e+02	2.980000000000000071e+01
2.067634224891662598e+02	2.976000000000000156e+01
2.092263751029968262e+02	2.980000000000000071e+01
2.116885645389556885e+02	2.980000000000000071e+01
2.141502246856689453e+02	2.976000000000000156e+01
2.166131598949432373e+02	2.980000000000000071e+01
2.190762219429016113e+02	2.976000000000000156e+01
2.215386247634887695e+02	2.976000000000000156e+01
2.240011088848114014e+02	2.980000000000000071e+01
2.264640867710113525e+02	2.980000000000000071e+01
2.289260652065277100e+02	2.976000000000000156e+01
2.313891162872314453e+02	2.976000000000000156e+01
2.338512566089630127e+02	2.976000000000000156e+01
2.363142011165618896e+02	2.980000000000000071e+01
2.387771463394165039e+02	2.976000000000000156e+01
2.412393505573272705e+02	2.980000000000000071e+01
2.437020325660705566e+02	2.969999999999999929e+01
2.461640827655792236e+02	2.976000000000000156e+01
2.486270353794097900e+02	2.976000000000000156e+01
2.510893690586090088e+02	2.976000000000000156e+01
2.535524246692657471e+02	2.980000000000000071e+01
2.560142829418182373e+02	2.976000000000000156e+01
2.584774196147918701e+02	2.973000000000000043e+01
2.609402675628662109e+02	2.980000000000000071e+01
2.634025614261627197e+02	2.980000000000000071e+01
2.658648285865783691e+02	2.976000000000000156e+01
2.683271968364715576e+02	2.973000000000000043e+01
2.707893309593200684e+02	2.976000000000000156e+01
2.732526981830596924e+02	2.976000000000000156e+01
2.757146582603454590e+02	2.980000000000000071e+01
2.781779670715332031e+02	2.976000000000000156e+01
2.806404719352722168e+02	2.980000000000000071e+01
2.831028988361358643e+02	2.980000000000000071e+01
2.855653393268585205e+02	2.980000000000000071e+01
2.880269858837127686e+02	2.976000000000000156e+01
2.904907526969909668e+02	2.976000000000000156e+01
2.929527320861816406e+02	2.973000000000000043e+01
2.954152224063873291e+02	2.976000000000000156e+01
2.978780751228332520e+02	2.973000000000000043e+01
3.003408479690551758e+02	2.976000000000000156e+01
3.028038063049316406e+02	2.973000000000000043e+01
3.052663793563842773e+02	2.973000000000000043e+01
3.077278850078582764e+02	2.969999999999999929e+01
3.101904871463775635e+02	2.976000000000000156e+01
3.126533939838409424e+02	2.973000000000000043e+01
3.151159503459930420e+02	2.980000000000000071e+01
3.175788235664367676e+02	2.976000000000000156e+01
3.200406553745269775e+02	2.980000000000000071e+01
3.225033433437347412e+02	2.980000000000000071e+01
3.249661214351654053e+02	2.976000000000000156e+01
3.274282555580139160e+02	2.973000000000000043e+01
3.298917224407196045e+02	2.980000000000000071e+01
3.323539433479309082e+02	2.976000000000000156e+01
3.348167622089385986e+02	2.982999999999999829e+01
3.372786705493927002e+02	2.980000000000000071e+01
3.397415568828582764e+02	2.980000000000000071e+01
3.422044801712036133e+02	2.980000000000000071e+01
3.446664626598358154e+02	2.980000000000000071e+01
3.471288995742797852e+02	2.976000000000000156e+01
3.495918977260589600e+02	2.980000000000000071e+01
3.520534434318542480e+02	2.980000000000000071e+01
3.545175032615661621e+02	2.973000000000000043e+01
3.569790136814117432e+02	2.976000000000000156e+01
3.594415273666381836e+02	2.980000000000000071e+01
3.619050970077514648e+02	2.973000000000000043e+01
3.643679220676422119e+02	2.973000000000000043e+01
3.668295505046844482e+02	2.976000000000000156e+01
3.692931523323059082e+02	2.976000000000000156e+01
3.717547924518585205e+02	2.976000000000000156e+01
3.742182111740112305e+02	2.976000000000000156e+01
3.766796596050262451e+02	2.980000000000000071e+01
3.791425118446350098e+02	2.976000000000000156e+01
3.816060562133789062e+02	2.973000000000000043e+01
3.840675747394561768e+02	2.973000000000000043e+01
3.865297899246215820e+02	2.973000000000000043e+01
3.889928333759307861e+02	2.973000000000000043e+01
3.914554469585418701e+02	2.973000000000000043e+01
3.939183180332183838e+02	2.973000000000000043e+01
3.963810634613037109e+02	2.973000000000000043e+01
3.988436329364776611e+02	2.973000000000000043e+01
4.013062052726745605e+02	2.976000000000000156e+01
4.037685501575469971e+02	2.976000000000000156e+01
4.062310080528259277e+02	2.973000000000000043e+01
4.086932873725891113e+02	2.973000000000000043e+01
4.111553633213043213e+02	2.973000000000000043e+01
4.136182320117950439e+02	2.976000000000000156e+01
4.160806267261505127e+02	2.973000000000000043e+01
4.185434632301330566e+02	2.976000000000000156e+01
4.210051615238189697e+02	2.980000000000000071e+01
4.234681093692779541e+02	2.976000000000000156e+01
4.259316732883453369e+02	2.973000000000000043e+01
4.283931555747985840e+02	2.976000000000000156e+01
4.308564405441284180e+02	2.969999999999999929e+01
4.333185029029846191e+02	2.976000000000000156e+01
4.357812509536743164e+02	2.976000000000000156e+01
4.382444012165069580e+02	2.980000000000000071e+01
4.407059447765350342e+02	2.976000000000000156e+01
