# 20220727
# time			temp			
0.000000000000000000e+00	2.992999999999999972e+01
2.463286399841308594e+00	2.989999999999999858e+01
4.925400257110595703e+00	2.992999999999999972e+01
7.388653039932250977e+00	2.992999999999999972e+01
9.851518392562866211e+00	2.996999999999999886e+01
1.231400036811828613e+01	2.992999999999999972e+01
1.477658152580261230e+01	2.992999999999999972e+01
1.723925638198852539e+01	2.989999999999999858e+01
1.970145058631896973e+01	2.996999999999999886e+01
2.216450500488281250e+01	2.992999999999999972e+01
2.462666296958923340e+01	2.985999999999999943e+01
2.708988356590270996e+01	2.985999999999999943e+01
2.955283546447753906e+01	2.985999999999999943e+01
3.201444387435913086e+01	2.989999999999999858e+01
3.447696256637573242e+01	2.985999999999999943e+01
3.694046211242675781e+01	2.989999999999999858e+01
3.940327525138854980e+01	2.992999999999999972e+01
4.186473202705383301e+01	2.989999999999999858e+01
4.432746720314025879e+01	2.985999999999999943e+01
4.679020333290100098e+01	2.989999999999999858e+01
4.925363993644714355e+01	2.992999999999999972e+01
5.171524453163146973e+01	2.989999999999999858e+01
5.417882418632507324e+01	2.989999999999999858e+01
5.664160346984863281e+01	2.989999999999999858e+01
5.910331010818481445e+01	2.985999999999999943e+01
6.156613469123840332e+01	2.985999999999999943e+01
6.402858948707580566e+01	2.985999999999999943e+01
6.649120020866394043e+01	2.985999999999999943e+01
6.895426106452941895e+01	2.985999999999999943e+01
7.141689896583557129e+01	2.989999999999999858e+01
7.387977242469787598e+01	2.985999999999999943e+01
7.634162306785583496e+01	2.989999999999999858e+01
7.880533885955810547e+01	2.989999999999999858e+01
8.126728534698486328e+01	2.985999999999999943e+01
8.373003435134887695e+01	2.985999999999999943e+01
8.619322848320007324e+01	2.982999999999999829e+01
8.865491676330566406e+01	2.989999999999999858e+01
9.111746430397033691e+01	2.989999999999999858e+01
9.358026957511901855e+01	2.989999999999999858e+01
9.604339218139648438e+01	2.985999999999999943e+01
9.850584006309509277e+01	2.985999999999999943e+01
1.009683187007904053e+02	2.985999999999999943e+01
1.034308938980102539e+02	2.985999999999999943e+01
1.058939464092254639e+02	2.989999999999999858e+01
1.083566484451293945e+02	2.982999999999999829e+01
1.108192458152770996e+02	2.989999999999999858e+01
1.132813913822174072e+02	2.985999999999999943e+01
1.157442309856414795e+02	2.989999999999999858e+01
1.182071540355682373e+02	2.985999999999999943e+01
1.206693594455718994e+02	2.989999999999999858e+01
1.231323699951171875e+02	2.985999999999999943e+01
1.255946393013000488e+02	2.989999999999999858e+01
1.280577123165130615e+02	2.989999999999999858e+01
1.305198802947998047e+02	2.989999999999999858e+01
1.329820032119750977e+02	2.985999999999999943e+01
1.354448583126068115e+02	2.985999999999999943e+01
1.379071357250213623e+02	2.989999999999999858e+01
1.403702542781829834e+02	2.989999999999999858e+01
1.428334004878997803e+02	2.985999999999999943e+01
1.452947549819946289e+02	2.985999999999999943e+01
1.477579333782196045e+02	2.989999999999999858e+01
1.502208309173583984e+02	2.985999999999999943e+01
1.526832518577575684e+02	2.985999999999999943e+01
1.551454849243164062e+02	2.985999999999999943e+01
1.576085095405578613e+02	2.989999999999999858e+01
1.600705504417419434e+02	2.982999999999999829e+01
1.625336511135101318e+02	2.982999999999999829e+01
1.649963817596435547e+02	2.985999999999999943e+01
1.674584774971008301e+02	2.985999999999999943e+01
1.699219374656677246e+02	2.982999999999999829e+01
1.723838944435119629e+02	2.989999999999999858e+01
1.748472003936767578e+02	2.985999999999999943e+01
1.773093092441558838e+02	2.982999999999999829e+01
1.797717180252075195e+02	2.985999999999999943e+01
1.822346801757812500e+02	2.985999999999999943e+01
1.846968777179718018e+02	2.989999999999999858e+01
1.871598646640777588e+02	2.989999999999999858e+01
1.896223115921020508e+02	2.989999999999999858e+01
1.920853037834167480e+02	2.989999999999999858e+01
1.945473458766937256e+02	2.985999999999999943e+01
1.970105199813842773e+02	2.980000000000000071e+01
1.994731738567352295e+02	2.982999999999999829e+01
2.019361321926116943e+02	2.985999999999999943e+01
2.043974721431732178e+02	2.989999999999999858e+01
2.068602635860443115e+02	2.985999999999999943e+01
2.093233227729797363e+02	2.982999999999999829e+01
2.117861611843109131e+02	2.985999999999999943e+01
2.142482795715332031e+02	2.989999999999999858e+01
2.167113058567047119e+02	2.985999999999999943e+01
2.191743056774139404e+02	2.982999999999999829e+01
2.216366913318634033e+02	2.985999999999999943e+01
2.240992438793182373e+02	2.989999999999999858e+01
2.265611760616302490e+02	2.989999999999999858e+01
2.290241482257843018e+02	2.985999999999999943e+01
2.314866962432861328e+02	2.989999999999999858e+01
2.339489998817443848e+02	2.989999999999999858e+01
2.364125449657440186e+02	2.985999999999999943e+01
2.388749547004699707e+02	2.985999999999999943e+01
2.413369002342224121e+02	2.985999999999999943e+01
2.437994167804718018e+02	2.982999999999999829e+01
2.462625925540924072e+02	2.982999999999999829e+01
2.487254874706268311e+02	2.982999999999999829e+01
2.511880123615264893e+02	2.982999999999999829e+01
2.536504971981048584e+02	2.982999999999999829e+01
2.561123297214508057e+02	2.985999999999999943e+01
2.585752408504486084e+02	2.982999999999999829e+01
2.610375716686248779e+02	2.985999999999999943e+01
2.635010857582092285e+02	2.982999999999999829e+01
2.659630794525146484e+02	2.985999999999999943e+01
2.684264392852783203e+02	2.985999999999999943e+01
2.708883972167968750e+02	2.989999999999999858e+01
2.733512001037597656e+02	2.985999999999999943e+01
2.758136887550354004e+02	2.985999999999999943e+01
2.782760090827941895e+02	2.982999999999999829e+01
2.807390377521514893e+02	2.982999999999999829e+01
2.832017328739166260e+02	2.985999999999999943e+01
2.856646652221679688e+02	2.982999999999999829e+01
2.881262733936309814e+02	2.985999999999999943e+01
2.905892922878265381e+02	2.985999999999999943e+01
2.930515177249908447e+02	2.982999999999999829e+01
2.955143685340881348e+02	2.985999999999999943e+01
2.979766349792480469e+02	2.982999999999999829e+01
3.004397053718566895e+02	2.985999999999999943e+01
3.029019207954406738e+02	2.982999999999999829e+01
3.053648712635040283e+02	2.982999999999999829e+01
3.078277833461761475e+02	2.985999999999999943e+01
3.102891974449157715e+02	2.982999999999999829e+01
3.127527942657470703e+02	2.985999999999999943e+01
3.152158160209655762e+02	2.980000000000000071e+01
3.176781530380249023e+02	2.985999999999999943e+01
3.201401011943817139e+02	2.985999999999999943e+01
3.226029827594757080e+02	2.985999999999999943e+01
3.250658659934997559e+02	2.982999999999999829e+01
3.275285913944244385e+02	2.982999999999999829e+01
3.299913618564605713e+02	2.985999999999999943e+01
3.324532895088195801e+02	2.982999999999999829e+01
3.349163484573364258e+02	2.989999999999999858e+01
3.373793520927429199e+02	2.985999999999999943e+01
3.398411960601806641e+02	2.982999999999999829e+01
3.423042910099029541e+02	2.985999999999999943e+01
3.447669982910156250e+02	2.989999999999999858e+01
3.472297642230987549e+02	2.989999999999999858e+01
3.496926217079162598e+02	2.989999999999999858e+01
3.521540307998657227e+02	2.985999999999999943e+01
3.546170325279235840e+02	2.985999999999999943e+01
3.570802950859069824e+02	2.989999999999999858e+01
3.595426573753356934e+02	2.982999999999999829e+01
3.620046756267547607e+02	2.985999999999999943e+01
3.644679956436157227e+02	2.985999999999999943e+01
3.669306156635284424e+02	2.982999999999999829e+01
3.693933660984039307e+02	2.985999999999999943e+01
3.718554935455322266e+02	2.985999999999999943e+01
3.743182342052459717e+02	2.989999999999999858e+01
3.767806646823883057e+02	2.985999999999999943e+01
3.792433731555938721e+02	2.985999999999999943e+01
3.817054536342620850e+02	2.989999999999999858e+01
3.841682162284851074e+02	2.985999999999999943e+01
3.866312246322631836e+02	2.985999999999999943e+01
3.890932910442352295e+02	2.985999999999999943e+01
3.915564532279968262e+02	2.989999999999999858e+01
3.940182583332061768e+02	2.985999999999999943e+01
3.964817626476287842e+02	2.985999999999999943e+01
3.989439375400543213e+02	2.985999999999999943e+01
4.014071528911590576e+02	2.992999999999999972e+01
4.038690419197082520e+02	2.989999999999999858e+01
4.063317379951477051e+02	2.985999999999999943e+01
4.087947902679443359e+02	2.989999999999999858e+01
4.112575097084045410e+02	2.985999999999999943e+01
4.137200567722320557e+02	2.985999999999999943e+01
4.161822898387908936e+02	2.985999999999999943e+01
4.186454925537109375e+02	2.985999999999999943e+01
4.211074454784393311e+02	2.989999999999999858e+01
4.235704088211059570e+02	2.985999999999999943e+01
4.260337119102478027e+02	2.982999999999999829e+01
4.284960384368896484e+02	2.985999999999999943e+01
4.309582254886627197e+02	2.985999999999999943e+01
4.334214277267456055e+02	2.989999999999999858e+01
4.358833246231079102e+02	2.985999999999999943e+01
4.383458888530731201e+02	2.985999999999999943e+01
4.408088369369506836e+02	2.989999999999999858e+01
4.432708382606506348e+02	2.982999999999999829e+01
4.457341408729553223e+02	2.989999999999999858e+01
4.481963903903961182e+02	2.982999999999999829e+01
4.506595926284790039e+02	2.985999999999999943e+01
4.531216444969177246e+02	2.980000000000000071e+01
4.555845079421997070e+02	2.982999999999999829e+01
4.580468950271606445e+02	2.985999999999999943e+01
4.605091459751129150e+02	2.985999999999999943e+01
4.629724063873291016e+02	2.982999999999999829e+01
4.654351878166198730e+02	2.982999999999999829e+01
4.678975584506988525e+02	2.985999999999999943e+01
4.703597555160522461e+02	2.982999999999999829e+01
4.728218560218811035e+02	2.985999999999999943e+01
4.752853767871856689e+02	2.985999999999999943e+01
4.777473850250244141e+02	2.985999999999999943e+01
4.802106270790100098e+02	2.985999999999999943e+01
4.826731572151184082e+02	2.989999999999999858e+01
4.851355218887329102e+02	2.985999999999999943e+01
4.875984027385711670e+02	2.985999999999999943e+01
4.900613336563110352e+02	2.989999999999999858e+01
4.925227308273315430e+02	2.985999999999999943e+01
4.949856677055358887e+02	2.985999999999999943e+01
4.974483523368835449e+02	2.985999999999999943e+01
4.999110863208770752e+02	2.989999999999999858e+01
5.023741011619567871e+02	2.985999999999999943e+01
5.048360247611999512e+02	2.985999999999999943e+01
5.072988915443420410e+02	2.989999999999999858e+01
5.097617459297180176e+02	2.989999999999999858e+01
5.122241759300231934e+02	2.985999999999999943e+01
5.146865561008453369e+02	2.982999999999999829e+01
5.171498303413391113e+02	2.985999999999999943e+01
5.196124150753021240e+02	2.982999999999999829e+01
5.220742874145507812e+02	2.989999999999999858e+01
5.245375359058380127e+02	2.980000000000000071e+01
5.270002496242523193e+02	2.985999999999999943e+01
5.294624469280242920e+02	2.982999999999999829e+01
5.319248285293579102e+02	2.985999999999999943e+01
5.343876819610595703e+02	2.985999999999999943e+01
5.368506374359130859e+02	2.982999999999999829e+01
5.393126308917999268e+02	2.985999999999999943e+01
5.417754871845245361e+02	2.985999999999999943e+01
5.442383830547332764e+02	2.992999999999999972e+01
5.467008054256439209e+02	2.985999999999999943e+01
5.491633026599884033e+02	2.982999999999999829e+01
5.516257815361022949e+02	2.989999999999999858e+01
5.540877041816711426e+02	2.985999999999999943e+01
5.565511965751647949e+02	2.982999999999999829e+01
5.590136759281158447e+02	2.982999999999999829e+01
5.614761571884155273e+02	2.980000000000000071e+01
5.639385147094726562e+02	2.982999999999999829e+01
5.664010648727416992e+02	2.980000000000000071e+01
5.688642067909240723e+02	2.985999999999999943e+01
5.713265826702117920e+02	2.982999999999999829e+01
5.737894999980926514e+02	2.982999999999999829e+01
5.762523198127746582e+02	2.980000000000000071e+01
5.787143483161926270e+02	2.982999999999999829e+01
5.811778028011322021e+02	2.989999999999999858e+01
5.836399302482604980e+02	2.985999999999999943e+01
5.861029295921325684e+02	2.982999999999999829e+01
5.885656452178955078e+02	2.985999999999999943e+01
5.910271506309509277e+02	2.985999999999999943e+01
5.934897978305816650e+02	2.982999999999999829e+01
5.959532978534698486e+02	2.982999999999999829e+01
5.984155173301696777e+02	2.989999999999999858e+01
6.008776645660400391e+02	2.989999999999999858e+01
6.033405184745788574e+02	2.985999999999999943e+01
6.058034963607788086e+02	2.992999999999999972e+01
6.082665605545043945e+02	2.989999999999999858e+01
6.107288184165954590e+02	2.989999999999999858e+01
6.131911509037017822e+02	2.989999999999999858e+01
6.156543989181518555e+02	2.985999999999999943e+01
6.181165251731872559e+02	2.985999999999999943e+01
6.205796501636505127e+02	2.989999999999999858e+01
6.230421264171600342e+02	2.989999999999999858e+01
6.255046777725219727e+02	2.982999999999999829e+01
6.279666893482208252e+02	2.989999999999999858e+01
6.304286932945251465e+02	2.985999999999999943e+01
6.328916685581207275e+02	2.985999999999999943e+01
6.353547167778015137e+02	2.982999999999999829e+01
6.378167455196380615e+02	2.982999999999999829e+01
6.402806413173675537e+02	2.985999999999999943e+01
6.427432019710540771e+02	2.989999999999999858e+01
6.452055494785308838e+02	2.989999999999999858e+01
6.476684160232543945e+02	2.982999999999999829e+01
6.501306788921356201e+02	2.982999999999999829e+01
6.525926153659820557e+02	2.985999999999999943e+01
6.550559256076812744e+02	2.980000000000000071e+01
6.575186905860900879e+02	2.985999999999999943e+01
6.599805405139923096e+02	2.989999999999999858e+01
6.624427943229675293e+02	2.989999999999999858e+01
6.649066512584686279e+02	2.985999999999999943e+01
6.673688426017761230e+02	2.985999999999999943e+01
6.698318545818328857e+02	2.985999999999999943e+01
6.722947387695312500e+02	2.985999999999999943e+01
6.747566487789154053e+02	2.982999999999999829e+01
6.772193417549133301e+02	2.985999999999999943e+01
6.796815693378448486e+02	2.985999999999999943e+01
6.821446375846862793e+02	2.985999999999999943e+01
6.846067788600921631e+02	2.985999999999999943e+01
6.870703017711639404e+02	2.985999999999999943e+01
6.895326602458953857e+02	2.985999999999999943e+01
6.919945168495178223e+02	2.985999999999999943e+01
6.944570066928863525e+02	2.985999999999999943e+01
6.969203305244445801e+02	2.989999999999999858e+01
6.993824307918548584e+02	2.985999999999999943e+01
7.018459103107452393e+02	2.982999999999999829e+01
7.043078534603118896e+02	2.985999999999999943e+01
7.067700750827789307e+02	2.985999999999999943e+01
7.092332599163055420e+02	2.985999999999999943e+01
7.116959433555603027e+02	2.989999999999999858e+01
7.141577503681182861e+02	2.985999999999999943e+01
7.166202857494354248e+02	2.989999999999999858e+01
7.190842256546020508e+02	2.985999999999999943e+01
7.215467004776000977e+02	2.985999999999999943e+01
7.240084307193756104e+02	2.985999999999999943e+01
7.264715213775634766e+02	2.989999999999999858e+01
7.289340424537658691e+02	2.985999999999999943e+01
7.313962426185607910e+02	2.982999999999999829e+01
7.338598513603210449e+02	2.985999999999999943e+01
7.363214817047119141e+02	2.985999999999999943e+01
7.387845659255981445e+02	2.985999999999999943e+01
7.412469487190246582e+02	2.982999999999999829e+01
7.437095847129821777e+02	2.980000000000000071e+01
7.461720659732818604e+02	2.982999999999999829e+01
7.486347522735595703e+02	2.985999999999999943e+01
7.510979714393615723e+02	2.985999999999999943e+01
7.535600912570953369e+02	2.982999999999999829e+01
7.560230743885040283e+02	2.982999999999999829e+01
7.584849619865417480e+02	2.985999999999999943e+01
7.609477334022521973e+02	2.982999999999999829e+01
7.634106764793395996e+02	2.985999999999999943e+01
7.658736681938171387e+02	2.985999999999999943e+01
7.683362693786621094e+02	2.989999999999999858e+01
7.707981765270233154e+02	2.989999999999999858e+01
7.732611246109008789e+02	2.985999999999999943e+01
7.757233722209930420e+02	2.982999999999999829e+01
7.781868383884429932e+02	2.985999999999999943e+01
7.806495304107666016e+02	2.989999999999999858e+01
7.831113052368164062e+02	2.989999999999999858e+01
7.855736212730407715e+02	2.985999999999999943e+01
7.880365624427795410e+02	2.989999999999999858e+01
7.904995346069335938e+02	2.985999999999999943e+01
7.929623024463653564e+02	2.992999999999999972e+01
7.954246959686279297e+02	2.989999999999999858e+01
7.978877358436584473e+02	2.989999999999999858e+01
8.003498935699462891e+02	2.989999999999999858e+01
8.028129320144653320e+02	2.992999999999999972e+01
8.052746267318725586e+02	2.989999999999999858e+01
8.077380385398864746e+02	2.992999999999999972e+01
8.102005920410156250e+02	2.989999999999999858e+01
8.126634547710418701e+02	2.992999999999999972e+01
8.151259214878082275e+02	2.989999999999999858e+01
8.175879669189453125e+02	2.989999999999999858e+01
8.200507607460021973e+02	2.989999999999999858e+01
8.225134303569793701e+02	2.992999999999999972e+01
8.249761583805084229e+02	2.996999999999999886e+01
8.274379334449768066e+02	2.989999999999999858e+01
8.299013307094573975e+02	2.992999999999999972e+01
8.323642790317535400e+02	2.989999999999999858e+01
8.348271307945251465e+02	2.989999999999999858e+01
8.372895338535308838e+02	2.985999999999999943e+01
8.397519969940185547e+02	2.989999999999999858e+01
8.422141733169555664e+02	2.982999999999999829e+01
8.446773917675018311e+02	2.989999999999999858e+01
8.471398141384124756e+02	2.989999999999999858e+01
8.496015448570251465e+02	2.992999999999999972e+01
8.520648324489593506e+02	2.989999999999999858e+01
8.545276660919189453e+02	2.989999999999999858e+01
8.569899320602416992e+02	2.985999999999999943e+01
8.594522881507873535e+02	2.989999999999999858e+01
8.619151327610015869e+02	2.989999999999999858e+01
8.643774278163909912e+02	2.989999999999999858e+01
8.668405449390411377e+02	2.992999999999999972e+01
8.693029620647430420e+02	2.992999999999999972e+01
8.717653450965881348e+02	2.989999999999999858e+01
8.742279968261718750e+02	2.985999999999999943e+01
8.766912374496459961e+02	2.989999999999999858e+01
8.791532304286956787e+02	2.989999999999999858e+01
8.816166200637817383e+02	2.985999999999999943e+01
8.840789952278137207e+02	2.989999999999999858e+01
8.865418426990509033e+02	2.989999999999999858e+01
8.890044920444488525e+02	2.985999999999999943e+01
8.914672570228576660e+02	2.985999999999999943e+01
8.939300866127014160e+02	2.989999999999999858e+01
8.963914883136749268e+02	2.989999999999999858e+01
8.988549025058746338e+02	2.985999999999999943e+01
9.013170170783996582e+02	2.989999999999999858e+01
9.037797012329101562e+02	2.989999999999999858e+01
9.062423710823059082e+02	2.989999999999999858e+01
9.087056694030761719e+02	2.989999999999999858e+01
9.111676383018493652e+02	2.985999999999999943e+01
9.136301109790802002e+02	2.982999999999999829e+01
9.160933208465576172e+02	2.982999999999999829e+01
9.185554592609405518e+02	2.985999999999999943e+01
9.210185146331787109e+02	2.985999999999999943e+01
9.234807665348052979e+02	2.985999999999999943e+01
9.259434714317321777e+02	2.985999999999999943e+01
9.284056913852691650e+02	2.985999999999999943e+01
9.308691275119781494e+02	2.982999999999999829e+01
9.333306636810302734e+02	2.982999999999999829e+01
9.357939751148223877e+02	2.985999999999999943e+01
9.382566349506378174e+02	2.982999999999999829e+01
9.407194931507110596e+02	2.985999999999999943e+01
9.431816184520721436e+02	2.989999999999999858e+01
9.456438989639282227e+02	2.985999999999999943e+01
9.481068465709686279e+02	2.989999999999999858e+01
9.505693817138671875e+02	2.989999999999999858e+01
9.530317521095275879e+02	2.989999999999999858e+01
9.554950528144836426e+02	2.989999999999999858e+01
9.579575991630554199e+02	2.989999999999999858e+01
9.604203619956970215e+02	2.985999999999999943e+01
9.628827385902404785e+02	2.989999999999999858e+01
9.653450665473937988e+02	2.989999999999999858e+01
9.678075177669525146e+02	2.989999999999999858e+01
9.702705178260803223e+02	2.985999999999999943e+01
9.727334561347961426e+02	2.989999999999999858e+01
9.751954374313354492e+02	2.985999999999999943e+01
9.776589069366455078e+02	2.985999999999999943e+01
9.801211926937103271e+02	2.985999999999999943e+01
9.825841462612152100e+02	2.989999999999999858e+01
9.850465717315673828e+02	2.985999999999999943e+01
9.875090548992156982e+02	2.989999999999999858e+01
9.899708747863769531e+02	2.985999999999999943e+01
9.924339354038238525e+02	2.985999999999999943e+01
9.948960812091827393e+02	2.985999999999999943e+01
9.973593719005584717e+02	2.985999999999999943e+01
9.998211581707000732e+02	2.985999999999999943e+01
1.002284687280654907e+03	2.985999999999999943e+01
1.004746902227401733e+03	2.985999999999999943e+01
1.007209981679916382e+03	2.985999999999999943e+01
1.009671737194061279e+03	2.985999999999999943e+01
1.012135404109954834e+03	2.985999999999999943e+01
1.014596960544586182e+03	2.985999999999999943e+01
1.017060065984725952e+03	2.985999999999999943e+01
1.019522988796234131e+03	2.985999999999999943e+01
1.021985710144042969e+03	2.982999999999999829e+01
1.024447328090667725e+03	2.982999999999999829e+01
1.026910130739212036e+03	2.982999999999999829e+01
1.029373154163360596e+03	2.985999999999999943e+01
1.031835045099258423e+03	2.985999999999999943e+01
1.034297624588012695e+03	2.985999999999999943e+01
1.036760562896728516e+03	2.980000000000000071e+01
1.039223482131958008e+03	2.985999999999999943e+01
1.041685937643051147e+03	2.982999999999999829e+01
1.044148861885070801e+03	2.985999999999999943e+01
1.046610907077789307e+03	2.985999999999999943e+01
1.049074456453323364e+03	2.985999999999999943e+01
1.051537165164947510e+03	2.985999999999999943e+01
1.053998818874359131e+03	2.982999999999999829e+01
1.056462267637252808e+03	2.985999999999999943e+01
1.058924263715744019e+03	2.982999999999999829e+01
1.061387730360031128e+03	2.985999999999999943e+01
1.063849861621856689e+03	2.989999999999999858e+01
1.066312572002410889e+03	2.982999999999999829e+01
1.068774616718292236e+03	2.985999999999999943e+01
1.071237265825271606e+03	2.989999999999999858e+01
1.073699964046478271e+03	2.989999999999999858e+01
1.076163038492202759e+03	2.989999999999999858e+01
1.078625651597976685e+03	2.989999999999999858e+01
1.081088062047958374e+03	2.985999999999999943e+01
1.083550671815872192e+03	2.989999999999999858e+01
1.086012658357620239e+03	2.985999999999999943e+01
1.088476249694824219e+03	2.982999999999999829e+01
1.090938696861267090e+03	2.989999999999999858e+01
1.093400361061096191e+03	2.985999999999999943e+01
1.095863451957702637e+03	2.989999999999999858e+01
1.098326039314270020e+03	2.985999999999999943e+01
1.100789000749588013e+03	2.985999999999999943e+01
1.103250880002975464e+03	2.985999999999999943e+01
1.105714365959167480e+03	2.985999999999999943e+01
1.108176610946655273e+03	2.989999999999999858e+01
1.110639611005783081e+03	2.982999999999999829e+01
1.113102662086486816e+03	2.985999999999999943e+01
1.115565029621124268e+03	2.985999999999999943e+01
1.118027527093887329e+03	2.980000000000000071e+01
1.120489783287048340e+03	2.982999999999999829e+01
1.122952722787857056e+03	2.980000000000000071e+01
1.125414906978607178e+03	2.982999999999999829e+01
1.127877681255340576e+03	2.985999999999999943e+01
1.130339708805084229e+03	2.985999999999999943e+01
1.132802492618560791e+03	2.982999999999999829e+01
1.135265663862228394e+03	2.982999999999999829e+01
1.137727606773376465e+03	2.985999999999999943e+01
1.140190452098846436e+03	2.985999999999999943e+01
1.142652866363525391e+03	2.985999999999999943e+01
1.145115939617156982e+03	2.985999999999999943e+01
1.147578729629516602e+03	2.989999999999999858e+01
1.150041101455688477e+03	2.985999999999999943e+01
1.152503333568572998e+03	2.982999999999999829e+01
1.154966362476348877e+03	2.985999999999999943e+01
1.157428739786148071e+03	2.989999999999999858e+01
1.159892048835754395e+03	2.985999999999999943e+01
1.162354740619659424e+03	2.985999999999999943e+01
1.164817122220993042e+03	2.989999999999999858e+01
1.167279634952545166e+03	2.985999999999999943e+01
1.169742488145828247e+03	2.989999999999999858e+01
1.172205094337463379e+03	2.985999999999999943e+01
1.174667208909988403e+03	2.989999999999999858e+01
1.177129960060119629e+03	2.989999999999999858e+01
1.179592735528945923e+03	2.989999999999999858e+01
1.182054706811904907e+03	2.985999999999999943e+01
1.184517099857330322e+03	2.989999999999999858e+01
1.186980307579040527e+03	2.985999999999999943e+01
1.189442714452743530e+03	2.985999999999999943e+01
1.191906177520751953e+03	2.989999999999999858e+01
1.194368425607681274e+03	2.992999999999999972e+01
1.196831062316894531e+03	2.989999999999999858e+01
1.199292859792709351e+03	2.985999999999999943e+01
1.201756133556365967e+03	2.989999999999999858e+01
1.204219102859497070e+03	2.992999999999999972e+01
1.206680982828140259e+03	2.989999999999999858e+01
1.209143612861633301e+03	2.992999999999999972e+01
1.211606698513031006e+03	2.985999999999999943e+01
1.214069576740264893e+03	2.989999999999999858e+01
1.216531747579574585e+03	2.989999999999999858e+01
1.218994523525238037e+03	2.989999999999999858e+01
1.221457255363464355e+03	2.989999999999999858e+01
1.223919546604156494e+03	2.992999999999999972e+01
1.226382600069046021e+03	2.989999999999999858e+01
1.228844363212585449e+03	2.989999999999999858e+01
1.231308153152465820e+03	2.989999999999999858e+01
1.233770360708236694e+03	2.985999999999999943e+01
1.236233061313629150e+03	2.985999999999999943e+01
1.238694879531860352e+03	2.989999999999999858e+01
1.241158408403396606e+03	2.989999999999999858e+01
1.243620924234390259e+03	2.989999999999999858e+01
1.246083629131317139e+03	2.989999999999999858e+01
1.248546158790588379e+03	2.992999999999999972e+01
1.251008664608001709e+03	2.985999999999999943e+01
1.253471521615982056e+03	2.989999999999999858e+01
1.255933624982833862e+03	2.985999999999999943e+01
1.258395791292190552e+03	2.989999999999999858e+01
1.260858850479125977e+03	2.985999999999999943e+01
1.263321732997894287e+03	2.985999999999999943e+01
1.265784513473510742e+03	2.985999999999999943e+01
1.268246710300445557e+03	2.982999999999999829e+01
1.270708886146545410e+03	2.982999999999999829e+01
1.273172349452972412e+03	2.982999999999999829e+01
1.275634951829910278e+03	2.982999999999999829e+01
1.278096781730651855e+03	2.982999999999999829e+01
1.280559643745422363e+03	2.985999999999999943e+01
1.283022723674774170e+03	2.980000000000000071e+01
1.285485288381576538e+03	2.985999999999999943e+01
1.287947484731674194e+03	2.985999999999999943e+01
1.290409854412078857e+03	2.982999999999999829e+01
1.292872213125228882e+03	2.989999999999999858e+01
1.295335148096084595e+03	2.985999999999999943e+01
1.297797719478607178e+03	2.985999999999999943e+01
1.300260119915008545e+03	2.985999999999999943e+01
1.302723192453384399e+03	2.982999999999999829e+01
1.305185443401336670e+03	2.985999999999999943e+01
1.307648484230041504e+03	2.982999999999999829e+01
1.310111385583877563e+03	2.989999999999999858e+01
1.312573885202407837e+03	2.982999999999999829e+01
1.315036097526550293e+03	2.985999999999999943e+01
1.317498978853225708e+03	2.985999999999999943e+01
1.319961554765701294e+03	2.985999999999999943e+01
1.322423933982849121e+03	2.989999999999999858e+01
1.324886653900146484e+03	2.985999999999999943e+01
1.327348656892776489e+03	2.992999999999999972e+01
1.329811915874481201e+03	2.985999999999999943e+01
1.332274623870849609e+03	2.989999999999999858e+01
1.334736500263214111e+03	2.985999999999999943e+01
1.337198909282684326e+03	2.985999999999999943e+01
1.339661837577819824e+03	2.985999999999999943e+01
1.342124733448028564e+03	2.985999999999999943e+01
1.344587125062942505e+03	2.989999999999999858e+01
1.347049473285675049e+03	2.982999999999999829e+01
1.349512967348098755e+03	2.985999999999999943e+01
1.351975422620773315e+03	2.982999999999999829e+01
1.354438200473785400e+03	2.982999999999999829e+01
1.356900858640670776e+03	2.982999999999999829e+01
1.359362891435623169e+03	2.982999999999999829e+01
1.361825622081756592e+03	2.980000000000000071e+01
1.364288885354995728e+03	2.982999999999999829e+01
1.366750976800918579e+03	2.982999999999999829e+01
1.369213509321212769e+03	2.982999999999999829e+01
1.371675715446472168e+03	2.982999999999999829e+01
1.374138678312301636e+03	2.982999999999999829e+01
1.376601684808731079e+03	2.985999999999999943e+01
1.379063318252563477e+03	2.985999999999999943e+01
1.381526683330535889e+03	2.989999999999999858e+01
1.383989499568939209e+03	2.989999999999999858e+01
1.386451552152633667e+03	2.992999999999999972e+01
1.388914444208145142e+03	2.989999999999999858e+01
1.391377105951309204e+03	2.982999999999999829e+01
1.393839685916900635e+03	2.985999999999999943e+01
1.396302748441696167e+03	2.985999999999999943e+01
1.398764897108078003e+03	2.989999999999999858e+01
1.401227483272552490e+03	2.985999999999999943e+01
1.403690195798873901e+03	2.985999999999999943e+01
1.406153291702270508e+03	2.992999999999999972e+01
1.408615667343139648e+03	2.989999999999999858e+01
1.411077370882034302e+03	2.989999999999999858e+01
1.413541016817092896e+03	2.989999999999999858e+01
1.416003497600555420e+03	2.985999999999999943e+01
1.418465399026870728e+03	2.989999999999999858e+01
1.420928873300552368e+03	2.985999999999999943e+01
1.423391322135925293e+03	2.985999999999999943e+01
1.425853588819503784e+03	2.985999999999999943e+01
1.428316820621490479e+03	2.985999999999999943e+01
1.430779001951217651e+03	2.989999999999999858e+01
1.433241584539413452e+03	2.989999999999999858e+01
1.435703772783279419e+03	2.989999999999999858e+01
1.438166370630264282e+03	2.989999999999999858e+01
1.440629715204238892e+03	2.989999999999999858e+01
1.443092225551605225e+03	2.989999999999999858e+01
1.445554134130477905e+03	2.985999999999999943e+01
1.448017426252365112e+03	2.989999999999999858e+01
1.450479567766189575e+03	2.985999999999999943e+01
1.452942703962326050e+03	2.989999999999999858e+01
1.455404561042785645e+03	2.989999999999999858e+01
1.457867663145065308e+03	2.985999999999999943e+01
1.460329668760299683e+03	2.985999999999999943e+01
1.462793005466461182e+03	2.985999999999999943e+01
1.465255026340484619e+03	2.989999999999999858e+01
1.467718375444412231e+03	2.989999999999999858e+01
1.470180744886398315e+03	2.992999999999999972e+01
1.472643840074539185e+03	2.989999999999999858e+01
1.475105610370635986e+03	2.985999999999999943e+01
