# 20220728
# time			temp			
0.000000000000000000e+00	2.976000000000000156e+01
2.463366985321044922e+00	2.973000000000000043e+01
4.926648378372192383e+00	2.980000000000000071e+01
7.388507366180419922e+00	2.976000000000000156e+01
9.851640462875366211e+00	2.976000000000000156e+01
1.231396579742431641e+01	2.976000000000000156e+01
1.477614784240722656e+01	2.976000000000000156e+01
1.723903226852416992e+01	2.976000000000000156e+01
1.970232057571411133e+01	2.980000000000000071e+01
2.216381549835205078e+01	2.980000000000000071e+01
2.462696290016174316e+01	2.980000000000000071e+01
2.709001731872558594e+01	2.980000000000000071e+01
2.955203366279602051e+01	2.976000000000000156e+01
3.201454997062683105e+01	2.980000000000000071e+01
3.447769927978515625e+01	2.976000000000000156e+01
3.693994116783142090e+01	2.973000000000000043e+01
3.940311121940612793e+01	2.976000000000000156e+01
4.186460590362548828e+01	2.976000000000000156e+01
4.432778453826904297e+01	2.973000000000000043e+01
4.679046416282653809e+01	2.976000000000000156e+01
4.925295066833496094e+01	2.973000000000000043e+01
5.171547508239746094e+01	2.976000000000000156e+01
5.417768144607543945e+01	2.976000000000000156e+01
5.664087557792663574e+01	2.976000000000000156e+01
5.910307240486145020e+01	2.976000000000000156e+01
6.156538200378417969e+01	2.982999999999999829e+01
6.402887296676635742e+01	2.980000000000000071e+01
6.649086999893188477e+01	2.980000000000000071e+01
6.895321011543273926e+01	2.976000000000000156e+01
7.141654038429260254e+01	2.982999999999999829e+01
7.387819480895996094e+01	2.980000000000000071e+01
7.634087777137756348e+01	2.976000000000000156e+01
7.880379390716552734e+01	2.976000000000000156e+01
8.126594209671020508e+01	2.980000000000000071e+01
8.372859811782836914e+01	2.976000000000000156e+01
8.619117951393127441e+01	2.980000000000000071e+01
8.865387415885925293e+01	2.982999999999999829e+01
9.111684679985046387e+01	2.976000000000000156e+01
9.357954692840576172e+01	2.980000000000000071e+01
9.604245400428771973e+01	2.980000000000000071e+01
9.850511312484741211e+01	2.980000000000000071e+01
1.009677057266235352e+02	2.980000000000000071e+01
1.034299225807189941e+02	2.982999999999999829e+01
1.058914394378662109e+02	2.982999999999999829e+01
1.083551626205444336e+02	2.982999999999999829e+01
1.108177876472473145e+02	2.976000000000000156e+01
1.132803263664245605e+02	2.980000000000000071e+01
1.157425758838653564e+02	2.982999999999999829e+01
1.182048757076263428e+02	2.980000000000000071e+01
1.206680259704589844e+02	2.980000000000000071e+01
1.231303186416625977e+02	2.976000000000000156e+01
1.255933301448822021e+02	2.980000000000000071e+01
1.280550482273101807e+02	2.976000000000000156e+01
1.305178921222686768e+02	2.976000000000000156e+01
1.329813859462738037e+02	2.980000000000000071e+01
1.354434139728546143e+02	2.973000000000000043e+01
1.379065096378326416e+02	2.976000000000000156e+01
1.403688099384307861e+02	2.976000000000000156e+01
1.428310678005218506e+02	2.976000000000000156e+01
1.452933266162872314e+02	2.980000000000000071e+01
1.477562801837921143e+02	2.982999999999999829e+01
1.502192335128784180e+02	2.980000000000000071e+01
1.526816310882568359e+02	2.982999999999999829e+01
1.551446876525878906e+02	2.982999999999999829e+01
1.576070091724395752e+02	2.982999999999999829e+01
1.600698323249816895e+02	2.976000000000000156e+01
1.625320944786071777e+02	2.980000000000000071e+01
1.649947710037231445e+02	2.980000000000000071e+01
1.674567353725433350e+02	2.980000000000000071e+01
1.699203352928161621e+02	2.976000000000000156e+01
1.723821761608123779e+02	2.976000000000000156e+01
1.748451428413391113e+02	2.976000000000000156e+01
1.773074264526367188e+02	2.980000000000000071e+01
1.797696251869201660e+02	2.976000000000000156e+01
1.822330484390258789e+02	2.976000000000000156e+01
1.846950168609619141e+02	2.976000000000000156e+01
1.871587066650390625e+02	2.976000000000000156e+01
1.896206924915313721e+02	2.980000000000000071e+01
1.920836908817291260e+02	2.976000000000000156e+01
1.945455322265625000e+02	2.980000000000000071e+01
1.970083551406860352e+02	2.982999999999999829e+01
1.994707958698272705e+02	2.980000000000000071e+01
2.019339053630828857e+02	2.980000000000000071e+01
2.043968336582183838e+02	2.982999999999999829e+01
2.068590071201324463e+02	2.980000000000000071e+01
2.093211939334869385e+02	2.982999999999999829e+01
2.117842147350311279e+02	2.980000000000000071e+01
2.142468147277832031e+02	2.982999999999999829e+01
2.167090916633605957e+02	2.976000000000000156e+01
2.191720666885375977e+02	2.980000000000000071e+01
2.216343133449554443e+02	2.980000000000000071e+01
2.240966026782989502e+02	2.976000000000000156e+01
2.265598948001861572e+02	2.976000000000000156e+01
2.290221104621887207e+02	2.976000000000000156e+01
2.314847698211669922e+02	2.973000000000000043e+01
2.339478118419647217e+02	2.980000000000000071e+01
2.364104292392730713e+02	2.976000000000000156e+01
2.388727869987487793e+02	2.982999999999999829e+01
2.413357110023498535e+02	2.976000000000000156e+01
2.437980759143829346e+02	2.980000000000000071e+01
2.462601253986358643e+02	2.976000000000000156e+01
2.487229156494140625e+02	2.980000000000000071e+01
2.511851105690002441e+02	2.980000000000000071e+01
2.536484155654907227e+02	2.982999999999999829e+01
2.561102254390716553e+02	2.982999999999999829e+01
2.585732331275939941e+02	2.976000000000000156e+01
2.610362589359283447e+02	2.980000000000000071e+01
2.634977891445159912e+02	2.980000000000000071e+01
2.659608292579650879e+02	2.985999999999999943e+01
2.684243364334106445e+02	2.980000000000000071e+01
2.708859188556671143e+02	2.976000000000000156e+01
2.733494198322296143e+02	2.976000000000000156e+01
2.758111033439636230e+02	2.976000000000000156e+01
2.782735645771026611e+02	2.973000000000000043e+01
2.807369718551635742e+02	2.973000000000000043e+01
2.831989803314208984e+02	2.976000000000000156e+01
2.856612808704376221e+02	2.976000000000000156e+01
2.881238377094268799e+02	2.976000000000000156e+01
2.905868964195251465e+02	2.980000000000000071e+01
2.930499975681304932e+02	2.976000000000000156e+01
2.955128362178802490e+02	2.976000000000000156e+01
2.979744172096252441e+02	2.976000000000000156e+01
3.004377841949462891e+02	2.980000000000000071e+01
3.029000051021575928e+02	2.976000000000000156e+01
3.053628952503204346e+02	2.982999999999999829e+01
3.078248112201690674e+02	2.980000000000000071e+01
3.102881951332092285e+02	2.982999999999999829e+01
3.127507228851318359e+02	2.985999999999999943e+01
3.152128679752349854e+02	2.982999999999999829e+01
3.176754946708679199e+02	2.980000000000000071e+01
3.201386079788208008e+02	2.982999999999999829e+01
3.226006715297698975e+02	2.982999999999999829e+01
3.250634729862213135e+02	2.980000000000000071e+01
3.275263731479644775e+02	2.976000000000000156e+01
3.299887766838073730e+02	2.976000000000000156e+01
3.324508376121520996e+02	2.982999999999999829e+01
3.349138174057006836e+02	2.976000000000000156e+01
3.373767402172088623e+02	2.980000000000000071e+01
3.398393316268920898e+02	2.976000000000000156e+01
3.423015198707580566e+02	2.976000000000000156e+01
3.447643985748291016e+02	2.976000000000000156e+01
3.472261202335357666e+02	2.976000000000000156e+01
3.496898770332336426e+02	2.976000000000000156e+01
3.521522881984710693e+02	2.976000000000000156e+01
3.546139488220214844e+02	2.980000000000000071e+01
3.570770227909088135e+02	2.980000000000000071e+01
3.595402228832244873e+02	2.982999999999999829e+01
3.620020051002502441e+02	2.980000000000000071e+01
3.644648180007934570e+02	2.982999999999999829e+01
3.669278738498687744e+02	2.982999999999999829e+01
3.693899292945861816e+02	2.982999999999999829e+01
3.718527619838714600e+02	2.982999999999999829e+01
3.743147251605987549e+02	2.976000000000000156e+01
3.767782034873962402e+02	2.980000000000000071e+01
3.792402839660644531e+02	2.980000000000000071e+01
3.817028598785400391e+02	2.982999999999999829e+01
3.841657891273498535e+02	2.980000000000000071e+01
3.866277117729187012e+02	2.980000000000000071e+01
3.890907764434814453e+02	2.980000000000000071e+01
3.915529074668884277e+02	2.980000000000000071e+01
3.940152587890625000e+02	2.976000000000000156e+01
3.964784822463989258e+02	2.976000000000000156e+01
3.989408125877380371e+02	2.980000000000000071e+01
4.014038405418395996e+02	2.973000000000000043e+01
4.038658745288848877e+02	2.973000000000000043e+01
4.063288152217864990e+02	2.973000000000000043e+01
4.087917389869689941e+02	2.976000000000000156e+01
4.112538709640502930e+02	2.976000000000000156e+01
4.137168693542480469e+02	2.976000000000000156e+01
4.161790432929992676e+02	2.976000000000000156e+01
4.186422595977783203e+02	2.976000000000000156e+01
4.211045138835906982e+02	2.980000000000000071e+01
4.235669350624084473e+02	2.982999999999999829e+01
4.260293557643890381e+02	2.980000000000000071e+01
4.284918134212493896e+02	2.980000000000000071e+01
4.309542438983917236e+02	2.982999999999999829e+01
4.334173133373260498e+02	2.980000000000000071e+01
4.358795213699340820e+02	2.980000000000000071e+01
4.383419575691223145e+02	2.982999999999999829e+01
4.408049116134643555e+02	2.982999999999999829e+01
4.432679064273834229e+02	2.980000000000000071e+01
4.457297880649566650e+02	2.980000000000000071e+01
4.481924781799316406e+02	2.980000000000000071e+01
4.506558384895324707e+02	2.973000000000000043e+01
4.531180880069732666e+02	2.976000000000000156e+01
4.555810391902923584e+02	2.973000000000000043e+01
4.580436303615570068e+02	2.969999999999999929e+01
4.605055575370788574e+02	2.969999999999999929e+01
4.629691517353057861e+02	2.976000000000000156e+01
4.654306933879852295e+02	2.973000000000000043e+01
4.678933901786804199e+02	2.973000000000000043e+01
4.703564972877502441e+02	2.980000000000000071e+01
4.728193714618682861e+02	2.980000000000000071e+01
4.752815818786621094e+02	2.982999999999999829e+01
4.777439286708831787e+02	2.980000000000000071e+01
4.802068150043487549e+02	2.980000000000000071e+01
4.826688137054443359e+02	2.980000000000000071e+01
4.851319711208343506e+02	2.980000000000000071e+01
4.875947060585021973e+02	2.982999999999999829e+01
4.900569376945495605e+02	2.980000000000000071e+01
4.925200881958007812e+02	2.980000000000000071e+01
4.949826071262359619e+02	2.976000000000000156e+01
4.974448988437652588e+02	2.976000000000000156e+01
4.999078485965728760e+02	2.969999999999999929e+01
5.023700392246246338e+02	2.976000000000000156e+01
5.048320477008819580e+02	2.973000000000000043e+01
5.072948367595672607e+02	2.973000000000000043e+01
5.097582941055297852e+02	2.976000000000000156e+01
5.122201864719390869e+02	2.980000000000000071e+01
5.146827189922332764e+02	2.980000000000000071e+01
5.171450307369232178e+02	2.982999999999999829e+01
5.196086049079895020e+02	2.980000000000000071e+01
5.220703539848327637e+02	2.980000000000000071e+01
5.245335602760314941e+02	2.982999999999999829e+01
5.269953944683074951e+02	2.980000000000000071e+01
5.294587740898132324e+02	2.980000000000000071e+01
5.319214806556701660e+02	2.982999999999999829e+01
5.343835504055023193e+02	2.980000000000000071e+01
5.368457167148590088e+02	2.976000000000000156e+01
5.393091971874237061e+02	2.980000000000000071e+01
5.417714176177978516e+02	2.976000000000000156e+01
5.442334947586059570e+02	2.976000000000000156e+01
5.466963000297546387e+02	2.976000000000000156e+01
5.491592473983764648e+02	2.973000000000000043e+01
5.516214878559112549e+02	2.976000000000000156e+01
5.540838890075683594e+02	2.976000000000000156e+01
5.565468959808349609e+02	2.980000000000000071e+01
5.590090968608856201e+02	2.973000000000000043e+01
5.614715116024017334e+02	2.980000000000000071e+01
5.639342365264892578e+02	2.980000000000000071e+01
5.663967204093933105e+02	2.982999999999999829e+01
5.688595597743988037e+02	2.980000000000000071e+01
5.713220849037170410e+02	2.976000000000000156e+01
5.737843716144561768e+02	2.980000000000000071e+01
5.762477226257324219e+02	2.976000000000000156e+01
5.787107479572296143e+02	2.980000000000000071e+01
5.811727612018585205e+02	2.976000000000000156e+01
5.836356794834136963e+02	2.976000000000000156e+01
5.860984168052673340e+02	2.976000000000000156e+01
5.885600252151489258e+02	2.976000000000000156e+01
5.910236210823059082e+02	2.976000000000000156e+01
5.934855878353118896e+02	2.976000000000000156e+01
5.959486341476440430e+02	2.976000000000000156e+01
5.984105792045593262e+02	2.976000000000000156e+01
6.008733885288238525e+02	2.976000000000000156e+01
6.033363256454467773e+02	2.980000000000000071e+01
6.057983448505401611e+02	2.976000000000000156e+01
6.082616558074951172e+02	2.982999999999999829e+01
6.107237780094146729e+02	2.980000000000000071e+01
6.131871802806854248e+02	2.976000000000000156e+01
6.156494414806365967e+02	2.980000000000000071e+01
6.181110522747039795e+02	2.980000000000000071e+01
6.205740790367126465e+02	2.976000000000000156e+01
6.230365800857543945e+02	2.982999999999999829e+01
6.254985859394073486e+02	2.980000000000000071e+01
6.279620351791381836e+02	2.976000000000000156e+01
6.304243791103363037e+02	2.980000000000000071e+01
6.328867392539978027e+02	2.976000000000000156e+01
6.353499333858489990e+02	2.973000000000000043e+01
6.378119571208953857e+02	2.976000000000000156e+01
6.402745945453643799e+02	2.976000000000000156e+01
6.427381222248077393e+02	2.976000000000000156e+01
6.451996054649353027e+02	2.973000000000000043e+01
6.476626102924346924e+02	2.973000000000000043e+01
6.501257998943328857e+02	2.976000000000000156e+01
6.525878508090972900e+02	2.980000000000000071e+01
6.550506465435028076e+02	2.980000000000000071e+01
6.575132517814636230e+02	2.982999999999999829e+01
6.599753444194793701e+02	2.982999999999999829e+01
6.624382286071777344e+02	2.980000000000000071e+01
6.649008932113647461e+02	2.980000000000000071e+01
6.673640530109405518e+02	2.980000000000000071e+01
6.698257939815521240e+02	2.976000000000000156e+01
6.722886750698089600e+02	2.980000000000000071e+01
6.747508401870727539e+02	2.980000000000000071e+01
6.772135663032531738e+02	2.982999999999999829e+01
6.796767752170562744e+02	2.976000000000000156e+01
6.821387627124786377e+02	2.980000000000000071e+01
6.846009011268615723e+02	2.980000000000000071e+01
6.870638167858123779e+02	2.980000000000000071e+01
6.895267410278320312e+02	2.980000000000000071e+01
6.919891328811645508e+02	2.976000000000000156e+01
6.944513287544250488e+02	2.976000000000000156e+01
6.969142279624938965e+02	2.980000000000000071e+01
6.993766095638275146e+02	2.976000000000000156e+01
7.018396620750427246e+02	2.976000000000000156e+01
7.043026125431060791e+02	2.980000000000000071e+01
7.067646689414978027e+02	2.980000000000000071e+01
7.092276616096496582e+02	2.980000000000000071e+01
7.116903359889984131e+02	2.982999999999999829e+01
7.141527652740478516e+02	2.982999999999999829e+01
7.166155874729156494e+02	2.980000000000000071e+01
7.190774738788604736e+02	2.980000000000000071e+01
7.215401360988616943e+02	2.980000000000000071e+01
7.240024871826171875e+02	2.980000000000000071e+01
7.264660165309906006e+02	2.980000000000000071e+01
7.289283316135406494e+02	2.980000000000000071e+01
7.313905625343322754e+02	2.980000000000000071e+01
7.338538720607757568e+02	2.976000000000000156e+01
7.363154652118682861e+02	2.976000000000000156e+01
7.387783086299896240e+02	2.976000000000000156e+01
7.412406346797943115e+02	2.976000000000000156e+01
7.437035121917724609e+02	2.976000000000000156e+01
7.461667168140411377e+02	2.976000000000000156e+01
7.486278975009918213e+02	2.980000000000000071e+01
7.510910158157348633e+02	2.976000000000000156e+01
7.535540580749511719e+02	2.976000000000000156e+01
7.560170660018920898e+02	2.976000000000000156e+01
7.584794020652770996e+02	2.980000000000000071e+01
7.609421579837799072e+02	2.980000000000000071e+01
7.634041762351989746e+02	2.980000000000000071e+01
7.658673019409179688e+02	2.982999999999999829e+01
7.683296930789947510e+02	2.982999999999999829e+01
7.707921805381774902e+02	2.980000000000000071e+01
7.732547338008880615e+02	2.980000000000000071e+01
7.757175884246826172e+02	2.982999999999999829e+01
7.781795060634613037e+02	2.982999999999999829e+01
7.806424388885498047e+02	2.976000000000000156e+01
7.831052782535552979e+02	2.980000000000000071e+01
7.855680289268493652e+02	2.976000000000000156e+01
7.880305993556976318e+02	2.980000000000000071e+01
7.904932332038879395e+02	2.973000000000000043e+01
7.929559650421142578e+02	2.976000000000000156e+01
7.954176459312438965e+02	2.976000000000000156e+01
7.978802127838134766e+02	2.980000000000000071e+01
8.003432228565216064e+02	2.976000000000000156e+01
8.028057982921600342e+02	2.976000000000000156e+01
8.052687814235687256e+02	2.980000000000000071e+01
8.077303087711334229e+02	2.976000000000000156e+01
8.101938538551330566e+02	2.980000000000000071e+01
8.126564705371856689e+02	2.976000000000000156e+01
8.151191735267639160e+02	2.982999999999999829e+01
8.175813589096069336e+02	2.976000000000000156e+01
8.200441639423370361e+02	2.976000000000000156e+01
8.225067813396453857e+02	2.976000000000000156e+01
8.249692223072052002e+02	2.980000000000000071e+01
8.274321072101593018e+02	2.976000000000000156e+01
8.298943872451782227e+02	2.976000000000000156e+01
8.323569440841674805e+02	2.976000000000000156e+01
8.348187913894653320e+02	2.976000000000000156e+01
8.372821595668792725e+02	2.976000000000000156e+01
8.397450566291809082e+02	2.976000000000000156e+01
8.422071626186370850e+02	2.980000000000000071e+01
8.446702847480773926e+02	2.980000000000000071e+01
8.471329665184020996e+02	2.976000000000000156e+01
8.495945904254913330e+02	2.976000000000000156e+01
8.520575761795043945e+02	2.973000000000000043e+01
8.545203368663787842e+02	2.976000000000000156e+01
8.569825448989868164e+02	2.976000000000000156e+01
8.594453709125518799e+02	2.980000000000000071e+01
8.619078881740570068e+02	2.980000000000000071e+01
8.643706762790679932e+02	2.980000000000000071e+01
8.668326175212860107e+02	2.982999999999999829e+01
8.692961139678955078e+02	2.980000000000000071e+01
8.717582447528839111e+02	2.982999999999999829e+01
8.742211072444915771e+02	2.982999999999999829e+01
8.766832041740417480e+02	2.976000000000000156e+01
8.791461341381072998e+02	2.982999999999999829e+01
8.816077845096588135e+02	2.976000000000000156e+01
8.840715539455413818e+02	2.976000000000000156e+01
8.865335242748260498e+02	2.976000000000000156e+01
8.889960317611694336e+02	2.976000000000000156e+01
8.914596066474914551e+02	2.976000000000000156e+01
8.939211835861206055e+02	2.976000000000000156e+01
8.963847589492797852e+02	2.976000000000000156e+01
8.988471989631652832e+02	2.980000000000000071e+01
9.013094027042388916e+02	2.976000000000000156e+01
9.037717590332031250e+02	2.980000000000000071e+01
9.062347774505615234e+02	2.980000000000000071e+01
9.086966376304626465e+02	2.980000000000000071e+01
9.111597228050231934e+02	2.982999999999999829e+01
9.136225075721740723e+02	2.982999999999999829e+01
9.160842990875244141e+02	2.982999999999999829e+01
9.185468106269836426e+02	2.976000000000000156e+01
9.210100805759429932e+02	2.980000000000000071e+01
9.234726259708404541e+02	2.980000000000000071e+01
9.259352886676788330e+02	2.980000000000000071e+01
9.283978636264801025e+02	2.976000000000000156e+01
9.308607141971588135e+02	2.980000000000000071e+01
9.333225638866424561e+02	2.976000000000000156e+01
9.357859601974487305e+02	2.980000000000000071e+01
9.382480642795562744e+02	2.973000000000000043e+01
9.407105419635772705e+02	2.976000000000000156e+01
9.431734092235565186e+02	2.973000000000000043e+01
9.456356360912322998e+02	2.976000000000000156e+01
9.480986061096191406e+02	2.976000000000000156e+01
9.505615611076354980e+02	2.976000000000000156e+01
9.530243077278137207e+02	2.976000000000000156e+01
9.554862620830535889e+02	2.980000000000000071e+01
9.579492719173431396e+02	2.976000000000000156e+01
9.604109945297241211e+02	2.980000000000000071e+01
9.628741755485534668e+02	2.980000000000000071e+01
9.653370327949523926e+02	2.982999999999999829e+01
9.677994012832641602e+02	2.982999999999999829e+01
9.702626669406890869e+02	2.982999999999999829e+01
9.727247598171234131e+02	2.980000000000000071e+01
9.751873295307159424e+02	2.980000000000000071e+01
9.776504628658294678e+02	2.982999999999999829e+01
9.801127395629882812e+02	2.980000000000000071e+01
9.825748281478881836e+02	2.982999999999999829e+01
9.850375165939331055e+02	2.976000000000000156e+01
9.875005257129669189e+02	2.980000000000000071e+01
9.899625117778778076e+02	2.980000000000000071e+01
9.924248437881469727e+02	2.973000000000000043e+01
9.948877336978912354e+02	2.976000000000000156e+01
9.973507471084594727e+02	2.976000000000000156e+01
9.998130795955657959e+02	2.976000000000000156e+01
1.002275993824005127e+03	2.973000000000000043e+01
1.004738868236541748e+03	2.980000000000000071e+01
1.007200529813766479e+03	2.980000000000000071e+01
1.009664067268371582e+03	2.980000000000000071e+01
1.012125707864761353e+03	2.973000000000000043e+01
1.014588413238525391e+03	2.973000000000000043e+01
1.017051182746887207e+03	2.976000000000000156e+01
1.019513820409774780e+03	2.980000000000000071e+01
1.021976393938064575e+03	2.976000000000000156e+01
1.024438838720321655e+03	2.980000000000000071e+01
1.026901749610900879e+03	2.976000000000000156e+01
1.029364372968673706e+03	2.976000000000000156e+01
1.031827080488204956e+03	2.980000000000000071e+01
1.034289733171463013e+03	2.976000000000000156e+01
1.036752218961715698e+03	2.976000000000000156e+01
1.039214908361434937e+03	2.976000000000000156e+01
1.041677556037902832e+03	2.976000000000000156e+01
1.044140079498291016e+03	2.980000000000000071e+01
1.046602580070495605e+03	2.980000000000000071e+01
1.049064995288848877e+03	2.980000000000000071e+01
1.051527685403823853e+03	2.976000000000000156e+01
1.053990692615509033e+03	2.976000000000000156e+01
1.056453277587890625e+03	2.976000000000000156e+01
1.058915286540985107e+03	2.980000000000000071e+01
1.061377752304077148e+03	2.976000000000000156e+01
1.063840400934219360e+03	2.976000000000000156e+01
1.066303861141204834e+03	2.973000000000000043e+01
1.068765615224838257e+03	2.976000000000000156e+01
1.071228845357894897e+03	2.973000000000000043e+01
1.073690866231918335e+03	2.973000000000000043e+01
1.076153744459152222e+03	2.973000000000000043e+01
1.078616138696670532e+03	2.973000000000000043e+01
1.081078765630722046e+03	2.976000000000000156e+01
1.083541636228561401e+03	2.976000000000000156e+01
1.086003481626510620e+03	2.980000000000000071e+01
1.088466680526733398e+03	2.980000000000000071e+01
1.090929196834564209e+03	2.982999999999999829e+01
1.093391651868820190e+03	2.982999999999999829e+01
1.095854269027709961e+03	2.980000000000000071e+01
1.098317246198654175e+03	2.982999999999999829e+01
1.100779028415679932e+03	2.980000000000000071e+01
1.103242178440093994e+03	2.980000000000000071e+01
1.105705348491668701e+03	2.980000000000000071e+01
1.108167056798934937e+03	2.980000000000000071e+01
1.110629358053207397e+03	2.976000000000000156e+01
1.113092837572097778e+03	2.980000000000000071e+01
1.115555278539657593e+03	2.980000000000000071e+01
1.118017189264297485e+03	2.976000000000000156e+01
1.120480463266372681e+03	2.976000000000000156e+01
1.122942956686019897e+03	2.980000000000000071e+01
1.125405097723007202e+03	2.973000000000000043e+01
1.127867830038070679e+03	2.976000000000000156e+01
1.130331111431121826e+03	2.980000000000000071e+01
1.132793210268020630e+03	2.976000000000000156e+01
1.135255580186843872e+03	2.976000000000000156e+01
1.137718608856201172e+03	2.976000000000000156e+01
1.140180078029632568e+03	2.980000000000000071e+01
1.142643476963043213e+03	2.980000000000000071e+01
1.145106458663940430e+03	2.980000000000000071e+01
1.147568978786468506e+03	2.982999999999999829e+01
1.150031250238418579e+03	2.980000000000000071e+01
1.152494002580642700e+03	2.980000000000000071e+01
1.154956109285354614e+03	2.980000000000000071e+01
1.157418816089630127e+03	2.980000000000000071e+01
1.159882311105728149e+03	2.980000000000000071e+01
1.162344223737716675e+03	2.976000000000000156e+01
1.164806624650955200e+03	2.976000000000000156e+01
1.167269827365875244e+03	2.976000000000000156e+01
1.169731862068176270e+03	2.973000000000000043e+01
1.172195173025131226e+03	2.976000000000000156e+01
1.174657778024673462e+03	2.973000000000000043e+01
1.177119627714157104e+03	2.973000000000000043e+01
1.179582103967666626e+03	2.973000000000000043e+01
1.182045596361160278e+03	2.976000000000000156e+01
1.184507761955261230e+03	2.976000000000000156e+01
1.186970557212829590e+03	2.980000000000000071e+01
1.189433302164077759e+03	2.980000000000000071e+01
1.191896072864532471e+03	2.982999999999999829e+01
1.194357741594314575e+03	2.973000000000000043e+01
1.196821167707443237e+03	2.980000000000000071e+01
1.199282620906829834e+03	2.976000000000000156e+01
1.201745942115783691e+03	2.980000000000000071e+01
1.204209004402160645e+03	2.976000000000000156e+01
1.206670656442642212e+03	2.980000000000000071e+01
1.209133864402770996e+03	2.980000000000000071e+01
1.211596022367477417e+03	2.980000000000000071e+01
1.214058829784393311e+03	2.976000000000000156e+01
1.216522077083587646e+03	2.976000000000000156e+01
1.218983841657638550e+03	2.976000000000000156e+01
1.221446935415267944e+03	2.976000000000000156e+01
1.223909463405609131e+03	2.976000000000000156e+01
1.226371203422546387e+03	2.976000000000000156e+01
1.228834817647933960e+03	2.976000000000000156e+01
1.231296779155731201e+03	2.973000000000000043e+01
1.233759222507476807e+03	2.976000000000000156e+01
1.236221847295761108e+03	2.982999999999999829e+01
1.238685101509094238e+03	2.980000000000000071e+01
1.241147603034973145e+03	2.982999999999999829e+01
1.243610667705535889e+03	2.982999999999999829e+01
1.246072751522064209e+03	2.980000000000000071e+01
1.248535104990005493e+03	2.980000000000000071e+01
1.250997736215591431e+03	2.976000000000000156e+01
1.253460656404495239e+03	2.976000000000000156e+01
1.255923709630966187e+03	2.980000000000000071e+01
1.258386146783828735e+03	2.976000000000000156e+01
1.260848336458206177e+03	2.976000000000000156e+01
1.263310775279998779e+03	2.976000000000000156e+01
1.265772848129272461e+03	2.980000000000000071e+01
1.268235709428787231e+03	2.976000000000000156e+01
1.270698781728744507e+03	2.976000000000000156e+01
1.273160779476165771e+03	2.973000000000000043e+01
1.275624253988265991e+03	2.973000000000000043e+01
1.278086348772048950e+03	2.976000000000000156e+01
1.280549402952194214e+03	2.976000000000000156e+01
1.283011412858963013e+03	2.980000000000000071e+01
1.285474657058715820e+03	2.976000000000000156e+01
1.287936929464340210e+03	2.980000000000000071e+01
1.290399587631225586e+03	2.982999999999999829e+01
1.292861938714981079e+03	2.980000000000000071e+01
1.295324679374694824e+03	2.980000000000000071e+01
1.297786462783813477e+03	2.982999999999999829e+01
1.300250111103057861e+03	2.980000000000000071e+01
1.302712751150131226e+03	2.976000000000000156e+01
1.305175566196441650e+03	2.980000000000000071e+01
1.307637783288955688e+03	2.976000000000000156e+01
1.310100720643997192e+03	2.980000000000000071e+01
1.312563094854354858e+03	2.976000000000000156e+01
1.315025496482849121e+03	2.973000000000000043e+01
1.317488092422485352e+03	2.976000000000000156e+01
1.319950756072998047e+03	2.973000000000000043e+01
1.322412537097930908e+03	2.976000000000000156e+01
1.324875604867935181e+03	2.976000000000000156e+01
1.327338599443435669e+03	2.976000000000000156e+01
1.329801492214202881e+03	2.980000000000000071e+01
1.332263539552688599e+03	2.980000000000000071e+01
1.334725631952285767e+03	2.980000000000000071e+01
1.337188681364059448e+03	2.980000000000000071e+01
1.339651350975036621e+03	2.980000000000000071e+01
1.342113689661026001e+03	2.976000000000000156e+01
1.344575826883316040e+03	2.982999999999999829e+01
1.347039565324783325e+03	2.980000000000000071e+01
1.349501731634140015e+03	2.980000000000000071e+01
1.351963887929916382e+03	2.980000000000000071e+01
1.354426532506942749e+03	2.980000000000000071e+01
1.356889503717422485e+03	2.976000000000000156e+01
1.359351801872253418e+03	2.980000000000000071e+01
1.361814730167388916e+03	2.976000000000000156e+01
1.364277315855026245e+03	2.980000000000000071e+01
1.366739372253417969e+03	2.976000000000000156e+01
1.369202434778213501e+03	2.980000000000000071e+01
1.371665465593338013e+03	2.976000000000000156e+01
1.374127413272857666e+03	2.973000000000000043e+01
1.376590310335159302e+03	2.976000000000000156e+01
1.379052542686462402e+03	2.976000000000000156e+01
1.381515890121459961e+03	2.982999999999999829e+01
1.383977615118026733e+03	2.976000000000000156e+01
1.386440650939941406e+03	2.976000000000000156e+01
1.388902906656265259e+03	2.976000000000000156e+01
1.391365534305572510e+03	2.976000000000000156e+01
1.393827880382537842e+03	2.976000000000000156e+01
1.396290693759918213e+03	2.976000000000000156e+01
1.398753468036651611e+03	2.980000000000000071e+01
1.401215804815292358e+03	2.976000000000000156e+01
1.403678758859634399e+03	2.976000000000000156e+01
1.406140639781951904e+03	2.976000000000000156e+01
1.408604475975036621e+03	2.973000000000000043e+01
1.411065948963165283e+03	2.980000000000000071e+01
1.413528949499130249e+03	2.976000000000000156e+01
1.415991527318954468e+03	2.980000000000000071e+01
1.418454301834106445e+03	2.976000000000000156e+01
1.420916526079177856e+03	2.973000000000000043e+01
1.423379778861999512e+03	2.982999999999999829e+01
1.425842529058456421e+03	2.980000000000000071e+01
1.428304488897323608e+03	2.980000000000000071e+01
1.430766822099685669e+03	2.980000000000000071e+01
1.433230342149734497e+03	2.980000000000000071e+01
1.435692386865615845e+03	2.976000000000000156e+01
1.438155271053314209e+03	2.980000000000000071e+01
1.440617594957351685e+03	2.980000000000000071e+01
1.443080733299255371e+03	2.980000000000000071e+01
1.445542876482009888e+03	2.980000000000000071e+01
1.448005570173263550e+03	2.980000000000000071e+01
1.450467937946319580e+03	2.980000000000000071e+01
1.452930773973464966e+03	2.980000000000000071e+01
1.455393334627151489e+03	2.976000000000000156e+01
1.457855917215347290e+03	2.980000000000000071e+01
1.460318373203277588e+03	2.976000000000000156e+01
1.462781415224075317e+03	2.976000000000000156e+01
1.465243491411209106e+03	2.976000000000000156e+01
1.467705754041671753e+03	2.980000000000000071e+01
1.470168650627136230e+03	2.976000000000000156e+01
1.472630749464035034e+03	2.980000000000000071e+01
1.475094195842742920e+03	2.976000000000000156e+01
