# 20220728
# time			temp			
0.000000000000000000e+00	2.982999999999999829e+01
2.462895393371582031e+00	2.980000000000000071e+01
4.925282478332519531e+00	2.982999999999999829e+01
7.388810634613037109e+00	2.982999999999999829e+01
9.850209474563598633e+00	2.982999999999999829e+01
1.231307053565979004e+01	2.982999999999999829e+01
1.477659487724304199e+01	2.985999999999999943e+01
1.723871755599975586e+01	2.980000000000000071e+01
1.970140910148620605e+01	2.982999999999999829e+01
2.216342473030090332e+01	2.976000000000000156e+01
2.462698268890380859e+01	2.982999999999999829e+01
2.708948993682861328e+01	2.976000000000000156e+01
2.955233812332153320e+01	2.976000000000000156e+01
3.201382732391357422e+01	2.980000000000000071e+01
3.447622227668762207e+01	2.976000000000000156e+01
3.693979501724243164e+01	2.976000000000000156e+01
3.940181994438171387e+01	2.976000000000000156e+01
4.186429929733276367e+01	2.973000000000000043e+01
4.432761049270629883e+01	2.973000000000000043e+01
4.679000210762023926e+01	2.973000000000000043e+01
4.925166487693786621e+01	2.973000000000000043e+01
5.171492362022399902e+01	2.980000000000000071e+01
5.417767810821533203e+01	2.976000000000000156e+01
5.663957619667053223e+01	2.976000000000000156e+01
5.910225224494934082e+01	2.980000000000000071e+01
6.156577634811401367e+01	2.982999999999999829e+01
6.402801370620727539e+01	2.980000000000000071e+01
6.649010682106018066e+01	2.980000000000000071e+01
6.895306444168090820e+01	2.982999999999999829e+01
7.141589784622192383e+01	2.985999999999999943e+01
7.387811565399169922e+01	2.980000000000000071e+01
7.634108495712280273e+01	2.980000000000000071e+01
7.880346965789794922e+01	2.976000000000000156e+01
8.126579856872558594e+01	2.976000000000000156e+01
8.372899627685546875e+01	2.980000000000000071e+01
8.619080114364624023e+01	2.980000000000000071e+01
8.865329360961914062e+01	2.976000000000000156e+01
9.111566972732543945e+01	2.980000000000000071e+01
9.357834291458129883e+01	2.980000000000000071e+01
9.604100942611694336e+01	2.976000000000000156e+01
9.850421214103698730e+01	2.973000000000000043e+01
1.009671914577484131e+02	2.976000000000000156e+01
1.034294738769531250e+02	2.976000000000000156e+01
1.058920028209686279e+02	2.980000000000000071e+01
1.083546743392944336e+02	2.976000000000000156e+01
1.108174443244934082e+02	2.976000000000000156e+01
1.132797138690948486e+02	2.976000000000000156e+01
1.157422297000885010e+02	2.982999999999999829e+01
1.182049479484558105e+02	2.982999999999999829e+01
1.206671340465545654e+02	2.982999999999999829e+01
1.231300261020660400e+02	2.980000000000000071e+01
1.255921528339385986e+02	2.985999999999999943e+01
1.280550227165222168e+02	2.982999999999999829e+01
1.305172314643859863e+02	2.980000000000000071e+01
1.329800686836242676e+02	2.982999999999999829e+01
1.354426078796386719e+02	2.982999999999999829e+01
1.379057781696319580e+02	2.982999999999999829e+01
1.403680028915405273e+02	2.985999999999999943e+01
1.428305525779724121e+02	2.980000000000000071e+01
1.452931158542633057e+02	2.982999999999999829e+01
1.477549877166748047e+02	2.980000000000000071e+01
1.502175090312957764e+02	2.973000000000000043e+01
1.526811537742614746e+02	2.973000000000000043e+01
1.551431922912597656e+02	2.973000000000000043e+01
1.576055438518524170e+02	2.973000000000000043e+01
1.600689811706542969e+02	2.976000000000000156e+01
1.625308001041412354e+02	2.976000000000000156e+01
1.649939084053039551e+02	2.976000000000000156e+01
1.674559447765350342e+02	2.976000000000000156e+01
1.699184601306915283e+02	2.976000000000000156e+01
1.723808789253234863e+02	2.976000000000000156e+01
1.748444669246673584e+02	2.980000000000000071e+01
1.773066680431365967e+02	2.980000000000000071e+01
1.797688498497009277e+02	2.980000000000000071e+01
1.822317736148834229e+02	2.982999999999999829e+01
1.846950051784515381e+02	2.980000000000000071e+01
1.871564257144927979e+02	2.982999999999999829e+01
1.896194901466369629e+02	2.985999999999999943e+01
1.920819027423858643e+02	2.982999999999999829e+01
1.945454654693603516e+02	2.985999999999999943e+01
1.970077598094940186e+02	2.982999999999999829e+01
1.994695351123809814e+02	2.980000000000000071e+01
2.019324576854705811e+02	2.980000000000000071e+01
2.043952994346618652e+02	2.980000000000000071e+01
2.068580920696258545e+02	2.980000000000000071e+01
2.093202636241912842e+02	2.980000000000000071e+01
2.117825117111206055e+02	2.980000000000000071e+01
2.142454991340637207e+02	2.973000000000000043e+01
2.167085583209991455e+02	2.976000000000000156e+01
2.191706056594848633e+02	2.980000000000000071e+01
2.216331021785736084e+02	2.976000000000000156e+01
2.240961580276489258e+02	2.980000000000000071e+01
2.265583822727203369e+02	2.976000000000000156e+01
2.290209286212921143e+02	2.973000000000000043e+01
2.314830348491668701e+02	2.976000000000000156e+01
2.339466109275817871e+02	2.976000000000000156e+01
2.364083259105682373e+02	2.976000000000000156e+01
2.388712856769561768e+02	2.976000000000000156e+01
2.413335580825805664e+02	2.980000000000000071e+01
2.437961609363555908e+02	2.980000000000000071e+01
2.462590324878692627e+02	2.980000000000000071e+01
2.487221596240997314e+02	2.980000000000000071e+01
2.511840331554412842e+02	2.973000000000000043e+01
2.536467866897583008e+02	2.976000000000000156e+01
2.561091561317443848e+02	2.976000000000000156e+01
2.585723598003387451e+02	2.973000000000000043e+01
2.610346794128417969e+02	2.980000000000000071e+01
2.634967966079711914e+02	2.976000000000000156e+01
2.659599425792694092e+02	2.976000000000000156e+01
2.684220013618469238e+02	2.976000000000000156e+01
2.708856432437896729e+02	2.973000000000000043e+01
2.733478250503540039e+02	2.976000000000000156e+01
2.758101000785827637e+02	2.976000000000000156e+01
2.782727327346801758e+02	2.980000000000000071e+01
2.807356545925140381e+02	2.982999999999999829e+01
2.831984019279479980e+02	2.980000000000000071e+01
2.856603929996490479e+02	2.982999999999999829e+01
2.881230754852294922e+02	2.980000000000000071e+01
2.905858716964721680e+02	2.982999999999999829e+01
2.930480427742004395e+02	2.982999999999999829e+01
2.955104255676269531e+02	2.982999999999999829e+01
2.979731204509735107e+02	2.982999999999999829e+01
3.004362988471984863e+02	2.980000000000000071e+01
3.028986001014709473e+02	2.980000000000000071e+01
3.053605201244354248e+02	2.976000000000000156e+01
3.078231530189514160e+02	2.976000000000000156e+01
3.102868542671203613e+02	2.980000000000000071e+01
3.127493896484375000e+02	2.976000000000000156e+01
3.152110581398010254e+02	2.973000000000000043e+01
3.176742331981658936e+02	2.976000000000000156e+01
3.201373007297515869e+02	2.973000000000000043e+01
3.225998725891113281e+02	2.976000000000000156e+01
3.250615999698638916e+02	2.976000000000000156e+01
3.275241973400115967e+02	2.980000000000000071e+01
3.299866104125976562e+02	2.980000000000000071e+01
3.324499492645263672e+02	2.980000000000000071e+01
3.349122965335845947e+02	2.980000000000000071e+01
3.373748204708099365e+02	2.980000000000000071e+01
3.398371906280517578e+02	2.980000000000000071e+01
3.423002622127532959e+02	2.982999999999999829e+01
3.447627284526824951e+02	2.980000000000000071e+01
3.472252368927001953e+02	2.980000000000000071e+01
3.496877257823944092e+02	2.976000000000000156e+01
3.521502089500427246e+02	2.980000000000000071e+01
3.546128544807434082e+02	2.980000000000000071e+01
3.570749936103820801e+02	2.976000000000000156e+01
3.595381424427032471e+02	2.969999999999999929e+01
3.620011687278747559e+02	2.973000000000000043e+01
3.644634132385253906e+02	2.976000000000000156e+01
3.669260447025299072e+02	2.976000000000000156e+01
3.693886036872863770e+02	2.973000000000000043e+01
3.718509697914123535e+02	2.976000000000000156e+01
3.743133525848388672e+02	2.976000000000000156e+01
3.767762429714202881e+02	2.982999999999999829e+01
3.792388288974761963e+02	2.980000000000000071e+01
3.817012805938720703e+02	2.982999999999999829e+01
3.841636061668395996e+02	2.982999999999999829e+01
3.866260969638824463e+02	2.985999999999999943e+01
3.890892674922943115e+02	2.980000000000000071e+01
3.915518198013305664e+02	2.985999999999999943e+01
3.940139534473419189e+02	2.980000000000000071e+01
3.964766268730163574e+02	2.980000000000000071e+01
3.989397544860839844e+02	2.980000000000000071e+01
4.014022967815399170e+02	2.980000000000000071e+01
4.038648886680603027e+02	2.976000000000000156e+01
4.063275451660156250e+02	2.976000000000000156e+01
4.087899534702301025e+02	2.976000000000000156e+01
4.112526574134826660e+02	2.976000000000000156e+01
4.137153713703155518e+02	2.976000000000000156e+01
4.161773598194122314e+02	2.976000000000000156e+01
4.186399061679840088e+02	2.976000000000000156e+01
4.211026358604431152e+02	2.980000000000000071e+01
4.235652220249176025e+02	2.980000000000000071e+01
4.260278093814849854e+02	2.982999999999999829e+01
4.284910244941711426e+02	2.976000000000000156e+01
4.309531359672546387e+02	2.982999999999999829e+01
4.334152724742889404e+02	2.982999999999999829e+01
4.358783562183380127e+02	2.982999999999999829e+01
4.383403398990631104e+02	2.985999999999999943e+01
4.408036720752716064e+02	2.982999999999999829e+01
4.432655365467071533e+02	2.976000000000000156e+01
4.457286813259124756e+02	2.980000000000000071e+01
4.481916813850402832e+02	2.976000000000000156e+01
4.506540586948394775e+02	2.980000000000000071e+01
4.531165370941162109e+02	2.973000000000000043e+01
4.555782368183135986e+02	2.976000000000000156e+01
4.580419363975524902e+02	2.976000000000000156e+01
4.605038502216339111e+02	2.976000000000000156e+01
4.629668092727661133e+02	2.976000000000000156e+01
4.654290142059326172e+02	2.980000000000000071e+01
4.678916094303131104e+02	2.976000000000000156e+01
4.703549573421478271e+02	2.980000000000000071e+01
4.728168334960937500e+02	2.976000000000000156e+01
4.752792031764984131e+02	2.980000000000000071e+01
4.777417292594909668e+02	2.980000000000000071e+01
4.802052605152130127e+02	2.976000000000000156e+01
4.826676425933837891e+02	2.982999999999999829e+01
4.851295635700225830e+02	2.982999999999999829e+01
4.875923142433166504e+02	2.980000000000000071e+01
4.900548534393310547e+02	2.982999999999999829e+01
4.925178337097167969e+02	2.989999999999999858e+01
4.949803690910339355e+02	2.982999999999999829e+01
4.974433112144470215e+02	2.982999999999999829e+01
4.999053726196289062e+02	2.982999999999999829e+01
5.023681631088256836e+02	2.982999999999999829e+01
5.048304014205932617e+02	2.980000000000000071e+01
5.072935500144958496e+02	2.980000000000000071e+01
5.097559659481048584e+02	2.980000000000000071e+01
5.122179944515228271e+02	2.976000000000000156e+01
5.146811337471008301e+02	2.980000000000000071e+01
5.171434922218322754e+02	2.976000000000000156e+01
5.196063239574432373e+02	2.973000000000000043e+01
5.220689814090728760e+02	2.973000000000000043e+01
5.245318560600280762e+02	2.973000000000000043e+01
5.269937317371368408e+02	2.976000000000000156e+01
5.294565680027008057e+02	2.973000000000000043e+01
5.319195322990417480e+02	2.976000000000000156e+01
5.343821473121643066e+02	2.973000000000000043e+01
5.368442587852478027e+02	2.976000000000000156e+01
5.393073437213897705e+02	2.982999999999999829e+01
5.417700209617614746e+02	2.976000000000000156e+01
5.442314288616180420e+02	2.982999999999999829e+01
5.466943719387054443e+02	2.982999999999999829e+01
5.491566638946533203e+02	2.980000000000000071e+01
5.516194021701812744e+02	2.976000000000000156e+01
5.540825676918029785e+02	2.980000000000000071e+01
5.565452415943145752e+02	2.976000000000000156e+01
5.590074920654296875e+02	2.980000000000000071e+01
5.614699361324310303e+02	2.980000000000000071e+01
5.639323046207427979e+02	2.976000000000000156e+01
5.663954551219940186e+02	2.976000000000000156e+01
5.688579447269439697e+02	2.973000000000000043e+01
5.713208289146423340e+02	2.973000000000000043e+01
5.737827091217041016e+02	2.969999999999999929e+01
5.762460267543792725e+02	2.973000000000000043e+01
5.787083485126495361e+02	2.973000000000000043e+01
5.811708445549011230e+02	2.973000000000000043e+01
5.836333065032958984e+02	2.976000000000000156e+01
5.860956954956054688e+02	2.976000000000000156e+01
5.885589137077331543e+02	2.980000000000000071e+01
5.910212864875793457e+02	2.980000000000000071e+01
5.934834640026092529e+02	2.980000000000000071e+01
5.959459424018859863e+02	2.980000000000000071e+01
5.984087917804718018e+02	2.980000000000000071e+01
6.008719346523284912e+02	2.980000000000000071e+01
6.033339293003082275e+02	2.980000000000000071e+01
6.057966482639312744e+02	2.976000000000000156e+01
6.082590017318725586e+02	2.976000000000000156e+01
6.107215051651000977e+02	2.976000000000000156e+01
6.131840527057647705e+02	2.976000000000000156e+01
6.156458811759948730e+02	2.973000000000000043e+01
6.181095707416534424e+02	2.969999999999999929e+01
6.205725636482238770e+02	2.976000000000000156e+01
6.230345938205718994e+02	2.973000000000000043e+01
6.254969944953918457e+02	2.976000000000000156e+01
6.279601981639862061e+02	2.980000000000000071e+01
6.304223251342773438e+02	2.973000000000000043e+01
6.328852260112762451e+02	2.980000000000000071e+01
6.353480679988861084e+02	2.976000000000000156e+01
6.378102238178253174e+02	2.982999999999999829e+01
6.402723941802978516e+02	2.980000000000000071e+01
6.427352125644683838e+02	2.980000000000000071e+01
6.451979818344116211e+02	2.980000000000000071e+01
6.476607394218444824e+02	2.976000000000000156e+01
6.501228389739990234e+02	2.976000000000000156e+01
6.525859014987945557e+02	2.976000000000000156e+01
6.550480628013610840e+02	2.976000000000000156e+01
6.575100955963134766e+02	2.976000000000000156e+01
6.599730927944183350e+02	2.980000000000000071e+01
6.624362766742706299e+02	2.973000000000000043e+01
6.648989429473876953e+02	2.976000000000000156e+01
6.673612017631530762e+02	2.976000000000000156e+01
6.698240201473236084e+02	2.976000000000000156e+01
6.722866947650909424e+02	2.982999999999999829e+01
6.747489480972290039e+02	2.980000000000000071e+01
6.772118501663208008e+02	2.982999999999999829e+01
6.796736514568328857e+02	2.980000000000000071e+01
6.821361274719238281e+02	2.982999999999999829e+01
6.845991938114166260e+02	2.982999999999999829e+01
6.870614759922027588e+02	2.980000000000000071e+01
6.895249235630035400e+02	2.982999999999999829e+01
6.919860389232635498e+02	2.980000000000000071e+01
6.944498372077941895e+02	2.976000000000000156e+01
6.969127123355865479e+02	2.976000000000000156e+01
6.993754317760467529e+02	2.980000000000000071e+01
7.018368957042694092e+02	2.976000000000000156e+01
7.043004853725433350e+02	2.980000000000000071e+01
7.067624619007110596e+02	2.973000000000000043e+01
7.092252268791198730e+02	2.976000000000000156e+01
7.116875414848327637e+02	2.976000000000000156e+01
7.141508295536041260e+02	2.973000000000000043e+01
7.166133830547332764e+02	2.976000000000000156e+01
7.190759518146514893e+02	2.976000000000000156e+01
7.215386674404144287e+02	2.976000000000000156e+01
7.239999926090240479e+02	2.976000000000000156e+01
7.264630036354064941e+02	2.976000000000000156e+01
7.289261331558227539e+02	2.980000000000000071e+01
7.313883316516876221e+02	2.980000000000000071e+01
7.338516769409179688e+02	2.982999999999999829e+01
7.363139913082122803e+02	2.980000000000000071e+01
7.387761673927307129e+02	2.976000000000000156e+01
7.412394669055938721e+02	2.980000000000000071e+01
7.437021682262420654e+02	2.976000000000000156e+01
7.461639356613159180e+02	2.973000000000000043e+01
7.486265535354614258e+02	2.973000000000000043e+01
7.510889453887939453e+02	2.969999999999999929e+01
7.535520718097686768e+02	2.973000000000000043e+01
7.560144269466400146e+02	2.976000000000000156e+01
7.584769732952117920e+02	2.976000000000000156e+01
7.609397525787353516e+02	2.976000000000000156e+01
7.634023814201354980e+02	2.969999999999999929e+01
7.658644924163818359e+02	2.980000000000000071e+01
7.683275301456451416e+02	2.982999999999999829e+01
7.707903850078582764e+02	2.980000000000000071e+01
7.732528412342071533e+02	2.980000000000000071e+01
7.757148301601409912e+02	2.982999999999999829e+01
7.781777625083923340e+02	2.982999999999999829e+01
7.806403574943542480e+02	2.980000000000000071e+01
7.831033208370208740e+02	2.980000000000000071e+01
7.855655536651611328e+02	2.980000000000000071e+01
7.880277252197265625e+02	2.980000000000000071e+01
7.904904034137725830e+02	2.980000000000000071e+01
7.929533147811889648e+02	2.980000000000000071e+01
7.954159235954284668e+02	2.973000000000000043e+01
7.978786618709564209e+02	2.973000000000000043e+01
8.003416590690612793e+02	2.973000000000000043e+01
8.028040084838867188e+02	2.973000000000000043e+01
8.052664568424224854e+02	2.973000000000000043e+01
8.077282044887542725e+02	2.973000000000000043e+01
8.101919348239898682e+02	2.976000000000000156e+01
8.126534695625305176e+02	2.976000000000000156e+01
8.151165263652801514e+02	2.976000000000000156e+01
8.175794007778167725e+02	2.980000000000000071e+01
8.200418984889984131e+02	2.980000000000000071e+01
8.225049071311950684e+02	2.980000000000000071e+01
8.249668624401092529e+02	2.980000000000000071e+01
8.274293377399444580e+02	2.982999999999999829e+01
8.298917570114135742e+02	2.982999999999999829e+01
8.323541960716247559e+02	2.980000000000000071e+01
8.348175046443939209e+02	2.973000000000000043e+01
8.372793138027191162e+02	2.973000000000000043e+01
8.397421536445617676e+02	2.976000000000000156e+01
8.422055888175964355e+02	2.973000000000000043e+01
8.446673872470855713e+02	2.976000000000000156e+01
8.471303045749664307e+02	2.976000000000000156e+01
8.495923652648925781e+02	2.976000000000000156e+01
8.520561144351959229e+02	2.973000000000000043e+01
8.545184698104858398e+02	2.973000000000000043e+01
8.569804329872131348e+02	2.982999999999999829e+01
8.594436502456665039e+02	2.982999999999999829e+01
8.619059014320373535e+02	2.982999999999999829e+01
8.643684353828430176e+02	2.982999999999999829e+01
8.668308625221252441e+02	2.982999999999999829e+01
8.692932839393615723e+02	2.980000000000000071e+01
8.717554955482482910e+02	2.980000000000000071e+01
8.742184486389160156e+02	2.980000000000000071e+01
8.766815834045410156e+02	2.985999999999999943e+01
8.791433789730072021e+02	2.980000000000000071e+01
8.816065807342529297e+02	2.982999999999999829e+01
8.840688934326171875e+02	2.980000000000000071e+01
8.865315465927124023e+02	2.976000000000000156e+01
8.889942345619201660e+02	2.976000000000000156e+01
8.914566378593444824e+02	2.976000000000000156e+01
8.939198076725006104e+02	2.973000000000000043e+01
8.963817870616912842e+02	2.973000000000000043e+01
8.988443295955657959e+02	2.969999999999999929e+01
9.013072628974914551e+02	2.976000000000000156e+01
9.037695653438568115e+02	2.973000000000000043e+01
9.062325155735015869e+02	2.976000000000000156e+01
9.086942925453186035e+02	2.976000000000000156e+01
9.111572103500366211e+02	2.976000000000000156e+01
9.136197049617767334e+02	2.976000000000000156e+01
9.160824217796325684e+02	2.980000000000000071e+01
9.185454564094543457e+02	2.976000000000000156e+01
9.210074386596679688e+02	2.982999999999999829e+01
9.234703912734985352e+02	2.982999999999999829e+01
9.259318735599517822e+02	2.982999999999999829e+01
9.283949558734893799e+02	2.980000000000000071e+01
9.308585484027862549e+02	2.982999999999999829e+01
9.333208253383636475e+02	2.982999999999999829e+01
9.357833187580108643e+02	2.980000000000000071e+01
9.382459943294525146e+02	2.980000000000000071e+01
9.407083339691162109e+02	2.980000000000000071e+01
9.431712734699249268e+02	2.980000000000000071e+01
9.456340711116790771e+02	2.982999999999999829e+01
9.480964958667755127e+02	2.982999999999999829e+01
9.505583717823028564e+02	2.982999999999999829e+01
9.530214998722076416e+02	2.982999999999999829e+01
9.554842131137847900e+02	2.982999999999999829e+01
9.579464349746704102e+02	2.982999999999999829e+01
9.604093730449676514e+02	2.980000000000000071e+01
9.628712806701660156e+02	2.976000000000000156e+01
9.653342678546905518e+02	2.976000000000000156e+01
9.677966816425323486e+02	2.973000000000000043e+01
9.702592787742614746e+02	2.980000000000000071e+01
9.727224147319793701e+02	2.976000000000000156e+01
9.751845364570617676e+02	2.973000000000000043e+01
9.776476378440856934e+02	2.976000000000000156e+01
9.801092057228088379e+02	2.976000000000000156e+01
9.825722730159759521e+02	2.982999999999999829e+01
9.850354337692260742e+02	2.976000000000000156e+01
9.874975092411041260e+02	2.976000000000000156e+01
9.899597356319427490e+02	2.982999999999999829e+01
9.924232337474822998e+02	2.980000000000000071e+01
9.948848683834075928e+02	2.980000000000000071e+01
9.973477897644042969e+02	2.982999999999999829e+01
9.998104639053344727e+02	2.982999999999999829e+01
1.002272838115692139e+03	2.980000000000000071e+01
1.004735944747924805e+03	2.980000000000000071e+01
1.007198207378387451e+03	2.982999999999999829e+01
1.009660419225692749e+03	2.980000000000000071e+01
1.012123109102249146e+03	2.980000000000000071e+01
1.014586236000061035e+03	2.980000000000000071e+01
1.017047523260116577e+03	2.980000000000000071e+01
1.019511461496353149e+03	2.973000000000000043e+01
1.021973103284835815e+03	2.973000000000000043e+01
1.024436449527740479e+03	2.973000000000000043e+01
1.026898454666137695e+03	2.973000000000000043e+01
1.029361189603805542e+03	2.976000000000000156e+01
1.031823259830474854e+03	2.973000000000000043e+01
1.034286116361618042e+03	2.973000000000000043e+01
1.036749041795730591e+03	2.976000000000000156e+01
1.039212162017822266e+03	2.976000000000000156e+01
1.041674234628677368e+03	2.980000000000000071e+01
1.044136608839035034e+03	2.980000000000000071e+01
1.046598886251449585e+03	2.976000000000000156e+01
1.049062416315078735e+03	2.982999999999999829e+01
1.051524214744567871e+03	2.980000000000000071e+01
1.053987274885177612e+03	2.980000000000000071e+01
1.056450117111206055e+03	2.982999999999999829e+01
1.058912611246109009e+03	2.982999999999999829e+01
1.061375368356704712e+03	2.982999999999999829e+01
1.063837527990341187e+03	2.980000000000000071e+01
1.066299823522567749e+03	2.980000000000000071e+01
1.068763181686401367e+03	2.980000000000000071e+01
1.071225317955017090e+03	2.976000000000000156e+01
1.073687342166900635e+03	2.976000000000000156e+01
1.076149944067001343e+03	2.976000000000000156e+01
1.078612927436828613e+03	2.973000000000000043e+01
1.081075410604476929e+03	2.976000000000000156e+01
1.083538244247436523e+03	2.973000000000000043e+01
1.085999936103820801e+03	2.976000000000000156e+01
1.088462469100952148e+03	2.976000000000000156e+01
1.090926133155822754e+03	2.980000000000000071e+01
1.093389070034027100e+03	2.980000000000000071e+01
1.095851411819458008e+03	2.976000000000000156e+01
1.098313904762268066e+03	2.982999999999999829e+01
1.100776403665542603e+03	2.980000000000000071e+01
1.103239120960235596e+03	2.976000000000000156e+01
1.105701212167739868e+03	2.980000000000000071e+01
1.108164095163345337e+03	2.976000000000000156e+01
1.110626198053359985e+03	2.973000000000000043e+01
1.113089422702789307e+03	2.980000000000000071e+01
1.115551124811172485e+03	2.980000000000000071e+01
1.118014505863189697e+03	2.976000000000000156e+01
1.120476873397827148e+03	2.976000000000000156e+01
1.122939415454864502e+03	2.976000000000000156e+01
1.125402666568756104e+03	2.969999999999999929e+01
1.127864623308181763e+03	2.976000000000000156e+01
1.130327329874038696e+03	2.976000000000000156e+01
1.132789962053298950e+03	2.976000000000000156e+01
1.135252471208572388e+03	2.980000000000000071e+01
1.137715340137481689e+03	2.980000000000000071e+01
1.140177404403686523e+03	2.980000000000000071e+01
1.142640108108520508e+03	2.982999999999999829e+01
1.145103026151657104e+03	2.980000000000000071e+01
1.147565361022949219e+03	2.976000000000000156e+01
1.150027943849563599e+03	2.982999999999999829e+01
1.152490423917770386e+03	2.976000000000000156e+01
1.154953037738800049e+03	2.973000000000000043e+01
1.157416433811187744e+03	2.980000000000000071e+01
1.159878513813018799e+03	2.980000000000000071e+01
1.162341535329818726e+03	2.976000000000000156e+01
1.164803618431091309e+03	2.976000000000000156e+01
1.167265579223632812e+03	2.976000000000000156e+01
1.169729221582412720e+03	2.976000000000000156e+01
1.172191311120986938e+03	2.976000000000000156e+01
1.174654494047164917e+03	2.976000000000000156e+01
1.177116967201232910e+03	2.976000000000000156e+01
1.179579299211502075e+03	2.973000000000000043e+01
1.182041490554809570e+03	2.973000000000000043e+01
1.184504537582397461e+03	2.980000000000000071e+01
1.186967210054397583e+03	2.976000000000000156e+01
1.189429129362106323e+03	2.976000000000000156e+01
1.191892389059066772e+03	2.976000000000000156e+01
1.194355025529861450e+03	2.980000000000000071e+01
1.196817424058914185e+03	2.980000000000000071e+01
1.199279928922653198e+03	2.980000000000000071e+01
1.201742333889007568e+03	2.982999999999999829e+01
1.204204999685287476e+03	2.980000000000000071e+01
1.206667241811752319e+03	2.980000000000000071e+01
1.209130799293518066e+03	2.980000000000000071e+01
1.211593357801437378e+03	2.976000000000000156e+01
1.214055021286010742e+03	2.973000000000000043e+01
1.216518265247344971e+03	2.980000000000000071e+01
1.218980107307434082e+03	2.976000000000000156e+01
1.221443230152130127e+03	2.976000000000000156e+01
1.223905556678771973e+03	2.976000000000000156e+01
1.226368792533874512e+03	2.976000000000000156e+01
1.228830612182617188e+03	2.980000000000000071e+01
1.231293407440185547e+03	2.973000000000000043e+01
1.233756181955337524e+03	2.976000000000000156e+01
1.236218724489212036e+03	2.982999999999999829e+01
1.238681622743606567e+03	2.976000000000000156e+01
1.241143896341323853e+03	2.980000000000000071e+01
1.243606585025787354e+03	2.980000000000000071e+01
1.246068505287170410e+03	2.980000000000000071e+01
1.248531380653381348e+03	2.976000000000000156e+01
1.250994677782058716e+03	2.980000000000000071e+01
1.253456541299819946e+03	2.976000000000000156e+01
1.255919314384460449e+03	2.980000000000000071e+01
1.258382319211959839e+03	2.976000000000000156e+01
1.260844533205032349e+03	2.976000000000000156e+01
1.263307731151580811e+03	2.976000000000000156e+01
1.265769585132598877e+03	2.973000000000000043e+01
1.268232266426086426e+03	2.973000000000000043e+01
1.270694854497909546e+03	2.980000000000000071e+01
1.273157599449157715e+03	2.976000000000000156e+01
1.275620348930358887e+03	2.976000000000000156e+01
1.278083044767379761e+03	2.980000000000000071e+01
1.280545038938522339e+03	2.980000000000000071e+01
1.283007756710052490e+03	2.976000000000000156e+01
1.285470587491989136e+03	2.976000000000000156e+01
1.287933263063430786e+03	2.976000000000000156e+01
1.290396259784698486e+03	2.973000000000000043e+01
1.292857887744903564e+03	2.976000000000000156e+01
1.295321260213851929e+03	2.980000000000000071e+01
1.297783543586730957e+03	2.980000000000000071e+01
1.300246109247207642e+03	2.976000000000000156e+01
1.302708447217941284e+03	2.980000000000000071e+01
1.305171433448791504e+03	2.982999999999999829e+01
1.307634036064147949e+03	2.980000000000000071e+01
1.310096287965774536e+03	2.982999999999999829e+01
1.312559190273284912e+03	2.980000000000000071e+01
1.315021522760391235e+03	2.980000000000000071e+01
1.317484732151031494e+03	2.982999999999999829e+01
1.319946225166320801e+03	2.980000000000000071e+01
1.322409508705139160e+03	2.982999999999999829e+01
1.324871648073196411e+03	2.980000000000000071e+01
1.327334139347076416e+03	2.976000000000000156e+01
1.329796964883804321e+03	2.980000000000000071e+01
1.332260045528411865e+03	2.976000000000000156e+01
1.334722116470336914e+03	2.976000000000000156e+01
1.337185150384902954e+03	2.973000000000000043e+01
1.339647800445556641e+03	2.976000000000000156e+01
1.342109771966934204e+03	2.976000000000000156e+01
1.344572932958602905e+03	2.973000000000000043e+01
1.347034816026687622e+03	2.976000000000000156e+01
1.349497817039489746e+03	2.980000000000000071e+01
1.351960417509078979e+03	2.973000000000000043e+01
1.354423270463943481e+03	2.980000000000000071e+01
1.356886075735092163e+03	2.980000000000000071e+01
1.359348002910614014e+03	2.976000000000000156e+01
1.361811263322830200e+03	2.976000000000000156e+01
1.364272886276245117e+03	2.980000000000000071e+01
1.366735713958740234e+03	2.980000000000000071e+01
1.369198008775711060e+03	2.980000000000000071e+01
1.371661194562911987e+03	2.982999999999999829e+01
1.374123574495315552e+03	2.976000000000000156e+01
1.376586521387100220e+03	2.982999999999999829e+01
1.379049328088760376e+03	2.980000000000000071e+01
1.381511948823928833e+03	2.976000000000000156e+01
1.383973515033721924e+03	2.980000000000000071e+01
1.386436048984527588e+03	2.976000000000000156e+01
1.388899250030517578e+03	2.980000000000000071e+01
1.391361498594284058e+03	2.973000000000000043e+01
1.393824627876281738e+03	2.973000000000000043e+01
1.396286459684371948e+03	2.976000000000000156e+01
1.398749304056167603e+03	2.973000000000000043e+01
1.401212286472320557e+03	2.976000000000000156e+01
1.403675274610519409e+03	2.973000000000000043e+01
1.406137563943862915e+03	2.980000000000000071e+01
1.408599540710449219e+03	2.980000000000000071e+01
1.411062336206436157e+03	2.980000000000000071e+01
1.413525070667266846e+03	2.982999999999999829e+01
1.415988046169281006e+03	2.980000000000000071e+01
1.418450238704681396e+03	2.985999999999999943e+01
1.420913243532180786e+03	2.980000000000000071e+01
1.423375374555587769e+03	2.980000000000000071e+01
1.425837562322616577e+03	2.982999999999999829e+01
1.428300747871398926e+03	2.980000000000000071e+01
1.430762705802917480e+03	2.982999999999999829e+01
1.433225567102432251e+03	2.976000000000000156e+01
1.435687788963317871e+03	2.973000000000000043e+01
1.438150932073593140e+03	2.976000000000000156e+01
1.440613362789154053e+03	2.976000000000000156e+01
1.443076120138168335e+03	2.973000000000000043e+01
1.445538739919662476e+03	2.973000000000000043e+01
1.448001127243041992e+03	2.973000000000000043e+01
1.450463879823684692e+03	2.969999999999999929e+01
1.452926684379577637e+03	2.973000000000000043e+01
1.455388275623321533e+03	2.973000000000000043e+01
1.457851142883300781e+03	2.973000000000000043e+01
1.460313933849334717e+03	2.973000000000000043e+01
1.462776583433151245e+03	2.976000000000000156e+01
1.465239274024963379e+03	2.976000000000000156e+01
1.467702190876007080e+03	2.976000000000000156e+01
1.470164088010787964e+03	2.982999999999999829e+01
1.472626852989196777e+03	2.976000000000000156e+01
1.475089464426040649e+03	2.982999999999999829e+01
