# 20220728
# time			temp			
0.000000000000000000e+00	2.973000000000000043e+01
2.463265657424926758e+00	2.976000000000000156e+01
4.925797700881958008e+00	2.976000000000000156e+01
7.388145923614501953e+00	2.973000000000000043e+01
9.849959850311279297e+00	2.976000000000000156e+01
1.231301641464233398e+01	2.973000000000000043e+01
1.477653741836547852e+01	2.973000000000000043e+01
1.723895645141601562e+01	2.980000000000000071e+01
1.970167374610900879e+01	2.982999999999999829e+01
2.216401886940002441e+01	2.982999999999999829e+01
2.462590503692626953e+01	2.980000000000000071e+01
2.708887982368469238e+01	2.980000000000000071e+01
2.955164766311645508e+01	2.980000000000000071e+01
3.201417541503906250e+01	2.976000000000000156e+01
3.447721815109252930e+01	2.980000000000000071e+01
3.693919658660888672e+01	2.976000000000000156e+01
3.940260314941406250e+01	2.973000000000000043e+01
4.186364316940307617e+01	2.976000000000000156e+01
4.432738590240478516e+01	2.973000000000000043e+01
4.678955841064453125e+01	2.973000000000000043e+01
4.925238370895385742e+01	2.976000000000000156e+01
5.171413516998291016e+01	2.973000000000000043e+01
5.417815446853637695e+01	2.976000000000000156e+01
5.664065957069396973e+01	2.973000000000000043e+01
5.910269784927368164e+01	2.976000000000000156e+01
6.156484723091125488e+01	2.980000000000000071e+01
6.402845335006713867e+01	2.976000000000000156e+01
6.649001049995422363e+01	2.980000000000000071e+01
6.895269608497619629e+01	2.980000000000000071e+01
7.141636133193969727e+01	2.982999999999999829e+01
7.387842202186584473e+01	2.982999999999999829e+01
7.634096431732177734e+01	2.980000000000000071e+01
7.880373048782348633e+01	2.980000000000000071e+01
8.126560568809509277e+01	2.982999999999999829e+01
8.372807240486145020e+01	2.980000000000000071e+01
8.619145679473876953e+01	2.980000000000000071e+01
8.865400028228759766e+01	2.980000000000000071e+01
9.111710190773010254e+01	2.976000000000000156e+01
9.357803630828857422e+01	2.976000000000000156e+01
9.604196381568908691e+01	2.980000000000000071e+01
9.850358700752258301e+01	2.976000000000000156e+01
1.009666063785552979e+02	2.976000000000000156e+01
1.034296290874481201e+02	2.976000000000000156e+01
1.058913743495941162e+02	2.976000000000000156e+01
1.083543217182159424e+02	2.980000000000000071e+01
1.108166260719299316e+02	2.976000000000000156e+01
1.132796130180358887e+02	2.976000000000000156e+01
1.157420289516448975e+02	2.982999999999999829e+01
1.182051208019256592e+02	2.980000000000000071e+01
1.206670546531677246e+02	2.980000000000000071e+01
1.231297552585601807e+02	2.980000000000000071e+01
1.255929360389709473e+02	2.980000000000000071e+01
1.280547037124633789e+02	2.980000000000000071e+01
1.305181770324707031e+02	2.980000000000000071e+01
1.329797327518463135e+02	2.980000000000000071e+01
1.354427506923675537e+02	2.976000000000000156e+01
1.379056212902069092e+02	2.980000000000000071e+01
1.403676629066467285e+02	2.980000000000000071e+01
1.428305659294128418e+02	2.980000000000000071e+01
1.452935533523559570e+02	2.980000000000000071e+01
1.477561261653900146e+02	2.976000000000000156e+01
1.502176306247711182e+02	2.976000000000000156e+01
1.526806917190551758e+02	2.980000000000000071e+01
1.551433444023132324e+02	2.976000000000000156e+01
1.576058778762817383e+02	2.973000000000000043e+01
1.600682747364044189e+02	2.982999999999999829e+01
1.625317518711090088e+02	2.980000000000000071e+01
1.649937608242034912e+02	2.980000000000000071e+01
1.674563333988189697e+02	2.980000000000000071e+01
1.699185609817504883e+02	2.982999999999999829e+01
1.723819468021392822e+02	2.982999999999999829e+01
1.748438255786895752e+02	2.980000000000000071e+01
1.773063230514526367e+02	2.980000000000000071e+01
1.797691431045532227e+02	2.980000000000000071e+01
1.822314627170562744e+02	2.980000000000000071e+01
1.846941959857940674e+02	2.976000000000000156e+01
1.871569609642028809e+02	2.973000000000000043e+01
1.896192374229431152e+02	2.973000000000000043e+01
1.920820853710174561e+02	2.976000000000000156e+01
1.945447833538055420e+02	2.976000000000000156e+01
1.970072498321533203e+02	2.973000000000000043e+01
1.994696013927459717e+02	2.973000000000000043e+01
2.019321641921997070e+02	2.976000000000000156e+01
2.043951258659362793e+02	2.976000000000000156e+01
2.068580398559570312e+02	2.976000000000000156e+01
2.093197999000549316e+02	2.980000000000000071e+01
2.117828562259674072e+02	2.980000000000000071e+01
2.142458784580230713e+02	2.980000000000000071e+01
2.167084081172943115e+02	2.976000000000000156e+01
2.191702418327331543e+02	2.982999999999999829e+01
2.216329722404479980e+02	2.982999999999999829e+01
2.240959546566009521e+02	2.980000000000000071e+01
2.265580096244812012e+02	2.982999999999999829e+01
2.290206902027130127e+02	2.982999999999999829e+01
2.314832286834716797e+02	2.980000000000000071e+01
2.339467542171478271e+02	2.980000000000000071e+01
2.364093973636627197e+02	2.982999999999999829e+01
2.388709347248077393e+02	2.976000000000000156e+01
2.413346743583679199e+02	2.980000000000000071e+01
2.437970535755157471e+02	2.976000000000000156e+01
2.462588949203491211e+02	2.980000000000000071e+01
2.487219171524047852e+02	2.976000000000000156e+01
2.511845948696136475e+02	2.976000000000000156e+01
2.536465570926666260e+02	2.976000000000000156e+01
2.561101593971252441e+02	2.976000000000000156e+01
2.585718059539794922e+02	2.980000000000000071e+01
2.610352394580841064e+02	2.976000000000000156e+01
2.634973492622375488e+02	2.982999999999999829e+01
2.659603545665740967e+02	2.976000000000000156e+01
2.684221117496490479e+02	2.982999999999999829e+01
2.708857409954071045e+02	2.980000000000000071e+01
2.733479030132293701e+02	2.980000000000000071e+01
2.758106832504272461e+02	2.976000000000000156e+01
2.782728245258331299e+02	2.980000000000000071e+01
2.807359647750854492e+02	2.980000000000000071e+01
2.831986632347106934e+02	2.980000000000000071e+01
2.856608760356903076e+02	2.976000000000000156e+01
2.881231446266174316e+02	2.976000000000000156e+01
2.905863969326019287e+02	2.976000000000000156e+01
2.930479154586791992e+02	2.976000000000000156e+01
2.955104610919952393e+02	2.980000000000000071e+01
2.979734926223754883e+02	2.976000000000000156e+01
3.004354891777038574e+02	2.980000000000000071e+01
3.028983979225158691e+02	2.980000000000000071e+01
3.053612966537475586e+02	2.980000000000000071e+01
3.078232066631317139e+02	2.980000000000000071e+01
3.102867081165313721e+02	2.980000000000000071e+01
3.127492430210113525e+02	2.980000000000000071e+01
3.152120382785797119e+02	2.980000000000000071e+01
3.176745696067810059e+02	2.980000000000000071e+01
3.201373198032379150e+02	2.976000000000000156e+01
3.225996775627136230e+02	2.976000000000000156e+01
3.250612394809722900e+02	2.976000000000000156e+01
3.275248727798461914e+02	2.976000000000000156e+01
3.299867405891418457e+02	2.982999999999999829e+01
3.324497709274291992e+02	2.980000000000000071e+01
3.349119429588317871e+02	2.976000000000000156e+01
3.373747179508209229e+02	2.980000000000000071e+01
3.398375685214996338e+02	2.982999999999999829e+01
3.422996771335601807e+02	2.980000000000000071e+01
3.447627282142639160e+02	2.980000000000000071e+01
3.472249906063079834e+02	2.980000000000000071e+01
3.496883430480957031e+02	2.980000000000000071e+01
3.521508278846740723e+02	2.985999999999999943e+01
3.546128237247467041e+02	2.980000000000000071e+01
3.570758073329925537e+02	2.980000000000000071e+01
3.595381240844726562e+02	2.980000000000000071e+01
3.620001170635223389e+02	2.982999999999999829e+01
3.644629664421081543e+02	2.980000000000000071e+01
3.669263527393341064e+02	2.973000000000000043e+01
3.693890042304992676e+02	2.980000000000000071e+01
3.718512799739837646e+02	2.976000000000000156e+01
3.743137392997741699e+02	2.976000000000000156e+01
3.767765018939971924e+02	2.980000000000000071e+01
3.792390871047973633e+02	2.973000000000000043e+01
3.817013282775878906e+02	2.973000000000000043e+01
3.841646084785461426e+02	2.976000000000000156e+01
3.866265566349029541e+02	2.980000000000000071e+01
3.890895614624023438e+02	2.980000000000000071e+01
3.915516552925109863e+02	2.982999999999999829e+01
3.940147275924682617e+02	2.980000000000000071e+01
3.964766271114349365e+02	2.982999999999999829e+01
3.989400105476379395e+02	2.985999999999999943e+01
4.014015598297119141e+02	2.982999999999999829e+01
4.038645617961883545e+02	2.982999999999999829e+01
4.063272211551666260e+02	2.980000000000000071e+01
4.087896528244018555e+02	2.980000000000000071e+01
4.112526218891143799e+02	2.982999999999999829e+01
4.137154128551483154e+02	2.976000000000000156e+01
4.161769714355468750e+02	2.982999999999999829e+01
4.186402547359466553e+02	2.980000000000000071e+01
4.211027595996856689e+02	2.980000000000000071e+01
4.235660743713378906e+02	2.976000000000000156e+01
4.260275595188140869e+02	2.980000000000000071e+01
4.284903585910797119e+02	2.973000000000000043e+01
4.309535136222839355e+02	2.976000000000000156e+01
4.334161877632141113e+02	2.976000000000000156e+01
4.358785808086395264e+02	2.976000000000000156e+01
4.383417241573333740e+02	2.976000000000000156e+01
4.408038985729217529e+02	2.980000000000000071e+01
4.432667391300201416e+02	2.980000000000000071e+01
4.457287981510162354e+02	2.976000000000000156e+01
4.481915793418884277e+02	2.980000000000000071e+01
4.506535596847534180e+02	2.982999999999999829e+01
4.531166057586669922e+02	2.982999999999999829e+01
4.555790593624114990e+02	2.980000000000000071e+01
4.580422449111938477e+02	2.980000000000000071e+01
4.605046329498291016e+02	2.980000000000000071e+01
4.629665198326110840e+02	2.980000000000000071e+01
4.654290635585784912e+02	2.980000000000000071e+01
4.678918404579162598e+02	2.976000000000000156e+01
4.703545196056365967e+02	2.976000000000000156e+01
4.728167710304260254e+02	2.976000000000000156e+01
4.752799167633056641e+02	2.976000000000000156e+01
4.777427299022674561e+02	2.973000000000000043e+01
4.802046210765838623e+02	2.976000000000000156e+01
4.826680219173431396e+02	2.980000000000000071e+01
4.851306128501892090e+02	2.980000000000000071e+01
4.875926001071929932e+02	2.980000000000000071e+01
4.900549988746643066e+02	2.980000000000000071e+01
4.925182321071624756e+02	2.980000000000000071e+01
4.949805729389190674e+02	2.976000000000000156e+01
4.974430477619171143e+02	2.976000000000000156e+01
4.999050014019012451e+02	2.980000000000000071e+01
5.023684155941009521e+02	2.976000000000000156e+01
5.048313632011413574e+02	2.976000000000000156e+01
5.072941002845764160e+02	2.980000000000000071e+01
5.097567408084869385e+02	2.976000000000000156e+01
5.122184581756591797e+02	2.980000000000000071e+01
5.146816565990447998e+02	2.976000000000000156e+01
5.171442160606384277e+02	2.980000000000000071e+01
5.196068809032440186e+02	2.980000000000000071e+01
5.220680367946624756e+02	2.980000000000000071e+01
5.245318841934204102e+02	2.980000000000000071e+01
5.269946212768554688e+02	2.982999999999999829e+01
5.294571857452392578e+02	2.976000000000000156e+01
5.319199714660644531e+02	2.980000000000000071e+01
5.343823957443237305e+02	2.980000000000000071e+01
5.368442244529724121e+02	2.976000000000000156e+01
5.393074455261230469e+02	2.980000000000000071e+01
5.417691776752471924e+02	2.980000000000000071e+01
5.442322824001312256e+02	2.976000000000000156e+01
5.466944973468780518e+02	2.980000000000000071e+01
5.491578581333160400e+02	2.973000000000000043e+01
5.516196575164794922e+02	2.973000000000000043e+01
5.540821521282196045e+02	2.976000000000000156e+01
5.565451638698577881e+02	2.976000000000000156e+01
5.590083169937133789e+02	2.976000000000000156e+01
5.614703040122985840e+02	2.976000000000000156e+01
5.639332506656646729e+02	2.976000000000000156e+01
5.663960824012756348e+02	2.976000000000000156e+01
5.688583679199218750e+02	2.980000000000000071e+01
5.713211331367492676e+02	2.980000000000000071e+01
5.737833018302917480e+02	2.980000000000000071e+01
5.762456650733947754e+02	2.976000000000000156e+01
5.787084891796112061e+02	2.980000000000000071e+01
5.811709623336791992e+02	2.980000000000000071e+01
5.836337084770202637e+02	2.982999999999999829e+01
5.860965425968170166e+02	2.982999999999999829e+01
5.885584561824798584e+02	2.980000000000000071e+01
5.910212142467498779e+02	2.976000000000000156e+01
5.934839498996734619e+02	2.980000000000000071e+01
5.959462132453918457e+02	2.976000000000000156e+01
5.984095644950866699e+02	2.980000000000000071e+01
6.008716034889221191e+02	2.980000000000000071e+01
6.033341724872589111e+02	2.982999999999999829e+01
6.057965674400329590e+02	2.976000000000000156e+01
6.082591137886047363e+02	2.976000000000000156e+01
6.107224645614624023e+02	2.980000000000000071e+01
6.131843838691711426e+02	2.980000000000000071e+01
6.156473162174224854e+02	2.982999999999999829e+01
6.181097588539123535e+02	2.980000000000000071e+01
6.205721681118011475e+02	2.980000000000000071e+01
6.230343523025512695e+02	2.980000000000000071e+01
6.254980113506317139e+02	2.976000000000000156e+01
6.279597756862640381e+02	2.980000000000000071e+01
6.304232397079467773e+02	2.976000000000000156e+01
6.328854160308837891e+02	2.976000000000000156e+01
6.353484747409820557e+02	2.976000000000000156e+01
6.378106253147125244e+02	2.973000000000000043e+01
6.402728724479675293e+02	2.969999999999999929e+01
6.427353386878967285e+02	2.973000000000000043e+01
6.451984550952911377e+02	2.973000000000000043e+01
6.476612119674682617e+02	2.973000000000000043e+01
6.501237030029296875e+02	2.976000000000000156e+01
6.525862276554107666e+02	2.976000000000000156e+01
6.550481042861938477e+02	2.973000000000000043e+01
6.575111958980560303e+02	2.980000000000000071e+01
6.599735951423645020e+02	2.982999999999999829e+01
6.624356427192687988e+02	2.976000000000000156e+01
6.648988504409790039e+02	2.980000000000000071e+01
6.673610999584197998e+02	2.982999999999999829e+01
6.698244421482086182e+02	2.982999999999999829e+01
6.722858378887176514e+02	2.980000000000000071e+01
6.747486782073974609e+02	2.982999999999999829e+01
6.772123706340789795e+02	2.980000000000000071e+01
6.796735603809356689e+02	2.980000000000000071e+01
6.821370582580566406e+02	2.982999999999999829e+01
6.846000173091888428e+02	2.980000000000000071e+01
6.870621287822723389e+02	2.976000000000000156e+01
6.895241682529449463e+02	2.976000000000000156e+01
6.919879410266876221e+02	2.973000000000000043e+01
6.944503440856933594e+02	2.976000000000000156e+01
6.969125978946685791e+02	2.973000000000000043e+01
6.993747434616088867e+02	2.976000000000000156e+01
7.018380577564239502e+02	2.976000000000000156e+01
7.043007495403289795e+02	2.976000000000000156e+01
7.067634630203247070e+02	2.976000000000000156e+01
7.092256329059600830e+02	2.980000000000000071e+01
7.116881730556488037e+02	2.976000000000000156e+01
7.141504096984863281e+02	2.976000000000000156e+01
7.166136822700500488e+02	2.980000000000000071e+01
7.190756220817565918e+02	2.980000000000000071e+01
7.215382754802703857e+02	2.985999999999999943e+01
7.240005769729614258e+02	2.982999999999999829e+01
7.264640088081359863e+02	2.980000000000000071e+01
7.289265031814575195e+02	2.976000000000000156e+01
7.313888242244720459e+02	2.973000000000000043e+01
7.338513290882110596e+02	2.973000000000000043e+01
7.363136446475982666e+02	2.976000000000000156e+01
7.387760794162750244e+02	2.976000000000000156e+01
7.412385768890380859e+02	2.976000000000000156e+01
7.437017195224761963e+02	2.976000000000000156e+01
7.461647841930389404e+02	2.973000000000000043e+01
7.486271312236785889e+02	2.976000000000000156e+01
7.510891649723052979e+02	2.976000000000000156e+01
7.535526287555694580e+02	2.976000000000000156e+01
7.560139613151550293e+02	2.976000000000000156e+01
7.584774661064147949e+02	2.976000000000000156e+01
7.609404146671295166e+02	2.976000000000000156e+01
7.634023826122283936e+02	2.982999999999999829e+01
7.658646216392517090e+02	2.982999999999999829e+01
7.683274729251861572e+02	2.980000000000000071e+01
7.707902026176452637e+02	2.982999999999999829e+01
7.732526497840881348e+02	2.980000000000000071e+01
7.757153797149658203e+02	2.980000000000000071e+01
7.781782419681549072e+02	2.980000000000000071e+01
7.806397123336791992e+02	2.980000000000000071e+01
7.831029622554779053e+02	2.980000000000000071e+01
7.855656473636627197e+02	2.976000000000000156e+01
7.880279238224029541e+02	2.980000000000000071e+01
7.904911947250366211e+02	2.980000000000000071e+01
7.929530975818634033e+02	2.976000000000000156e+01
7.954156384468078613e+02	2.980000000000000071e+01
7.978784630298614502e+02	2.976000000000000156e+01
8.003417191505432129e+02	2.973000000000000043e+01
8.028037247657775879e+02	2.980000000000000071e+01
8.052662882804870605e+02	2.976000000000000156e+01
8.077290799617767334e+02	2.980000000000000071e+01
8.101922051906585693e+02	2.976000000000000156e+01
8.126535911560058594e+02	2.976000000000000156e+01
8.151169216632843018e+02	2.976000000000000156e+01
8.175794234275817871e+02	2.976000000000000156e+01
8.200416929721832275e+02	2.976000000000000156e+01
8.225042073726654053e+02	2.976000000000000156e+01
8.249673380851745605e+02	2.980000000000000071e+01
8.274294929504394531e+02	2.980000000000000071e+01
8.298923068046569824e+02	2.980000000000000071e+01
8.323541088104248047e+02	2.982999999999999829e+01
8.348178174495697021e+02	2.982999999999999829e+01
8.372797005176544189e+02	2.982999999999999829e+01
8.397421443462371826e+02	2.982999999999999829e+01
8.422056002616882324e+02	2.982999999999999829e+01
8.446672468185424805e+02	2.982999999999999829e+01
8.471306612491607666e+02	2.980000000000000071e+01
8.495933728218078613e+02	2.982999999999999829e+01
8.520558769702911377e+02	2.976000000000000156e+01
8.545186092853546143e+02	2.980000000000000071e+01
8.569812867641448975e+02	2.973000000000000043e+01
8.594429078102111816e+02	2.976000000000000156e+01
8.619061806201934814e+02	2.976000000000000156e+01
8.643689281940460205e+02	2.976000000000000156e+01
8.668311803340911865e+02	2.976000000000000156e+01
8.692934124469757080e+02	2.973000000000000043e+01
8.717561802864074707e+02	2.976000000000000156e+01
8.742195622920989990e+02	2.973000000000000043e+01
8.766818776130676270e+02	2.973000000000000043e+01
8.791443235874176025e+02	2.976000000000000156e+01
8.816064934730529785e+02	2.980000000000000071e+01
8.840693778991699219e+02	2.980000000000000071e+01
8.865315055847167969e+02	2.980000000000000071e+01
8.889947881698608398e+02	2.980000000000000071e+01
8.914569537639617920e+02	2.980000000000000071e+01
8.939191834926605225e+02	2.980000000000000071e+01
8.963822262287139893e+02	2.980000000000000071e+01
8.988444311618804932e+02	2.982999999999999829e+01
9.013075296878814697e+02	2.976000000000000156e+01
9.037701594829559326e+02	2.980000000000000071e+01
9.062330350875854492e+02	2.976000000000000156e+01
9.086950919628143311e+02	2.973000000000000043e+01
9.111583220958709717e+02	2.973000000000000043e+01
9.136198122501373291e+02	2.969999999999999929e+01
9.160833544731140137e+02	2.973000000000000043e+01
9.185454287528991699e+02	2.969999999999999929e+01
9.210076463222503662e+02	2.976000000000000156e+01
9.234707889556884766e+02	2.980000000000000071e+01
9.259331593513488770e+02	2.976000000000000156e+01
9.283955698013305664e+02	2.976000000000000156e+01
9.308587183952331543e+02	2.976000000000000156e+01
9.333207974433898926e+02	2.980000000000000071e+01
9.357840940952301025e+02	2.980000000000000071e+01
9.382466073036193848e+02	2.980000000000000071e+01
9.407084465026855469e+02	2.982999999999999829e+01
9.431713263988494873e+02	2.982999999999999829e+01
9.456338591575622559e+02	2.980000000000000071e+01
9.480968198776245117e+02	2.980000000000000071e+01
9.505596508979797363e+02	2.980000000000000071e+01
9.530220866203308105e+02	2.976000000000000156e+01
9.554842629432678223e+02	2.982999999999999829e+01
9.579468510150909424e+02	2.980000000000000071e+01
9.604097535610198975e+02	2.976000000000000156e+01
9.628722276687622070e+02	2.976000000000000156e+01
9.653343224525451660e+02	2.980000000000000071e+01
9.677970488071441650e+02	2.976000000000000156e+01
9.702606279850006104e+02	2.976000000000000156e+01
9.727221345901489258e+02	2.976000000000000156e+01
9.751848516464233398e+02	2.980000000000000071e+01
9.776479408740997314e+02	2.980000000000000071e+01
9.801104080677032471e+02	2.980000000000000071e+01
9.825727136135101318e+02	2.982999999999999829e+01
9.850357270240783691e+02	2.980000000000000071e+01
9.874983394145965576e+02	2.982999999999999829e+01
9.899607164859771729e+02	2.980000000000000071e+01
9.924224638938903809e+02	2.980000000000000071e+01
9.948858509063720703e+02	2.976000000000000156e+01
9.973483278751373291e+02	2.980000000000000071e+01
9.998108122348785400e+02	2.976000000000000156e+01
1.002273749589920044e+03	2.973000000000000043e+01
1.004735364913940430e+03	2.973000000000000043e+01
1.007198732614517212e+03	2.976000000000000156e+01
1.009660708189010620e+03	2.973000000000000043e+01
1.012124300479888916e+03	2.973000000000000043e+01
1.014586103439331055e+03	2.976000000000000156e+01
1.017049390077590942e+03	2.966000000000000014e+01
1.019511612892150879e+03	2.976000000000000156e+01
1.021974714040756226e+03	2.976000000000000156e+01
1.024436733245849609e+03	2.980000000000000071e+01
1.026899291515350342e+03	2.982999999999999829e+01
1.029361693620681763e+03	2.976000000000000156e+01
1.031824587345123291e+03	2.976000000000000156e+01
1.034286780834197998e+03	2.980000000000000071e+01
1.036749501466751099e+03	2.980000000000000071e+01
1.039212754726409912e+03	2.980000000000000071e+01
1.041674863576889038e+03	2.980000000000000071e+01
1.044138386011123657e+03	2.976000000000000156e+01
1.046600570440292358e+03	2.973000000000000043e+01
1.049062518596649170e+03	2.976000000000000156e+01
1.051525418281555176e+03	2.973000000000000043e+01
1.053987992763519287e+03	2.973000000000000043e+01
1.056450706243515015e+03	2.976000000000000156e+01
1.058913279056549072e+03	2.973000000000000043e+01
1.061375690460205078e+03	2.973000000000000043e+01
1.063838427782058716e+03	2.982999999999999829e+01
1.066301381349563599e+03	2.980000000000000071e+01
1.068763269901275635e+03	2.980000000000000071e+01
1.071226188182830811e+03	2.980000000000000071e+01
1.073688937902450562e+03	2.980000000000000071e+01
1.076151590824127197e+03	2.980000000000000071e+01
1.078613788843154907e+03	2.976000000000000156e+01
1.081076243877410889e+03	2.976000000000000156e+01
1.083538761615753174e+03	2.976000000000000156e+01
1.086001449584960938e+03	2.973000000000000043e+01
1.088463820695877075e+03	2.973000000000000043e+01
1.090926567792892456e+03	2.976000000000000156e+01
1.093389614343643188e+03	2.973000000000000043e+01
1.095851548194885254e+03	2.973000000000000043e+01
1.098314707517623901e+03	2.973000000000000043e+01
1.100776926517486572e+03	2.973000000000000043e+01
1.103239731073379517e+03	2.976000000000000156e+01
1.105702577352523804e+03	2.976000000000000156e+01
1.108164847373962402e+03	2.976000000000000156e+01
1.110627480030059814e+03	2.980000000000000071e+01
1.113090559005737305e+03	2.976000000000000156e+01
1.115552552700042725e+03	2.980000000000000071e+01
1.118015425205230713e+03	2.976000000000000156e+01
1.120477746725082397e+03	2.982999999999999829e+01
1.122940398931503296e+03	2.982999999999999829e+01
1.125403267621994019e+03	2.982999999999999829e+01
1.127866084098815918e+03	2.980000000000000071e+01
1.130327600240707397e+03	2.980000000000000071e+01
1.132791361570358276e+03	2.976000000000000156e+01
1.135253140687942505e+03	2.980000000000000071e+01
1.137716533184051514e+03	2.980000000000000071e+01
1.140178637742996216e+03	2.980000000000000071e+01
1.142640301942825317e+03	2.980000000000000071e+01
1.145103748321533203e+03	2.980000000000000071e+01
1.147566141843795776e+03	2.980000000000000071e+01
1.150029424667358398e+03	2.980000000000000071e+01
1.152490985155105591e+03	2.980000000000000071e+01
1.154954451560974121e+03	2.976000000000000156e+01
1.157416843891143799e+03	2.982999999999999829e+01
1.159878557920455933e+03	2.980000000000000071e+01
1.162341759443283081e+03	2.980000000000000071e+01
1.164804695367813110e+03	2.980000000000000071e+01
1.167267268419265747e+03	2.973000000000000043e+01
1.169729446649551392e+03	2.976000000000000156e+01
1.172192830801010132e+03	2.980000000000000071e+01
1.174654243707656860e+03	2.976000000000000156e+01
1.177117264270782471e+03	2.980000000000000071e+01
1.179580695629119873e+03	2.980000000000000071e+01
1.182042449712753296e+03	2.976000000000000156e+01
1.184504641056060791e+03	2.976000000000000156e+01
1.186967498302459717e+03	2.976000000000000156e+01
1.189430449008941650e+03	2.980000000000000071e+01
1.191892482995986938e+03	2.976000000000000156e+01
1.194355462551116943e+03	2.976000000000000156e+01
1.196817679405212402e+03	2.980000000000000071e+01
1.199280563116073608e+03	2.980000000000000071e+01
1.201743469715118408e+03	2.980000000000000071e+01
1.204206339359283447e+03	2.980000000000000071e+01
1.206668892621994019e+03	2.980000000000000071e+01
1.209131479740142822e+03	2.980000000000000071e+01
1.211594313144683838e+03	2.976000000000000156e+01
1.214056446790695190e+03	2.980000000000000071e+01
1.216518864393234253e+03	2.976000000000000156e+01
1.218981882572174072e+03	2.976000000000000156e+01
1.221443901062011719e+03	2.973000000000000043e+01
1.223906538009643555e+03	2.980000000000000071e+01
1.226369042634963989e+03	2.976000000000000156e+01
1.228831248044967651e+03	2.980000000000000071e+01
1.231294365644454956e+03	2.976000000000000156e+01
1.233757548093795776e+03	2.976000000000000156e+01
1.236219429731369019e+03	2.976000000000000156e+01
1.238682337284088135e+03	2.980000000000000071e+01
1.241144305229187012e+03	2.982999999999999829e+01
1.243607660770416260e+03	2.980000000000000071e+01
1.246069770574569702e+03	2.980000000000000071e+01
1.248532229185104370e+03	2.976000000000000156e+01
1.250995184421539307e+03	2.976000000000000156e+01
1.253457190513610840e+03	2.980000000000000071e+01
1.255920665025711060e+03	2.980000000000000071e+01
1.258383287668228149e+03	2.976000000000000156e+01
1.260845682382583618e+03	2.973000000000000043e+01
1.263308177709579468e+03	2.973000000000000043e+01
1.265769967555999756e+03	2.976000000000000156e+01
1.268233343124389648e+03	2.976000000000000156e+01
1.270695952892303467e+03	2.980000000000000071e+01
1.273158300638198853e+03	2.980000000000000071e+01
1.275620190620422363e+03	2.982999999999999829e+01
1.278083626747131348e+03	2.976000000000000156e+01
1.280546490907669067e+03	2.980000000000000071e+01
1.283008982896804810e+03	2.980000000000000071e+01
1.285471218824386597e+03	2.982999999999999829e+01
1.287933468818664551e+03	2.980000000000000071e+01
1.290395903825759888e+03	2.982999999999999829e+01
1.292858709335327148e+03	2.980000000000000071e+01
1.295322003126144409e+03	2.980000000000000071e+01
1.297783482313156128e+03	2.976000000000000156e+01
1.300247014284133911e+03	2.973000000000000043e+01
1.302708674907684326e+03	2.976000000000000156e+01
1.305171415805816650e+03	2.973000000000000043e+01
1.307634776353836060e+03	2.973000000000000043e+01
1.310097202539443970e+03	2.973000000000000043e+01
1.312559668302536011e+03	2.976000000000000156e+01
1.315022352218627930e+03	2.976000000000000156e+01
1.317484246730804443e+03	2.976000000000000156e+01
1.319947535037994385e+03	2.976000000000000156e+01
1.322410294532775879e+03	2.976000000000000156e+01
1.324872410774230957e+03	2.982999999999999829e+01
1.327335238456726074e+03	2.980000000000000071e+01
1.329798091650009155e+03	2.976000000000000156e+01
1.332260562181472778e+03	2.982999999999999829e+01
1.334722899913787842e+03	2.982999999999999829e+01
1.337185359001159668e+03	2.976000000000000156e+01
1.339647224903106689e+03	2.980000000000000071e+01
1.342110321998596191e+03	2.982999999999999829e+01
1.344573289394378662e+03	2.976000000000000156e+01
1.347035728216171265e+03	2.976000000000000156e+01
1.349498102188110352e+03	2.973000000000000043e+01
1.351960753440856934e+03	2.976000000000000156e+01
1.354423552036285400e+03	2.973000000000000043e+01
1.356885946989059448e+03	2.976000000000000156e+01
1.359348672866821289e+03	2.980000000000000071e+01
1.361811273574829102e+03	2.980000000000000071e+01
1.364274252176284790e+03	2.980000000000000071e+01
1.366736315011978149e+03	2.980000000000000071e+01
1.369199237823486328e+03	2.982999999999999829e+01
1.371661562442779541e+03	2.985999999999999943e+01
1.374124471902847290e+03	2.982999999999999829e+01
1.376587018251419067e+03	2.985999999999999943e+01
1.379049617290496826e+03	2.982999999999999829e+01
1.381511499404907227e+03	2.980000000000000071e+01
1.383974250078201294e+03	2.982999999999999829e+01
1.386437368631362915e+03	2.982999999999999829e+01
1.388899309396743774e+03	2.976000000000000156e+01
1.391362815380096436e+03	2.980000000000000071e+01
1.393824237585067749e+03	2.976000000000000156e+01
1.396288044691085815e+03	2.980000000000000071e+01
1.398750713348388672e+03	2.980000000000000071e+01
1.401212315082550049e+03	2.976000000000000156e+01
1.403675731658935547e+03	2.980000000000000071e+01
1.406138381481170654e+03	2.976000000000000156e+01
1.408600383758544922e+03	2.976000000000000156e+01
1.411062989950180054e+03	2.973000000000000043e+01
1.413525592327117920e+03	2.982999999999999829e+01
1.415988290786743164e+03	2.976000000000000156e+01
1.418450610399246216e+03	2.982999999999999829e+01
1.420913563728332520e+03	2.980000000000000071e+01
1.423376625776290894e+03	2.982999999999999829e+01
1.425838147640228271e+03	2.980000000000000071e+01
1.428301412582397461e+03	2.980000000000000071e+01
1.430763551712036133e+03	2.982999999999999829e+01
1.433225612163543701e+03	2.980000000000000071e+01
1.435689306735992432e+03	2.980000000000000071e+01
1.438151471138000488e+03	2.976000000000000156e+01
1.440613843202590942e+03	2.973000000000000043e+01
1.443076624870300293e+03	2.976000000000000156e+01
1.445539453029632568e+03	2.976000000000000156e+01
1.448001433134078979e+03	2.973000000000000043e+01
1.450464560747146606e+03	2.973000000000000043e+01
1.452926528692245483e+03	2.973000000000000043e+01
1.455388899087905884e+03	2.973000000000000043e+01
1.457851843118667603e+03	2.976000000000000156e+01
1.460314782857894897e+03	2.973000000000000043e+01
1.462776561975479126e+03	2.976000000000000156e+01
1.465239809751510620e+03	2.976000000000000156e+01
1.467702412843704224e+03	2.976000000000000156e+01
1.470164644956588745e+03	2.980000000000000071e+01
1.472627177953720093e+03	2.982999999999999829e+01
1.475090497732162476e+03	2.980000000000000071e+01
