# 20220728
# time			temp			
0.000000000000000000e+00	2.980000000000000071e+01
2.461913108825683594e+00	2.985999999999999943e+01
4.924715518951416016e+00	2.982999999999999829e+01
7.387945652008056641e+00	2.982999999999999829e+01
9.849991083145141602e+00	2.980000000000000071e+01
1.231343436241149902e+01	2.982999999999999829e+01
1.477568125724792480e+01	2.985999999999999943e+01
1.723811101913452148e+01	2.980000000000000071e+01
1.970097541809082031e+01	2.982999999999999829e+01
2.216302657127380371e+01	2.982999999999999829e+01
2.462608027458190918e+01	2.982999999999999829e+01
2.708856391906738281e+01	2.982999999999999829e+01
2.955102801322937012e+01	2.976000000000000156e+01
3.201402664184570312e+01	2.976000000000000156e+01
3.447657060623168945e+01	2.980000000000000071e+01
3.693831467628479004e+01	2.976000000000000156e+01
3.940107226371765137e+01	2.976000000000000156e+01
4.186354041099548340e+01	2.980000000000000071e+01
4.432634830474853516e+01	2.976000000000000156e+01
4.678941226005554199e+01	2.980000000000000071e+01
4.925159645080566406e+01	2.980000000000000071e+01
5.171414685249328613e+01	2.976000000000000156e+01
5.417721629142761230e+01	2.982999999999999829e+01
5.663940572738647461e+01	2.982999999999999829e+01
5.910174512863159180e+01	2.982999999999999829e+01
6.156515812873840332e+01	2.980000000000000071e+01
6.402701282501220703e+01	2.982999999999999829e+01
6.649000215530395508e+01	2.980000000000000071e+01
6.895286345481872559e+01	2.985999999999999943e+01
7.141517210006713867e+01	2.982999999999999829e+01
7.387733626365661621e+01	2.982999999999999829e+01
7.634054756164550781e+01	2.985999999999999943e+01
7.880338501930236816e+01	2.985999999999999943e+01
8.126554679870605469e+01	2.982999999999999829e+01
8.372838687896728516e+01	2.980000000000000071e+01
8.619043970108032227e+01	2.982999999999999829e+01
8.865376949310302734e+01	2.982999999999999829e+01
9.111623477935791016e+01	2.985999999999999943e+01
9.357793951034545898e+01	2.985999999999999943e+01
9.604098272323608398e+01	2.982999999999999829e+01
9.850368380546569824e+01	2.985999999999999943e+01
1.009660949707031250e+02	2.980000000000000071e+01
1.034285168647766113e+02	2.982999999999999829e+01
1.058909301757812500e+02	2.980000000000000071e+01
1.083542876243591309e+02	2.980000000000000071e+01
1.108161346912384033e+02	2.980000000000000071e+01
1.132794768810272217e+02	2.982999999999999829e+01
1.157410871982574463e+02	2.980000000000000071e+01
1.182047023773193359e+02	2.980000000000000071e+01
1.206662786006927490e+02	2.976000000000000156e+01
1.231289415359497070e+02	2.980000000000000071e+01
1.255914371013641357e+02	2.982999999999999829e+01
1.280546164512634277e+02	2.982999999999999829e+01
1.305176594257354736e+02	2.982999999999999829e+01
1.329793503284454346e+02	2.985999999999999943e+01
1.354419369697570801e+02	2.982999999999999829e+01
1.379046411514282227e+02	2.982999999999999829e+01
1.403667583465576172e+02	2.985999999999999943e+01
1.428305032253265381e+02	2.982999999999999829e+01
1.452926442623138428e+02	2.982999999999999829e+01
1.477552247047424316e+02	2.985999999999999943e+01
1.502181122303009033e+02	2.980000000000000071e+01
1.526804506778717041e+02	2.980000000000000071e+01
1.551427230834960938e+02	2.982999999999999829e+01
1.576062762737274170e+02	2.980000000000000071e+01
1.600682964324951172e+02	2.982999999999999829e+01
1.625305736064910889e+02	2.980000000000000071e+01
1.649940221309661865e+02	2.982999999999999829e+01
1.674564383029937744e+02	2.980000000000000071e+01
1.699186894893646240e+02	2.980000000000000071e+01
1.723812329769134521e+02	2.980000000000000071e+01
1.748436083793640137e+02	2.980000000000000071e+01
1.773063132762908936e+02	2.980000000000000071e+01
1.797691814899444580e+02	2.982999999999999829e+01
1.822309792041778564e+02	2.982999999999999829e+01
1.846939463615417480e+02	2.980000000000000071e+01
1.871563625335693359e+02	2.985999999999999943e+01
1.896192388534545898e+02	2.985999999999999943e+01
1.920814454555511475e+02	2.982999999999999829e+01
1.945445055961608887e+02	2.982999999999999829e+01
1.970077080726623535e+02	2.982999999999999829e+01
1.994691963195800781e+02	2.982999999999999829e+01
2.019316604137420654e+02	2.982999999999999829e+01
2.043948891162872314e+02	2.980000000000000071e+01
2.068577089309692383e+02	2.982999999999999829e+01
2.093197576999664307e+02	2.976000000000000156e+01
2.117831807136535645e+02	2.976000000000000156e+01
2.142450530529022217e+02	2.980000000000000071e+01
2.167073190212249756e+02	2.980000000000000071e+01
2.191699049472808838e+02	2.976000000000000156e+01
2.216331655979156494e+02	2.980000000000000071e+01
2.240958795547485352e+02	2.976000000000000156e+01
2.265577559471130371e+02	2.980000000000000071e+01
2.290205616950988770e+02	2.980000000000000071e+01
2.314834160804748535e+02	2.982999999999999829e+01
2.339459857940673828e+02	2.980000000000000071e+01
2.364088556766510010e+02	2.985999999999999943e+01
2.388706867694854736e+02	2.982999999999999829e+01
2.413334374427795410e+02	2.980000000000000071e+01
2.437958517074584961e+02	2.982999999999999829e+01
2.462594969272613525e+02	2.980000000000000071e+01
2.487211124897003174e+02	2.982999999999999829e+01
2.511837680339813232e+02	2.982999999999999829e+01
2.536458537578582764e+02	2.980000000000000071e+01
2.561094994544982910e+02	2.980000000000000071e+01
2.585723185539245605e+02	2.980000000000000071e+01
2.610343849658966064e+02	2.980000000000000071e+01
2.634969129562377930e+02	2.976000000000000156e+01
2.659602305889129639e+02	2.976000000000000156e+01
2.684221618175506592e+02	2.976000000000000156e+01
2.708850536346435547e+02	2.976000000000000156e+01
2.733471472263336182e+02	2.980000000000000071e+01
2.758102030754089355e+02	2.976000000000000156e+01
2.782729866504669189e+02	2.976000000000000156e+01
2.807353532314300537e+02	2.980000000000000071e+01
2.831981372833251953e+02	2.980000000000000071e+01
2.856605331897735596e+02	2.982999999999999829e+01
2.881230254173278809e+02	2.980000000000000071e+01
2.905852477550506592e+02	2.985999999999999943e+01
2.930484008789062500e+02	2.982999999999999829e+01
2.955107781887054443e+02	2.985999999999999943e+01
2.979737367630004883e+02	2.982999999999999829e+01
3.004356207847595215e+02	2.982999999999999829e+01
3.028986711502075195e+02	2.980000000000000071e+01
3.053611416816711426e+02	2.980000000000000071e+01
3.078235807418823242e+02	2.980000000000000071e+01
3.102863862514495850e+02	2.980000000000000071e+01
3.127489411830902100e+02	2.980000000000000071e+01
3.152117719650268555e+02	2.980000000000000071e+01
3.176747126579284668e+02	2.982999999999999829e+01
3.201373195648193359e+02	2.982999999999999829e+01
3.225989377498626709e+02	2.982999999999999829e+01
3.250623211860656738e+02	2.982999999999999829e+01
3.275247783660888672e+02	2.982999999999999829e+01
3.299871857166290283e+02	2.982999999999999829e+01
3.324493048191070557e+02	2.982999999999999829e+01
3.349118669033050537e+02	2.980000000000000071e+01
3.373751962184906006e+02	2.980000000000000071e+01
3.398371820449829102e+02	2.980000000000000071e+01
3.423001697063446045e+02	2.980000000000000071e+01
3.447622361183166504e+02	2.982999999999999829e+01
3.472255046367645264e+02	2.976000000000000156e+01
3.496874833106994629e+02	2.976000000000000156e+01
3.521499595642089844e+02	2.982999999999999829e+01
3.546133584976196289e+02	2.982999999999999829e+01
3.570758793354034424e+02	2.982999999999999829e+01
3.595387337207794189e+02	2.980000000000000071e+01
3.620007481575012207e+02	2.982999999999999829e+01
3.644630231857299805e+02	2.980000000000000071e+01
3.669262595176696777e+02	2.982999999999999829e+01
3.693886623382568359e+02	2.980000000000000071e+01
3.718509805202484131e+02	2.980000000000000071e+01
3.743133211135864258e+02	2.980000000000000071e+01
3.767764387130737305e+02	2.982999999999999829e+01
3.792388939857482910e+02	2.980000000000000071e+01
3.817010924816131592e+02	2.982999999999999829e+01
3.841642584800720215e+02	2.982999999999999829e+01
3.866263685226440430e+02	2.982999999999999829e+01
3.890889577865600586e+02	2.982999999999999829e+01
3.915512728691101074e+02	2.980000000000000071e+01
3.940142915248870850e+02	2.980000000000000071e+01
3.964769170284271240e+02	2.982999999999999829e+01
3.989396514892578125e+02	2.980000000000000071e+01
4.014023227691650391e+02	2.980000000000000071e+01
4.038650391101837158e+02	2.982999999999999829e+01
4.063275105953216553e+02	2.985999999999999943e+01
4.087901370525360107e+02	2.980000000000000071e+01
4.112525272369384766e+02	2.976000000000000156e+01
4.137141478061676025e+02	2.980000000000000071e+01
4.161779055595397949e+02	2.980000000000000071e+01
4.186400005817413330e+02	2.982999999999999829e+01
4.211021788120269775e+02	2.982999999999999829e+01
4.235650613307952881e+02	2.980000000000000071e+01
4.260280499458312988e+02	2.980000000000000071e+01
4.284902057647705078e+02	2.982999999999999829e+01
4.309533119201660156e+02	2.980000000000000071e+01
4.334160585403442383e+02	2.980000000000000071e+01
4.358784220218658447e+02	2.980000000000000071e+01
4.383408021926879883e+02	2.982999999999999829e+01
4.408030884265899658e+02	2.980000000000000071e+01
4.432658209800720215e+02	2.980000000000000071e+01
4.457286498546600342e+02	2.980000000000000071e+01
4.481914906501770020e+02	2.976000000000000156e+01
4.506540324687957764e+02	2.980000000000000071e+01
4.531158349514007568e+02	2.976000000000000156e+01
4.555792262554168701e+02	2.980000000000000071e+01
4.580416007041931152e+02	2.982999999999999829e+01
4.605040011405944824e+02	2.980000000000000071e+01
4.629666578769683838e+02	2.980000000000000071e+01
4.654291884899139404e+02	2.982999999999999829e+01
4.678920226097106934e+02	2.985999999999999943e+01
4.703549036979675293e+02	2.982999999999999829e+01
4.728174512386322021e+02	2.985999999999999943e+01
4.752795345783233643e+02	2.985999999999999943e+01
4.777429304122924805e+02	2.985999999999999943e+01
4.802054207324981689e+02	2.985999999999999943e+01
4.826672990322113037e+02	2.982999999999999829e+01
4.851304652690887451e+02	2.985999999999999943e+01
4.875932247638702393e+02	2.985999999999999943e+01
4.900553996562957764e+02	2.985999999999999943e+01
4.925174808502197266e+02	2.989999999999999858e+01
4.949809367656707764e+02	2.982999999999999829e+01
4.974427626132965088e+02	2.982999999999999829e+01
4.999061374664306641e+02	2.980000000000000071e+01
5.023686869144439697e+02	2.980000000000000071e+01
5.048308348655700684e+02	2.980000000000000071e+01
5.072938585281372070e+02	2.980000000000000071e+01
5.097556424140930176e+02	2.976000000000000156e+01
5.122192115783691406e+02	2.976000000000000156e+01
5.146810424327850342e+02	2.976000000000000156e+01
5.171443676948547363e+02	2.980000000000000071e+01
5.196065940856933594e+02	2.980000000000000071e+01
5.220693771839141846e+02	2.980000000000000071e+01
5.245313951969146729e+02	2.980000000000000071e+01
5.269942743778228760e+02	2.980000000000000071e+01
5.294569263458251953e+02	2.980000000000000071e+01
5.319192893505096436e+02	2.982999999999999829e+01
5.343826010227203369e+02	2.985999999999999943e+01
5.368444509506225586e+02	2.985999999999999943e+01
5.393075127601623535e+02	2.985999999999999943e+01
5.417693719863891602e+02	2.980000000000000071e+01
5.442323162555694580e+02	2.980000000000000071e+01
5.466954498291015625e+02	2.982999999999999829e+01
5.491577699184417725e+02	2.982999999999999829e+01
5.516199114322662354e+02	2.976000000000000156e+01
5.540826921463012695e+02	2.980000000000000071e+01
5.565456962585449219e+02	2.976000000000000156e+01
5.590085394382476807e+02	2.976000000000000156e+01
5.614699084758758545e+02	2.976000000000000156e+01
5.639326441287994385e+02	2.982999999999999829e+01
5.663951895236968994e+02	2.976000000000000156e+01
5.688587245941162109e+02	2.969999999999999929e+01
5.713208913803100586e+02	2.976000000000000156e+01
5.737831549644470215e+02	2.973000000000000043e+01
5.762464275360107422e+02	2.980000000000000071e+01
5.787092585563659668e+02	2.980000000000000071e+01
5.811712946891784668e+02	2.980000000000000071e+01
5.836340947151184082e+02	2.980000000000000071e+01
5.860962588787078857e+02	2.985999999999999943e+01
5.885588269233703613e+02	2.989999999999999858e+01
5.910211536884307861e+02	2.982999999999999829e+01
5.934841234683990479e+02	2.985999999999999943e+01
5.959471843242645264e+02	2.985999999999999943e+01
5.984094727039337158e+02	2.985999999999999943e+01
6.008721783161163330e+02	2.985999999999999943e+01
6.033341081142425537e+02	2.982999999999999829e+01
6.057968683242797852e+02	2.982999999999999829e+01
6.082589702606201172e+02	2.980000000000000071e+01
6.107220034599304199e+02	2.976000000000000156e+01
6.131844568252563477e+02	2.980000000000000071e+01
6.156471076011657715e+02	2.976000000000000156e+01
6.181097104549407959e+02	2.976000000000000156e+01
6.205723021030426025e+02	2.976000000000000156e+01
6.230355951786041260e+02	2.980000000000000071e+01
6.254975459575653076e+02	2.976000000000000156e+01
6.279603261947631836e+02	2.976000000000000156e+01
6.304225559234619141e+02	2.976000000000000156e+01
6.328853931427001953e+02	2.980000000000000071e+01
6.353475914001464844e+02	2.980000000000000071e+01
6.378103978633880615e+02	2.982999999999999829e+01
6.402736599445343018e+02	2.980000000000000071e+01
6.427360348701477051e+02	2.980000000000000071e+01
6.451982860565185547e+02	2.985999999999999943e+01
6.476608717441558838e+02	2.985999999999999943e+01
6.501240944862365723e+02	2.982999999999999829e+01
6.525855915546417236e+02	2.985999999999999943e+01
6.550486638545989990e+02	2.985999999999999943e+01
6.575113284587860107e+02	2.985999999999999943e+01
6.599744398593902588e+02	2.985999999999999943e+01
6.624362273216247559e+02	2.982999999999999829e+01
6.648994865417480469e+02	2.982999999999999829e+01
6.673611783981323242e+02	2.982999999999999829e+01
6.698239462375640869e+02	2.980000000000000071e+01
6.722875790596008301e+02	2.980000000000000071e+01
6.747500619888305664e+02	2.980000000000000071e+01
6.772123384475708008e+02	2.982999999999999829e+01
6.796750121116638184e+02	2.980000000000000071e+01
6.821369898319244385e+02	2.980000000000000071e+01
6.845993425846099854e+02	2.980000000000000071e+01
6.870625216960906982e+02	2.980000000000000071e+01
6.895254330635070801e+02	2.982999999999999829e+01
6.919881896972656250e+02	2.980000000000000071e+01
6.944497079849243164e+02	2.980000000000000071e+01
6.969123804569244385e+02	2.980000000000000071e+01
6.993755507469177246e+02	2.982999999999999829e+01
7.018377008438110352e+02	2.985999999999999943e+01
7.043001329898834229e+02	2.982999999999999829e+01
7.067633244991302490e+02	2.982999999999999829e+01
7.092259182929992676e+02	2.980000000000000071e+01
7.116882033348083496e+02	2.982999999999999829e+01
7.141506965160369873e+02	2.980000000000000071e+01
7.166135377883911133e+02	2.980000000000000071e+01
7.190761435031890869e+02	2.985999999999999943e+01
7.215382397174835205e+02	2.982999999999999829e+01
7.240004165172576904e+02	2.982999999999999829e+01
7.264643499851226807e+02	2.982999999999999829e+01
7.289270436763763428e+02	2.980000000000000071e+01
7.313892369270324707e+02	2.980000000000000071e+01
7.338508977890014648e+02	2.976000000000000156e+01
7.363138914108276367e+02	2.980000000000000071e+01
7.387764172554016113e+02	2.976000000000000156e+01
7.412392172813415527e+02	2.980000000000000071e+01
7.437019312381744385e+02	2.976000000000000156e+01
7.461643056869506836e+02	2.980000000000000071e+01
7.486275351047515869e+02	2.976000000000000156e+01
7.510895423889160156e+02	2.980000000000000071e+01
7.535517988204956055e+02	2.980000000000000071e+01
7.560151834487915039e+02	2.980000000000000071e+01
7.584779174327850342e+02	2.980000000000000071e+01
7.609400129318237305e+02	2.982999999999999829e+01
7.634030992984771729e+02	2.982999999999999829e+01
7.658656549453735352e+02	2.980000000000000071e+01
7.683282690048217773e+02	2.982999999999999829e+01
7.707903649806976318e+02	2.985999999999999943e+01
7.732532615661621094e+02	2.985999999999999943e+01
7.757151749134063721e+02	2.982999999999999829e+01
7.781778759956359863e+02	2.985999999999999943e+01
7.806413295269012451e+02	2.982999999999999829e+01
7.831033623218536377e+02	2.982999999999999829e+01
7.855663022994995117e+02	2.982999999999999829e+01
7.880278453826904297e+02	2.985999999999999943e+01
7.904908657073974609e+02	2.982999999999999829e+01
7.929541943073272705e+02	2.982999999999999829e+01
7.954165017604827881e+02	2.982999999999999829e+01
7.978786659240722656e+02	2.980000000000000071e+01
8.003412623405456543e+02	2.980000000000000071e+01
8.028042433261871338e+02	2.982999999999999829e+01
8.052673034667968750e+02	2.980000000000000071e+01
8.077291643619537354e+02	2.982999999999999829e+01
8.101922013759613037e+02	2.980000000000000071e+01
8.126547002792358398e+02	2.980000000000000071e+01
8.151174552440643311e+02	2.982999999999999829e+01
8.175795235633850098e+02	2.980000000000000071e+01
8.200423126220703125e+02	2.982999999999999829e+01
8.225049791336059570e+02	2.982999999999999829e+01
8.249672663211822510e+02	2.982999999999999829e+01
8.274305818080902100e+02	2.980000000000000071e+01
8.298926615715026855e+02	2.980000000000000071e+01
8.323554928302764893e+02	2.980000000000000071e+01
8.348180212974548340e+02	2.980000000000000071e+01
8.372800796031951904e+02	2.982999999999999829e+01
8.397426037788391113e+02	2.982999999999999829e+01
8.422057230472564697e+02	2.985999999999999943e+01
8.446682641506195068e+02	2.980000000000000071e+01
8.471306416988372803e+02	2.980000000000000071e+01
8.495930500030517578e+02	2.980000000000000071e+01
8.520560159683227539e+02	2.980000000000000071e+01
8.545189735889434814e+02	2.976000000000000156e+01
8.569808561801910400e+02	2.976000000000000156e+01
8.594434413909912109e+02	2.976000000000000156e+01
8.619067623615264893e+02	2.980000000000000071e+01
8.643688535690307617e+02	2.980000000000000071e+01
8.668317811489105225e+02	2.982999999999999829e+01
8.692943749427795410e+02	2.976000000000000156e+01
8.717566878795623779e+02	2.982999999999999829e+01
8.742193198204040527e+02	2.982999999999999829e+01
8.766821603775024414e+02	2.982999999999999829e+01
8.791440815925598145e+02	2.982999999999999829e+01
8.816076488494873047e+02	2.982999999999999829e+01
8.840693180561065674e+02	2.982999999999999829e+01
8.865316636562347412e+02	2.985999999999999943e+01
8.889945142269134521e+02	2.980000000000000071e+01
8.914578063488006592e+02	2.980000000000000071e+01
8.939202923774719238e+02	2.980000000000000071e+01
8.963823239803314209e+02	2.980000000000000071e+01
8.988455801010131836e+02	2.976000000000000156e+01
9.013082778453826904e+02	2.982999999999999829e+01
9.037704465389251709e+02	2.980000000000000071e+01
9.062335684299468994e+02	2.980000000000000071e+01
9.086953215599060059e+02	2.982999999999999829e+01
9.111578171253204346e+02	2.980000000000000071e+01
9.136206486225128174e+02	2.982999999999999829e+01
9.160830869674682617e+02	2.982999999999999829e+01
9.185456991195678711e+02	2.982999999999999829e+01
9.210087492465972900e+02	2.982999999999999829e+01
9.234714839458465576e+02	2.985999999999999943e+01
9.259332909584045410e+02	2.982999999999999829e+01
9.283961036205291748e+02	2.982999999999999829e+01
9.308589222431182861e+02	2.980000000000000071e+01
9.333209922313690186e+02	2.982999999999999829e+01
9.357838063240051270e+02	2.980000000000000071e+01
9.382464098930358887e+02	2.980000000000000071e+01
9.407093522548675537e+02	2.980000000000000071e+01
9.431713671684265137e+02	2.980000000000000071e+01
9.456340589523315430e+02	2.980000000000000071e+01
9.480973627567291260e+02	2.980000000000000071e+01
9.505600881576538086e+02	2.982999999999999829e+01
9.530216555595397949e+02	2.985999999999999943e+01
9.554844436645507812e+02	2.985999999999999943e+01
9.579477286338806152e+02	2.982999999999999829e+01
9.604095239639282227e+02	2.985999999999999943e+01
9.628723094463348389e+02	2.982999999999999829e+01
9.653351831436157227e+02	2.982999999999999829e+01
9.677981309890747070e+02	2.982999999999999829e+01
9.702607116699218750e+02	2.982999999999999829e+01
9.727229821681976318e+02	2.982999999999999829e+01
9.751851472854614258e+02	2.985999999999999943e+01
9.776477375030517578e+02	2.982999999999999829e+01
9.801110529899597168e+02	2.982999999999999829e+01
9.825730440616607666e+02	2.982999999999999829e+01
9.850358953475952148e+02	2.982999999999999829e+01
9.874987180233001709e+02	2.982999999999999829e+01
9.899611151218414307e+02	2.980000000000000071e+01
9.924234201908111572e+02	2.976000000000000156e+01
9.948858051300048828e+02	2.976000000000000156e+01
9.973489146232604980e+02	2.980000000000000071e+01
9.998111898899078369e+02	2.980000000000000071e+01
1.002274292469024658e+03	2.976000000000000156e+01
1.004735389947891235e+03	2.980000000000000071e+01
1.007199629068374634e+03	2.980000000000000071e+01
1.009661615133285522e+03	2.982999999999999829e+01
1.012124277830123901e+03	2.980000000000000071e+01
1.014587371349334717e+03	2.980000000000000071e+01
1.017049117088317871e+03	2.980000000000000071e+01
1.019512027740478516e+03	2.980000000000000071e+01
1.021974223852157593e+03	2.982999999999999829e+01
1.024437188386917114e+03	2.982999999999999829e+01
1.026899383306503296e+03	2.982999999999999829e+01
1.029362046480178833e+03	2.982999999999999829e+01
1.031824594259262085e+03	2.985999999999999943e+01
1.034287317037582397e+03	2.982999999999999829e+01
1.036749820232391357e+03	2.985999999999999943e+01
1.039212779283523560e+03	2.982999999999999829e+01
1.041675904512405396e+03	2.976000000000000156e+01
1.044137902498245239e+03	2.982999999999999829e+01
1.046600389242172241e+03	2.982999999999999829e+01
1.049062955141067505e+03	2.980000000000000071e+01
1.051525659322738647e+03	2.980000000000000071e+01
1.053988719224929810e+03	2.980000000000000071e+01
1.056451583623886108e+03	2.980000000000000071e+01
1.058913218021392822e+03	2.980000000000000071e+01
1.061375906705856323e+03	2.976000000000000156e+01
1.063838999509811401e+03	2.980000000000000071e+01
1.066301143646240234e+03	2.980000000000000071e+01
1.068764347076416016e+03	2.980000000000000071e+01
1.071226080417633057e+03	2.980000000000000071e+01
1.073689070224761963e+03	2.980000000000000071e+01
1.076151402473449707e+03	2.982999999999999829e+01
1.078613592386245728e+03	2.980000000000000071e+01
1.081077169895172119e+03	2.982999999999999829e+01
1.083539199352264404e+03	2.982999999999999829e+01
1.086002624511718750e+03	2.980000000000000071e+01
1.088464709758758545e+03	2.982999999999999829e+01
1.090927294969558716e+03	2.985999999999999943e+01
1.093389493465423584e+03	2.982999999999999829e+01
1.095851979732513428e+03	2.982999999999999829e+01
1.098314580440521240e+03	2.985999999999999943e+01
1.100777799367904663e+03	2.982999999999999829e+01
1.103240195512771606e+03	2.980000000000000071e+01
1.105702872276306152e+03	2.980000000000000071e+01
1.108164907217025757e+03	2.980000000000000071e+01
1.110627513647079468e+03	2.980000000000000071e+01
1.113090556859970093e+03	2.976000000000000156e+01
1.115553410053253174e+03	2.973000000000000043e+01
1.118016053915023804e+03	2.976000000000000156e+01
1.120478637456893921e+03	2.976000000000000156e+01
1.122941035985946655e+03	2.980000000000000071e+01
1.125403423070907593e+03	2.980000000000000071e+01
1.127866415262222290e+03	2.980000000000000071e+01
1.130328333377838135e+03	2.982999999999999829e+01
1.132790906429290771e+03	2.982999999999999829e+01
1.135254372119903564e+03	2.982999999999999829e+01
1.137716307401657104e+03	2.985999999999999943e+01
1.140178913831710815e+03	2.985999999999999943e+01
1.142642011165618896e+03	2.989999999999999858e+01
1.145103790998458862e+03	2.989999999999999858e+01
1.147566438674926758e+03	2.985999999999999943e+01
1.150029306411743164e+03	2.985999999999999943e+01
1.152492137908935547e+03	2.985999999999999943e+01
1.154954382658004761e+03	2.985999999999999943e+01
1.157417690515518188e+03	2.982999999999999829e+01
1.159880142688751221e+03	2.980000000000000071e+01
1.162341877222061157e+03	2.976000000000000156e+01
1.164804488897323608e+03	2.982999999999999829e+01
1.167267296075820923e+03	2.980000000000000071e+01
1.169730228424072266e+03	2.980000000000000071e+01
1.172193217277526855e+03	2.976000000000000156e+01
1.174655441761016846e+03	2.982999999999999829e+01
1.177117855310440063e+03	2.980000000000000071e+01
1.179580181121826172e+03	2.980000000000000071e+01
1.182043122529983521e+03	2.976000000000000156e+01
1.184505852222442627e+03	2.980000000000000071e+01
1.186967805385589600e+03	2.980000000000000071e+01
1.189430896043777466e+03	2.982999999999999829e+01
1.191893079042434692e+03	2.982999999999999829e+01
1.194355737924575806e+03	2.982999999999999829e+01
1.196818386316299438e+03	2.980000000000000071e+01
1.199281535863876343e+03	2.980000000000000071e+01
1.201743569612503052e+03	2.982999999999999829e+01
1.204205992698669434e+03	2.980000000000000071e+01
1.206669139385223389e+03	2.982999999999999829e+01
1.209131306409835815e+03	2.980000000000000071e+01
1.211594565391540527e+03	2.982999999999999829e+01
1.214056672096252441e+03	2.980000000000000071e+01
1.216519419431686401e+03	2.980000000000000071e+01
1.218982071638107300e+03	2.976000000000000156e+01
1.221444767951965332e+03	2.982999999999999829e+01
1.223906732320785522e+03	2.980000000000000071e+01
1.226369926452636719e+03	2.982999999999999829e+01
1.228832194805145264e+03	2.980000000000000071e+01
1.231294545650482178e+03	2.980000000000000071e+01
1.233757375001907349e+03	2.980000000000000071e+01
1.236220379590988159e+03	2.973000000000000043e+01
1.238682380676269531e+03	2.980000000000000071e+01
1.241145086288452148e+03	2.973000000000000043e+01
1.243607359409332275e+03	2.980000000000000071e+01
1.246070252895355225e+03	2.976000000000000156e+01
1.248533194065093994e+03	2.980000000000000071e+01
1.250995809555053711e+03	2.980000000000000071e+01
1.253457746267318726e+03	2.976000000000000156e+01
1.255920006275177002e+03	2.980000000000000071e+01
1.258382744550704956e+03	2.976000000000000156e+01
1.260846032857894897e+03	2.976000000000000156e+01
1.263307461261749268e+03	2.976000000000000156e+01
1.265770628213882446e+03	2.976000000000000156e+01
1.268233672618865967e+03	2.976000000000000156e+01
1.270695550441741943e+03	2.976000000000000156e+01
1.273157861709594727e+03	2.973000000000000043e+01
1.275620900392532349e+03	2.976000000000000156e+01
1.278084038734436035e+03	2.976000000000000156e+01
1.280546710252761841e+03	2.976000000000000156e+01
1.283009047269821167e+03	2.980000000000000071e+01
1.285471392154693604e+03	2.973000000000000043e+01
1.287933412551879883e+03	2.973000000000000043e+01
1.290396293401718140e+03	2.976000000000000156e+01
1.292858559370040894e+03	2.973000000000000043e+01
1.295322009801864624e+03	2.973000000000000043e+01
1.297784603834152222e+03	2.973000000000000043e+01
1.300246831178665161e+03	2.973000000000000043e+01
1.302709052085876465e+03	2.973000000000000043e+01
1.305171392917633057e+03	2.973000000000000043e+01
1.307634438753128052e+03	2.973000000000000043e+01
1.310096755743026733e+03	2.973000000000000043e+01
1.312560102224349976e+03	2.969999999999999929e+01
1.315022201538085938e+03	2.969999999999999929e+01
1.317485184669494629e+03	2.973000000000000043e+01
1.319947193861007690e+03	2.973000000000000043e+01
1.322409687280654907e+03	2.969999999999999929e+01
1.324872323751449585e+03	2.973000000000000043e+01
1.327335049390792847e+03	2.973000000000000043e+01
1.329797924757003784e+03	2.973000000000000043e+01
1.332260629653930664e+03	2.973000000000000043e+01
1.334721895933151245e+03	2.969999999999999929e+01
1.337185456991195679e+03	2.969999999999999929e+01
1.339648182153701782e+03	2.969999999999999929e+01
1.342110333919525146e+03	2.973000000000000043e+01
1.344573348283767700e+03	2.973000000000000043e+01
1.347035538196563721e+03	2.969999999999999929e+01
1.349498070716857910e+03	2.973000000000000043e+01
1.351961107969284058e+03	2.973000000000000043e+01
1.354422486543655396e+03	2.973000000000000043e+01
1.356886348962783813e+03	2.976000000000000156e+01
1.359347913742065430e+03	2.969999999999999929e+01
1.361811159133911133e+03	2.973000000000000043e+01
1.364273045301437378e+03	2.976000000000000156e+01
1.366736876249313354e+03	2.969999999999999929e+01
1.369198458194732666e+03	2.973000000000000043e+01
1.371661731719970703e+03	2.966000000000000014e+01
1.374124403238296509e+03	2.966000000000000014e+01
1.376586567163467407e+03	2.966000000000000014e+01
1.379049052000045776e+03	2.969999999999999929e+01
1.381512176513671875e+03	2.966000000000000014e+01
1.383974564075469971e+03	2.969999999999999929e+01
1.386436939239501953e+03	2.969999999999999929e+01
1.388900004386901855e+03	2.973000000000000043e+01
1.391362354516983032e+03	2.969999999999999929e+01
1.393825166940689087e+03	2.969999999999999929e+01
1.396287693738937378e+03	2.966000000000000014e+01
1.398749961137771606e+03	2.969999999999999929e+01
1.401212116003036499e+03	2.962999999999999901e+01
1.403674954891204834e+03	2.962999999999999901e+01
1.406138179302215576e+03	2.966000000000000014e+01
1.408600191354751587e+03	2.966000000000000014e+01
1.411063195943832397e+03	2.962999999999999901e+01
1.413525028705596924e+03	2.962999999999999901e+01
1.415988436222076416e+03	2.962999999999999901e+01
1.418450959920883179e+03	2.966000000000000014e+01
1.420912706613540649e+03	2.962999999999999901e+01
1.423376224756240845e+03	2.962999999999999901e+01
1.425838364362716675e+03	2.958999999999999986e+01
1.428301193475723267e+03	2.962999999999999901e+01
1.430763506889343262e+03	2.962999999999999901e+01
1.433226659059524536e+03	2.958999999999999986e+01
1.435688855171203613e+03	2.962999999999999901e+01
1.438151287555694580e+03	2.962999999999999901e+01
1.440613393306732178e+03	2.962999999999999901e+01
1.443077001333236694e+03	2.958999999999999986e+01
1.445539661645889282e+03	2.962999999999999901e+01
1.448001555919647217e+03	2.962999999999999901e+01
1.450464400053024292e+03	2.955999999999999872e+01
1.452926780700683594e+03	2.958999999999999986e+01
1.455390207767486572e+03	2.958999999999999986e+01
1.457852904796600342e+03	2.958999999999999986e+01
1.460314712285995483e+03	2.958999999999999986e+01
1.462777886390686035e+03	2.958999999999999986e+01
1.465240282773971558e+03	2.955999999999999872e+01
1.467702791690826416e+03	2.958999999999999986e+01
1.470165413141250610e+03	2.955999999999999872e+01
1.472627857208251953e+03	2.958999999999999986e+01
1.475090892314910889e+03	2.953000000000000114e+01
