# 20220727
# time			temp			
0.000000000000000000e+00	2.985999999999999943e+01
2.463421821594238281e+00	2.992999999999999972e+01
4.926139593124389648e+00	2.985999999999999943e+01
7.388503551483154297e+00	2.989999999999999858e+01
9.851034879684448242e+00	2.989999999999999858e+01
1.231439685821533203e+01	2.992999999999999972e+01
1.477605366706848145e+01	2.989999999999999858e+01
1.723937821388244629e+01	2.989999999999999858e+01
1.970205497741699219e+01	2.989999999999999858e+01
2.216408586502075195e+01	2.992999999999999972e+01
2.462670373916625977e+01	2.992999999999999972e+01
2.708937430381774902e+01	2.992999999999999972e+01
2.955220723152160645e+01	2.992999999999999972e+01
3.201526331901550293e+01	2.989999999999999858e+01
3.447739386558532715e+01	2.992999999999999972e+01
3.693970012664794922e+01	2.989999999999999858e+01
3.940315103530883789e+01	2.992999999999999972e+01
4.186450123786926270e+01	2.989999999999999858e+01
4.432749605178833008e+01	2.992999999999999972e+01
4.679022860527038574e+01	2.992999999999999972e+01
4.925378513336181641e+01	2.992999999999999972e+01
5.171536231040954590e+01	2.989999999999999858e+01
5.417833518981933594e+01	2.992999999999999972e+01
5.664083695411682129e+01	2.989999999999999858e+01
5.910341262817382812e+01	2.989999999999999858e+01
6.156611251831054688e+01	2.989999999999999858e+01
6.402858781814575195e+01	2.989999999999999858e+01
6.649132108688354492e+01	2.989999999999999858e+01
6.895366406440734863e+01	2.985999999999999943e+01
7.141681098937988281e+01	2.985999999999999943e+01
7.387945771217346191e+01	2.989999999999999858e+01
7.634182739257812500e+01	2.985999999999999943e+01
7.880401873588562012e+01	2.985999999999999943e+01
8.126717329025268555e+01	2.989999999999999858e+01
8.373014020919799805e+01	2.985999999999999943e+01
8.619271159172058105e+01	2.985999999999999943e+01
8.865533041954040527e+01	2.982999999999999829e+01
9.111776947975158691e+01	2.985999999999999943e+01
9.358024287223815918e+01	2.985999999999999943e+01
9.604225254058837891e+01	2.989999999999999858e+01
9.850541520118713379e+01	2.982999999999999829e+01
1.009673378467559814e+02	2.985999999999999943e+01
1.034304268360137939e+02	2.985999999999999943e+01
1.058922929763793945e+02	2.989999999999999858e+01
1.083550524711608887e+02	2.985999999999999943e+01
1.108179478645324707e+02	2.982999999999999829e+01
1.132813267707824707e+02	2.985999999999999943e+01
1.157434935569763184e+02	2.985999999999999943e+01
1.182067334651947021e+02	2.985999999999999943e+01
1.206682724952697754e+02	2.982999999999999829e+01
1.231315391063690186e+02	2.985999999999999943e+01
1.255945525169372559e+02	2.982999999999999829e+01
1.280570318698883057e+02	2.985999999999999943e+01
1.305189855098724365e+02	2.989999999999999858e+01
1.329815516471862793e+02	2.989999999999999858e+01
1.354444270133972168e+02	2.989999999999999858e+01
1.379064226150512695e+02	2.989999999999999858e+01
1.403699660301208496e+02	2.985999999999999943e+01
1.428323788642883301e+02	2.992999999999999972e+01
1.452948300838470459e+02	2.985999999999999943e+01
1.477573328018188477e+02	2.989999999999999858e+01
1.502202579975128174e+02	2.985999999999999943e+01
1.526823537349700928e+02	2.992999999999999972e+01
1.551457471847534180e+02	2.992999999999999972e+01
1.576082651615142822e+02	2.992999999999999972e+01
1.600711762905120850e+02	2.992999999999999972e+01
1.625332105159759521e+02	2.992999999999999972e+01
1.649956903457641602e+02	2.989999999999999858e+01
1.674581859111785889e+02	2.996999999999999886e+01
1.699214069843292236e+02	2.996999999999999886e+01
1.723834741115570068e+02	2.992999999999999972e+01
1.748463296890258789e+02	2.996999999999999886e+01
1.773089599609375000e+02	2.996999999999999886e+01
1.797712988853454590e+02	2.996999999999999886e+01
1.822348461151123047e+02	2.992999999999999972e+01
1.846972544193267822e+02	2.992999999999999972e+01
1.871600403785705566e+02	2.992999999999999972e+01
1.896225693225860596e+02	2.989999999999999858e+01
1.920843770503997803e+02	2.989999999999999858e+01
1.945478863716125488e+02	2.992999999999999972e+01
1.970098149776458740e+02	2.985999999999999943e+01
1.994729804992675781e+02	2.989999999999999858e+01
2.019347608089447021e+02	2.985999999999999943e+01
2.043980932235717773e+02	2.989999999999999858e+01
2.068607339859008789e+02	2.989999999999999858e+01
2.093227365016937256e+02	2.992999999999999972e+01
2.117854812145233154e+02	2.992999999999999972e+01
2.142483394145965576e+02	2.985999999999999943e+01
2.167112071514129639e+02	2.989999999999999858e+01
2.191738042831420898e+02	2.985999999999999943e+01
2.216365427970886230e+02	2.989999999999999858e+01
2.240986483097076416e+02	2.985999999999999943e+01
2.265609042644500732e+02	2.985999999999999943e+01
2.290244119167327881e+02	2.989999999999999858e+01
2.314870743751525879e+02	2.985999999999999943e+01
2.339496114253997803e+02	2.989999999999999858e+01
2.364117834568023682e+02	2.985999999999999943e+01
2.388747661113739014e+02	2.989999999999999858e+01
2.413375699520111084e+02	2.985999999999999943e+01
2.438002014160156250e+02	2.985999999999999943e+01
2.462628054618835449e+02	2.985999999999999943e+01
2.487250199317932129e+02	2.985999999999999943e+01
2.511877467632293701e+02	2.982999999999999829e+01
2.536498904228210449e+02	2.982999999999999829e+01
2.561130475997924805e+02	2.980000000000000071e+01
2.585758953094482422e+02	2.982999999999999829e+01
2.610386757850646973e+02	2.982999999999999829e+01
2.635005118846893311e+02	2.985999999999999943e+01
2.659627807140350342e+02	2.985999999999999943e+01
2.684260239601135254e+02	2.985999999999999943e+01
2.708886444568634033e+02	2.985999999999999943e+01
2.733509495258331299e+02	2.985999999999999943e+01
2.758144254684448242e+02	2.989999999999999858e+01
2.782758615016937256e+02	2.985999999999999943e+01
2.807394602298736572e+02	2.985999999999999943e+01
2.832015745639801025e+02	2.989999999999999858e+01
2.856643309593200684e+02	2.989999999999999858e+01
2.881264238357543945e+02	2.985999999999999943e+01
2.905890893936157227e+02	2.989999999999999858e+01
2.930513799190521240e+02	2.992999999999999972e+01
2.955144200325012207e+02	2.992999999999999972e+01
2.979778416156768799e+02	2.989999999999999858e+01
3.004397702217102051e+02	2.989999999999999858e+01
3.029029002189636230e+02	2.992999999999999972e+01
3.053649322986602783e+02	2.985999999999999943e+01
3.078273079395294189e+02	2.989999999999999858e+01
3.102906031608581543e+02	2.985999999999999943e+01
3.127535583972930908e+02	2.985999999999999943e+01
3.152156605720520020e+02	2.989999999999999858e+01
3.176780545711517334e+02	2.992999999999999972e+01
3.201404700279235840e+02	2.982999999999999829e+01
3.226035432815551758e+02	2.992999999999999972e+01
3.250659854412078857e+02	2.989999999999999858e+01
3.275284059047698975e+02	2.985999999999999943e+01
3.299908063411712646e+02	2.985999999999999943e+01
3.324533739089965820e+02	2.985999999999999943e+01
3.349160375595092773e+02	2.985999999999999943e+01
3.373781330585479736e+02	2.985999999999999943e+01
3.398415448665618896e+02	2.989999999999999858e+01
3.423040032386779785e+02	2.989999999999999858e+01
3.447672166824340820e+02	2.989999999999999858e+01
3.472298290729522705e+02	2.985999999999999943e+01
3.496917407512664795e+02	2.989999999999999858e+01
3.521542515754699707e+02	2.992999999999999972e+01
3.546173861026763916e+02	2.992999999999999972e+01
3.570799767971038818e+02	2.985999999999999943e+01
3.595429208278656006e+02	2.989999999999999858e+01
3.620048382282257080e+02	2.992999999999999972e+01
3.644672827720642090e+02	2.992999999999999972e+01
3.669305503368377686e+02	2.985999999999999943e+01
3.693936424255371094e+02	2.989999999999999858e+01
3.718554573059082031e+02	2.989999999999999858e+01
3.743182072639465332e+02	2.989999999999999858e+01
3.767808976173400879e+02	2.992999999999999972e+01
3.792440710067749023e+02	2.989999999999999858e+01
3.817059254646301270e+02	2.985999999999999943e+01
3.841692986488342285e+02	2.982999999999999829e+01
3.866309638023376465e+02	2.989999999999999858e+01
3.890944871902465820e+02	2.985999999999999943e+01
3.915561378002166748e+02	2.985999999999999943e+01
3.940186254978179932e+02	2.989999999999999858e+01
3.964812707901000977e+02	2.982999999999999829e+01
3.989446816444396973e+02	2.985999999999999943e+01
4.014070765972137451e+02	2.982999999999999829e+01
4.038698863983154297e+02	2.985999999999999943e+01
4.063316216468811035e+02	2.985999999999999943e+01
4.087951467037200928e+02	2.985999999999999943e+01
4.112574958801269531e+02	2.982999999999999829e+01
4.137204115390777588e+02	2.985999999999999943e+01
4.161828887462615967e+02	2.985999999999999943e+01
4.186449413299560547e+02	2.985999999999999943e+01
4.211077849864959717e+02	2.989999999999999858e+01
4.235698418617248535e+02	2.992999999999999972e+01
4.260333302021026611e+02	2.989999999999999858e+01
4.284951920509338379e+02	2.992999999999999972e+01
4.309580781459808350e+02	2.985999999999999943e+01
4.334207890033721924e+02	2.989999999999999858e+01
4.358841664791107178e+02	2.989999999999999858e+01
4.383458564281463623e+02	2.989999999999999858e+01
4.408088054656982422e+02	2.989999999999999858e+01
4.432716684341430664e+02	2.992999999999999972e+01
4.457338123321533203e+02	2.989999999999999858e+01
4.481964631080627441e+02	2.985999999999999943e+01
4.506591992378234863e+02	2.985999999999999943e+01
4.531223659515380859e+02	2.989999999999999858e+01
4.555846238136291504e+02	2.985999999999999943e+01
4.580465466976165771e+02	2.985999999999999943e+01
4.605094964504241943e+02	2.985999999999999943e+01
4.629723505973815918e+02	2.989999999999999858e+01
4.654347169399261475e+02	2.982999999999999829e+01
4.678967761993408203e+02	2.982999999999999829e+01
4.703600602149963379e+02	2.982999999999999829e+01
4.728224740028381348e+02	2.982999999999999829e+01
4.752858235836029053e+02	2.982999999999999829e+01
4.777468345165252686e+02	2.982999999999999829e+01
4.802106363773345947e+02	2.982999999999999829e+01
4.826730816364288330e+02	2.985999999999999943e+01
4.851354875564575195e+02	2.989999999999999858e+01
4.875974640846252441e+02	2.989999999999999858e+01
4.900605320930480957e+02	2.989999999999999858e+01
4.925236887931823730e+02	2.989999999999999858e+01
4.949861717224121094e+02	2.989999999999999858e+01
4.974484715461730957e+02	2.985999999999999943e+01
4.999108660221099854e+02	2.985999999999999943e+01
5.023742797374725342e+02	2.989999999999999858e+01
5.048368244171142578e+02	2.989999999999999858e+01
5.072986218929290771e+02	2.985999999999999943e+01
5.097615466117858887e+02	2.982999999999999829e+01
5.122242293357849121e+02	2.985999999999999943e+01
5.146870477199554443e+02	2.985999999999999943e+01
5.171493642330169678e+02	2.982999999999999829e+01
5.196117982864379883e+02	2.982999999999999829e+01
5.220746207237243652e+02	2.982999999999999829e+01
5.245377500057220459e+02	2.985999999999999943e+01
5.269996201992034912e+02	2.985999999999999943e+01
5.294627194404602051e+02	2.985999999999999943e+01
5.319250757694244385e+02	2.989999999999999858e+01
5.343874895572662354e+02	2.985999999999999943e+01
5.368501636981964111e+02	2.985999999999999943e+01
5.393132324218750000e+02	2.989999999999999858e+01
5.417755870819091797e+02	2.985999999999999943e+01
5.442386679649353027e+02	2.989999999999999858e+01
5.467007565498352051e+02	2.989999999999999858e+01
5.491631367206573486e+02	2.989999999999999858e+01
5.516259748935699463e+02	2.989999999999999858e+01
5.540884265899658203e+02	2.989999999999999858e+01
5.565516355037689209e+02	2.985999999999999943e+01
5.590143637657165527e+02	2.989999999999999858e+01
5.614769153594970703e+02	2.985999999999999943e+01
5.639394745826721191e+02	2.985999999999999943e+01
5.664015755653381348e+02	2.985999999999999943e+01
5.688641130924224854e+02	2.985999999999999943e+01
5.713272504806518555e+02	2.989999999999999858e+01
5.737896766662597656e+02	2.989999999999999858e+01
5.762513306140899658e+02	2.989999999999999858e+01
5.787148184776306152e+02	2.989999999999999858e+01
5.811776022911071777e+02	2.992999999999999972e+01
5.836395900249481201e+02	2.989999999999999858e+01
5.861022663116455078e+02	2.985999999999999943e+01
5.885652215480804443e+02	2.989999999999999858e+01
5.910268690586090088e+02	2.985999999999999943e+01
5.934899156093597412e+02	2.992999999999999972e+01
5.959532899856567383e+02	2.989999999999999858e+01
5.984150049686431885e+02	2.985999999999999943e+01
6.008776328563690186e+02	2.985999999999999943e+01
6.033410780429840088e+02	2.985999999999999943e+01
6.058030319213867188e+02	2.989999999999999858e+01
6.082658369541168213e+02	2.985999999999999943e+01
6.107287180423736572e+02	2.985999999999999943e+01
6.131907193660736084e+02	2.989999999999999858e+01
6.156534533500671387e+02	2.985999999999999943e+01
6.181167860031127930e+02	2.985999999999999943e+01
6.205786588191986084e+02	2.985999999999999943e+01
6.230420906543731689e+02	2.989999999999999858e+01
6.255041601657867432e+02	2.982999999999999829e+01
6.279667940139770508e+02	2.989999999999999858e+01
6.304287278652191162e+02	2.985999999999999943e+01
6.328917582035064697e+02	2.989999999999999858e+01
6.353547732830047607e+02	2.989999999999999858e+01
6.378166990280151367e+02	2.985999999999999943e+01
6.402800297737121582e+02	2.985999999999999943e+01
6.427418999671936035e+02	2.982999999999999829e+01
6.452042286396026611e+02	2.985999999999999943e+01
6.476671690940856934e+02	2.985999999999999943e+01
6.501303248405456543e+02	2.985999999999999943e+01
6.525926368236541748e+02	2.985999999999999943e+01
6.550553765296936035e+02	2.985999999999999943e+01
6.575178451538085938e+02	2.985999999999999943e+01
6.599803240299224854e+02	2.982999999999999829e+01
6.624438841342926025e+02	2.985999999999999943e+01
6.649060409069061279e+02	2.985999999999999943e+01
6.673681414127349854e+02	2.982999999999999829e+01
6.698311212062835693e+02	2.985999999999999943e+01
6.722934598922729492e+02	2.989999999999999858e+01
6.747561972141265869e+02	2.982999999999999829e+01
6.772197027206420898e+02	2.982999999999999829e+01
6.796818463802337646e+02	2.982999999999999829e+01
6.821446478366851807e+02	2.985999999999999943e+01
6.846067795753479004e+02	2.985999999999999943e+01
6.870691380500793457e+02	2.989999999999999858e+01
6.895324513912200928e+02	2.992999999999999972e+01
6.919946563243865967e+02	2.985999999999999943e+01
6.944569816589355469e+02	2.989999999999999858e+01
6.969195468425750732e+02	2.982999999999999829e+01
6.993825817108154297e+02	2.985999999999999943e+01
7.018447928428649902e+02	2.985999999999999943e+01
7.043072762489318848e+02	2.985999999999999943e+01
7.067706253528594971e+02	2.985999999999999943e+01
7.092328405380249023e+02	2.985999999999999943e+01
7.116956510543823242e+02	2.985999999999999943e+01
7.141583077907562256e+02	2.982999999999999829e+01
7.166211509704589844e+02	2.985999999999999943e+01
7.190836863517761230e+02	2.989999999999999858e+01
7.215457251071929932e+02	2.985999999999999943e+01
7.240087733268737793e+02	2.985999999999999943e+01
7.264710953235626221e+02	2.982999999999999829e+01
7.289340078830718994e+02	2.982999999999999829e+01
7.313966910839080811e+02	2.985999999999999943e+01
7.338589837551116943e+02	2.989999999999999858e+01
7.363221709728240967e+02	2.985999999999999943e+01
7.387842297554016113e+02	2.985999999999999943e+01
7.412464766502380371e+02	2.989999999999999858e+01
7.437086277008056641e+02	2.989999999999999858e+01
7.461725161075592041e+02	2.982999999999999829e+01
7.486340801715850830e+02	2.982999999999999829e+01
7.510972456932067871e+02	2.985999999999999943e+01
7.535595321655273438e+02	2.985999999999999943e+01
7.560225386619567871e+02	2.982999999999999829e+01
7.584854068756103516e+02	2.985999999999999943e+01
7.609480607509613037e+02	2.989999999999999858e+01
7.634098057746887207e+02	2.982999999999999829e+01
7.658725743293762207e+02	2.982999999999999829e+01
7.683358969688415527e+02	2.982999999999999829e+01
7.707980880737304688e+02	2.982999999999999829e+01
7.732608106136322021e+02	2.989999999999999858e+01
7.757239735126495361e+02	2.985999999999999943e+01
7.781855964660644531e+02	2.982999999999999829e+01
7.806483311653137207e+02	2.989999999999999858e+01
7.831108224391937256e+02	2.996999999999999886e+01
7.855737793445587158e+02	2.989999999999999858e+01
7.880363597869873047e+02	2.985999999999999943e+01
7.904985802173614502e+02	2.996999999999999886e+01
7.929621214866638184e+02	2.989999999999999858e+01
7.954241797924041748e+02	2.985999999999999943e+01
7.978865041732788086e+02	2.992999999999999972e+01
8.003496513366699219e+02	2.985999999999999943e+01
8.028124687671661377e+02	2.992999999999999972e+01
8.052745895385742188e+02	2.989999999999999858e+01
8.077377603054046631e+02	2.989999999999999858e+01
8.101997237205505371e+02	2.992999999999999972e+01
8.126626234054565430e+02	2.989999999999999858e+01
8.151255266666412354e+02	2.985999999999999943e+01
8.175879504680633545e+02	2.985999999999999943e+01
8.200502665042877197e+02	2.985999999999999943e+01
8.225133891105651855e+02	2.989999999999999858e+01
8.249749212265014648e+02	2.989999999999999858e+01
8.274385967254638672e+02	2.989999999999999858e+01
8.299011814594268799e+02	2.985999999999999943e+01
8.323632438182830811e+02	2.985999999999999943e+01
8.348258652687072754e+02	2.985999999999999943e+01
8.372879812717437744e+02	2.982999999999999829e+01
8.397510230541229248e+02	2.982999999999999829e+01
8.422133660316467285e+02	2.982999999999999829e+01
8.446761746406555176e+02	2.982999999999999829e+01
8.471393928527832031e+02	2.989999999999999858e+01
8.496021838188171387e+02	2.985999999999999943e+01
8.520639688968658447e+02	2.985999999999999943e+01
8.545274803638458252e+02	2.985999999999999943e+01
8.569895923137664795e+02	2.982999999999999829e+01
8.594519910812377930e+02	2.985999999999999943e+01
8.619149723052978516e+02	2.980000000000000071e+01
8.643774509429931641e+02	2.982999999999999829e+01
8.668392548561096191e+02	2.980000000000000071e+01
8.693023877143859863e+02	2.976000000000000156e+01
8.717651152610778809e+02	2.980000000000000071e+01
8.742279617786407471e+02	2.980000000000000071e+01
8.766909811496734619e+02	2.982999999999999829e+01
8.791526751518249512e+02	2.982999999999999829e+01
8.816162066459655762e+02	2.982999999999999829e+01
8.840786015987396240e+02	2.985999999999999943e+01
8.865409672260284424e+02	2.982999999999999829e+01
8.890031530857086182e+02	2.985999999999999943e+01
8.914663844108581543e+02	2.989999999999999858e+01
8.939284968376159668e+02	2.989999999999999858e+01
8.963911759853363037e+02	2.992999999999999972e+01
8.988537783622741699e+02	2.989999999999999858e+01
9.013168823719024658e+02	2.985999999999999943e+01
9.037797696590423584e+02	2.989999999999999858e+01
9.062418274879455566e+02	2.992999999999999972e+01
9.087042963504791260e+02	2.989999999999999858e+01
9.111673867702484131e+02	2.989999999999999858e+01
9.136305119991302490e+02	2.989999999999999858e+01
9.160929839611053467e+02	2.989999999999999858e+01
9.185556178092956543e+02	2.996999999999999886e+01
9.210174591541290283e+02	2.992999999999999972e+01
9.234805910587310791e+02	2.996999999999999886e+01
9.259430620670318604e+02	2.992999999999999972e+01
9.284057719707489014e+02	2.989999999999999858e+01
9.308681623935699463e+02	2.996999999999999886e+01
9.333313412666320801e+02	2.989999999999999858e+01
9.357938797473907471e+02	2.996999999999999886e+01
9.382562789916992188e+02	2.992999999999999972e+01
9.407190902233123779e+02	2.992999999999999972e+01
9.431812005043029785e+02	2.989999999999999858e+01
9.456434862613677979e+02	2.992999999999999972e+01
9.481057426929473877e+02	2.992999999999999972e+01
9.505692796707153320e+02	2.992999999999999972e+01
9.530317685604095459e+02	2.996999999999999886e+01
9.554951412677764893e+02	2.989999999999999858e+01
9.579571020603179932e+02	2.992999999999999972e+01
9.604198579788208008e+02	2.992999999999999972e+01
9.628825559616088867e+02	2.989999999999999858e+01
9.653447196483612061e+02	2.996999999999999886e+01
9.678074424266815186e+02	2.992999999999999972e+01
9.702698533535003662e+02	2.992999999999999972e+01
9.727328741550445557e+02	2.989999999999999858e+01
9.751953022480010986e+02	2.992999999999999972e+01
9.776578140258789062e+02	2.992999999999999972e+01
9.801212470531463623e+02	2.992999999999999972e+01
9.825831956863403320e+02	2.989999999999999858e+01
9.850456337928771973e+02	2.992999999999999972e+01
9.875080320835113525e+02	2.989999999999999858e+01
9.899717893600463867e+02	2.989999999999999858e+01
9.924337623119354248e+02	2.989999999999999858e+01
9.948972876071929932e+02	2.989999999999999858e+01
9.973588795661926270e+02	2.992999999999999972e+01
9.998218483924865723e+02	2.985999999999999943e+01
1.002283790588378906e+03	2.989999999999999858e+01
1.004747012376785278e+03	2.989999999999999858e+01
1.007209354877471924e+03	2.989999999999999858e+01
1.009671766519546509e+03	2.989999999999999858e+01
1.012134583234786987e+03	2.985999999999999943e+01
1.014597747564315796e+03	2.989999999999999858e+01
1.017060560703277588e+03	2.985999999999999943e+01
1.019523030281066895e+03	2.985999999999999943e+01
1.021984890937805176e+03	2.985999999999999943e+01
1.024447150707244873e+03	2.985999999999999943e+01
1.026910101890563965e+03	2.985999999999999943e+01
1.029372819185256958e+03	2.985999999999999943e+01
1.031835420846939087e+03	2.985999999999999943e+01
1.034297904253005981e+03	2.985999999999999943e+01
1.036760819196701050e+03	2.989999999999999858e+01
1.039223973035812378e+03	2.985999999999999943e+01
1.041685994863510132e+03	2.989999999999999858e+01
1.044148703336715698e+03	2.985999999999999943e+01
1.046611108541488647e+03	2.985999999999999943e+01
1.049074131250381470e+03	2.985999999999999943e+01
1.051535696029663086e+03	2.985999999999999943e+01
1.053998641729354858e+03	2.985999999999999943e+01
1.056461971044540405e+03	2.985999999999999943e+01
1.058924626111984253e+03	2.989999999999999858e+01
1.061386388063430786e+03	2.989999999999999858e+01
1.063849387407302856e+03	2.985999999999999943e+01
1.066311853170394897e+03	2.989999999999999858e+01
1.068775112867355347e+03	2.992999999999999972e+01
1.071237086534500122e+03	2.989999999999999858e+01
1.073699815988540649e+03	2.985999999999999943e+01
1.076163023710250854e+03	2.985999999999999943e+01
1.078625735521316528e+03	2.992999999999999972e+01
1.081086826086044312e+03	2.989999999999999858e+01
1.083551057338714600e+03	2.989999999999999858e+01
1.086012944698333740e+03	2.992999999999999972e+01
1.088475137948989868e+03	2.992999999999999972e+01
1.090938793659210205e+03	2.989999999999999858e+01
1.093400733470916748e+03	2.989999999999999858e+01
1.095863460302352905e+03	2.985999999999999943e+01
1.098325434446334839e+03	2.985999999999999943e+01
1.100788384675979614e+03	2.992999999999999972e+01
1.103251002788543701e+03	2.985999999999999943e+01
1.105713518381118774e+03	2.985999999999999943e+01
1.108175415992736816e+03	2.989999999999999858e+01
1.110638712167739868e+03	2.985999999999999943e+01
1.113101342201232910e+03	2.985999999999999943e+01
1.115563796281814575e+03	2.985999999999999943e+01
1.118026662349700928e+03	2.985999999999999943e+01
1.120489018917083740e+03	2.989999999999999858e+01
1.122951957702636719e+03	2.985999999999999943e+01
1.125414202213287354e+03	2.985999999999999943e+01
1.127877376794815063e+03	2.985999999999999943e+01
1.130339815855026245e+03	2.985999999999999943e+01
1.132802580595016479e+03	2.989999999999999858e+01
1.135265446662902832e+03	2.989999999999999858e+01
1.137727316856384277e+03	2.989999999999999858e+01
1.140190055847167969e+03	2.989999999999999858e+01
1.142652347803115845e+03	2.989999999999999858e+01
1.145115840673446655e+03	2.989999999999999858e+01
1.147578143596649170e+03	2.992999999999999972e+01
1.150041049242019653e+03	2.989999999999999858e+01
1.152502917289733887e+03	2.989999999999999858e+01
1.154965644359588623e+03	2.985999999999999943e+01
1.157428915262222290e+03	2.985999999999999943e+01
1.159890622854232788e+03	2.989999999999999858e+01
1.162353911876678467e+03	2.989999999999999858e+01
1.164816015720367432e+03	2.989999999999999858e+01
1.167278239727020264e+03	2.989999999999999858e+01
1.169741125822067261e+03	2.992999999999999972e+01
1.172203215360641479e+03	2.992999999999999972e+01
1.174666599750518799e+03	2.989999999999999858e+01
1.177129327535629272e+03	2.989999999999999858e+01
1.179592545032501221e+03	2.992999999999999972e+01
1.182054803371429443e+03	2.989999999999999858e+01
1.184516814708709717e+03	2.989999999999999858e+01
1.186980031490325928e+03	2.982999999999999829e+01
1.189442738294601440e+03	2.985999999999999943e+01
1.191905697107315063e+03	2.989999999999999858e+01
1.194367511510848999e+03	2.985999999999999943e+01
1.196830043077468872e+03	2.982999999999999829e+01
1.199292760848999023e+03	2.989999999999999858e+01
1.201755937337875366e+03	2.982999999999999829e+01
1.204218248844146729e+03	2.985999999999999943e+01
1.206680855035781860e+03	2.985999999999999943e+01
1.209143184900283813e+03	2.982999999999999829e+01
1.211605546712875366e+03	2.985999999999999943e+01
1.214068228960037231e+03	2.985999999999999943e+01
1.216530765056610107e+03	2.985999999999999943e+01
1.218993923425674438e+03	2.985999999999999943e+01
1.221456384897232056e+03	2.985999999999999943e+01
1.223918864965438843e+03	2.985999999999999943e+01
1.226381822347640991e+03	2.989999999999999858e+01
1.228844333171844482e+03	2.985999999999999943e+01
1.231306812286376953e+03	2.989999999999999858e+01
1.233769902229309082e+03	2.985999999999999943e+01
1.236231801271438599e+03	2.982999999999999829e+01
1.238694593429565430e+03	2.985999999999999943e+01
1.241157453775405884e+03	2.985999999999999943e+01
1.243619434118270874e+03	2.989999999999999858e+01
1.246082732439041138e+03	2.985999999999999943e+01
1.248544736623764038e+03	2.985999999999999943e+01
1.251007105350494385e+03	2.989999999999999858e+01
1.253469959735870361e+03	2.985999999999999943e+01
1.255932348966598511e+03	2.985999999999999943e+01
1.258395339727401733e+03	2.985999999999999943e+01
1.260857841014862061e+03	2.985999999999999943e+01
1.263320219278335571e+03	2.985999999999999943e+01
1.265782892227172852e+03	2.985999999999999943e+01
1.268244946241378784e+03	2.982999999999999829e+01
1.270708716392517090e+03	2.982999999999999829e+01
1.273171262025833130e+03	2.980000000000000071e+01
1.275633874177932739e+03	2.989999999999999858e+01
1.278096441745758057e+03	2.982999999999999829e+01
1.280558823347091675e+03	2.985999999999999943e+01
1.283022057533264160e+03	2.985999999999999943e+01
1.285484745025634766e+03	2.985999999999999943e+01
1.287946442127227783e+03	2.982999999999999829e+01
1.290409106016159058e+03	2.989999999999999858e+01
1.292871507406234741e+03	2.989999999999999858e+01
1.295334884405136108e+03	2.989999999999999858e+01
1.297797613620758057e+03	2.989999999999999858e+01
1.300260182619094849e+03	2.985999999999999943e+01
1.302722018957138062e+03	2.989999999999999858e+01
1.305185323953628540e+03	2.989999999999999858e+01
1.307647561550140381e+03	2.989999999999999858e+01
1.310109954118728638e+03	2.989999999999999858e+01
1.312573274135589600e+03	2.985999999999999943e+01
1.315035862445831299e+03	2.985999999999999943e+01
1.317498468637466431e+03	2.992999999999999972e+01
1.319960411310195923e+03	2.985999999999999943e+01
1.322423870563507080e+03	2.985999999999999943e+01
1.324886412858963013e+03	2.989999999999999858e+01
1.327348061323165894e+03	2.989999999999999858e+01
1.329810802221298218e+03	2.989999999999999858e+01
1.332273419380187988e+03	2.989999999999999858e+01
1.334736297607421875e+03	2.989999999999999858e+01
1.337199360370635986e+03	2.989999999999999858e+01
1.339662163734436035e+03	2.989999999999999858e+01
1.342124624729156494e+03	2.985999999999999943e+01
1.344587336540222168e+03	2.989999999999999858e+01
1.347049253463745117e+03	2.985999999999999943e+01
1.349512496471405029e+03	2.985999999999999943e+01
1.351975072860717773e+03	2.989999999999999858e+01
1.354437717914581299e+03	2.989999999999999858e+01
1.356899836063385010e+03	2.985999999999999943e+01
1.359363067150115967e+03	2.989999999999999858e+01
1.361825083971023560e+03	2.985999999999999943e+01
1.364287381410598755e+03	2.985999999999999943e+01
1.366749901056289673e+03	2.989999999999999858e+01
1.369213276863098145e+03	2.982999999999999829e+01
1.371675531625747681e+03	2.982999999999999829e+01
1.374138106107711792e+03	2.980000000000000071e+01
1.376600361585617065e+03	2.985999999999999943e+01
1.379062980175018311e+03	2.989999999999999858e+01
1.381526489973068237e+03	2.982999999999999829e+01
1.383988589763641357e+03	2.989999999999999858e+01
1.386451519012451172e+03	2.989999999999999858e+01
1.388913632392883301e+03	2.989999999999999858e+01
1.391376917600631714e+03	2.992999999999999972e+01
1.393838722944259644e+03	2.985999999999999943e+01
1.396301278352737427e+03	2.992999999999999972e+01
1.398764503479003906e+03	2.989999999999999858e+01
1.401226940870285034e+03	2.992999999999999972e+01
1.403690050601959229e+03	2.989999999999999858e+01
1.406152561664581299e+03	2.989999999999999858e+01
1.408614111900329590e+03	2.992999999999999972e+01
1.411077937841415405e+03	2.989999999999999858e+01
1.413539764404296875e+03	2.985999999999999943e+01
1.416002267122268677e+03	2.985999999999999943e+01
1.418464374303817749e+03	2.989999999999999858e+01
1.420927881240844727e+03	2.989999999999999858e+01
1.423389900445938110e+03	2.985999999999999943e+01
1.425852622509002686e+03	2.989999999999999858e+01
1.428315603971481323e+03	2.985999999999999943e+01
1.430778901815414429e+03	2.985999999999999943e+01
1.433240547657012939e+03	2.985999999999999943e+01
1.435703894853591919e+03	2.982999999999999829e+01
1.438165807962417603e+03	2.982999999999999829e+01
1.440628195762634277e+03	2.982999999999999829e+01
1.443090770483016968e+03	2.982999999999999829e+01
1.445554365396499634e+03	2.980000000000000071e+01
1.448016425371170044e+03	2.982999999999999829e+01
1.450479839563369751e+03	2.982999999999999829e+01
1.452942400693893433e+03	2.982999999999999829e+01
1.455404009103775024e+03	2.982999999999999829e+01
1.457868239402770996e+03	2.982999999999999829e+01
1.460329684495925903e+03	2.985999999999999943e+01
1.462791841030120850e+03	2.985999999999999943e+01
1.465254362821578979e+03	2.985999999999999943e+01
1.467717604398727417e+03	2.985999999999999943e+01
1.470180653333663940e+03	2.989999999999999858e+01
1.472643184185028076e+03	2.989999999999999858e+01
1.475105617761611938e+03	2.989999999999999858e+01
