# 20220728
# time			temp			
0.000000000000000000e+00	2.980000000000000071e+01
2.462237834930419922e+00	2.980000000000000071e+01
4.924557209014892578e+00	2.980000000000000071e+01
7.387379884719848633e+00	2.976000000000000156e+01
9.850499629974365234e+00	2.980000000000000071e+01
1.231314659118652344e+01	2.976000000000000156e+01
1.477506804466247559e+01	2.976000000000000156e+01
1.723825097084045410e+01	2.973000000000000043e+01
1.970103478431701660e+01	2.976000000000000156e+01
2.216359758377075195e+01	2.976000000000000156e+01
2.462613797187805176e+01	2.976000000000000156e+01
2.708897662162780762e+01	2.980000000000000071e+01
2.955069541931152344e+01	2.980000000000000071e+01
3.201417231559753418e+01	2.976000000000000156e+01
3.447647929191589355e+01	2.980000000000000071e+01
3.693899941444396973e+01	2.976000000000000156e+01
3.940090179443359375e+01	2.982999999999999829e+01
4.186408710479736328e+01	2.980000000000000071e+01
4.432645273208618164e+01	2.976000000000000156e+01
4.678939008712768555e+01	2.976000000000000156e+01
4.925161647796630859e+01	2.973000000000000043e+01
5.171343970298767090e+01	2.976000000000000156e+01
5.417714476585388184e+01	2.973000000000000043e+01
5.664007544517517090e+01	2.973000000000000043e+01
5.910191607475280762e+01	2.976000000000000156e+01
6.156520056724548340e+01	2.976000000000000156e+01
6.402710056304931641e+01	2.976000000000000156e+01
6.648957085609436035e+01	2.973000000000000043e+01
6.895221519470214844e+01	2.976000000000000156e+01
7.141480469703674316e+01	2.976000000000000156e+01
7.387756133079528809e+01	2.976000000000000156e+01
7.634061598777770996e+01	2.980000000000000071e+01
7.880328679084777832e+01	2.982999999999999829e+01
8.126591038703918457e+01	2.980000000000000071e+01
8.372853326797485352e+01	2.980000000000000071e+01
8.619034790992736816e+01	2.985999999999999943e+01
8.865342950820922852e+01	2.980000000000000071e+01
9.111550879478454590e+01	2.980000000000000071e+01
9.357830953598022461e+01	2.976000000000000156e+01
9.604096579551696777e+01	2.976000000000000156e+01
9.850422883033752441e+01	2.976000000000000156e+01
1.009658830165863037e+02	2.980000000000000071e+01
1.034289588928222656e+02	2.976000000000000156e+01
1.058909044265747070e+02	2.976000000000000156e+01
1.083544352054595947e+02	2.976000000000000156e+01
1.108164751529693604e+02	2.973000000000000043e+01
1.132788987159729004e+02	2.969999999999999929e+01
1.157411980628967285e+02	2.976000000000000156e+01
1.182042722702026367e+02	2.976000000000000156e+01
1.206666681766510010e+02	2.976000000000000156e+01
1.231302099227905273e+02	2.976000000000000156e+01
1.255916044712066650e+02	2.976000000000000156e+01
1.280548691749572754e+02	2.976000000000000156e+01
1.305173063278198242e+02	2.982999999999999829e+01
1.329803605079650879e+02	2.982999999999999829e+01
1.354425296783447266e+02	2.980000000000000071e+01
1.379055206775665283e+02	2.982999999999999829e+01
1.403672142028808594e+02	2.982999999999999829e+01
1.428298263549804688e+02	2.980000000000000071e+01
1.452928185462951660e+02	2.976000000000000156e+01
1.477552549839019775e+02	2.980000000000000071e+01
1.502176902294158936e+02	2.976000000000000156e+01
1.526805932521820068e+02	2.976000000000000156e+01
1.551432890892028809e+02	2.973000000000000043e+01
1.576055943965911865e+02	2.976000000000000156e+01
1.600684299468994141e+02	2.973000000000000043e+01
1.625314037799835205e+02	2.973000000000000043e+01
1.649937868118286133e+02	2.973000000000000043e+01
1.674559910297393799e+02	2.976000000000000156e+01
1.699186131954193115e+02	2.976000000000000156e+01
1.723811297416687012e+02	2.976000000000000156e+01
1.748438916206359863e+02	2.976000000000000156e+01
1.773067646026611328e+02	2.980000000000000071e+01
1.797695953845977783e+02	2.980000000000000071e+01
1.822318317890167236e+02	2.980000000000000071e+01
1.846950476169586182e+02	2.980000000000000071e+01
1.871572508811950684e+02	2.980000000000000071e+01
1.896193675994873047e+02	2.976000000000000156e+01
1.920824210643768311e+02	2.976000000000000156e+01
1.945447344779968262e+02	2.976000000000000156e+01
1.970075747966766357e+02	2.973000000000000043e+01
1.994704959392547607e+02	2.976000000000000156e+01
2.019329771995544434e+02	2.973000000000000043e+01
2.043951947689056396e+02	2.973000000000000043e+01
2.068580029010772705e+02	2.973000000000000043e+01
2.093209066390991211e+02	2.976000000000000156e+01
2.117830643653869629e+02	2.973000000000000043e+01
2.142461950778961182e+02	2.973000000000000043e+01
2.167089886665344238e+02	2.976000000000000156e+01
2.191714818477630615e+02	2.980000000000000071e+01
2.216338224411010742e+02	2.980000000000000071e+01
2.240965921878814697e+02	2.980000000000000071e+01
2.265582988262176514e+02	2.982999999999999829e+01
2.290216894149780273e+02	2.982999999999999829e+01
2.314833962917327881e+02	2.982999999999999829e+01
2.339466965198516846e+02	2.985999999999999943e+01
2.364088327884674072e+02	2.985999999999999943e+01
2.388717954158782959e+02	2.982999999999999829e+01
2.413339850902557373e+02	2.985999999999999943e+01
2.437968192100524902e+02	2.980000000000000071e+01
2.462601296901702881e+02	2.980000000000000071e+01
2.487215409278869629e+02	2.980000000000000071e+01
2.511845016479492188e+02	2.982999999999999829e+01
2.536467599868774414e+02	2.980000000000000071e+01
2.561097397804260254e+02	2.976000000000000156e+01
2.585728576183319092e+02	2.980000000000000071e+01
2.610350210666656494e+02	2.976000000000000156e+01
2.634973926544189453e+02	2.976000000000000156e+01
2.659599494934082031e+02	2.973000000000000043e+01
2.684229896068572998e+02	2.976000000000000156e+01
2.708854982852935791e+02	2.976000000000000156e+01
2.733483161926269531e+02	2.976000000000000156e+01
2.758098027706146240e+02	2.976000000000000156e+01
2.782734825611114502e+02	2.973000000000000043e+01
2.807359845638275146e+02	2.980000000000000071e+01
2.831981933116912842e+02	2.973000000000000043e+01
2.856606783866882324e+02	2.980000000000000071e+01
2.881231644153594971e+02	2.976000000000000156e+01
2.905862278938293457e+02	2.980000000000000071e+01
2.930484704971313477e+02	2.980000000000000071e+01
2.955108399391174316e+02	2.980000000000000071e+01
2.979741458892822266e+02	2.980000000000000071e+01
3.004364917278289795e+02	2.976000000000000156e+01
3.028987367153167725e+02	2.976000000000000156e+01
3.053615875244140625e+02	2.976000000000000156e+01
3.078248136043548584e+02	2.980000000000000071e+01
3.102873132228851318e+02	2.976000000000000156e+01
3.127499096393585205e+02	2.976000000000000156e+01
3.152115247249603271e+02	2.976000000000000156e+01
3.176747086048126221e+02	2.980000000000000071e+01
3.201372644901275635e+02	2.980000000000000071e+01
3.225998752117156982e+02	2.976000000000000156e+01
3.250621247291564941e+02	2.980000000000000071e+01
3.275251591205596924e+02	2.980000000000000071e+01
3.299873282909393311e+02	2.976000000000000156e+01
3.324501032829284668e+02	2.976000000000000156e+01
3.349129638671875000e+02	2.980000000000000071e+01
3.373755037784576416e+02	2.976000000000000156e+01
3.398378319740295410e+02	2.976000000000000156e+01
3.423006000518798828e+02	2.980000000000000071e+01
3.447625377178192139e+02	2.973000000000000043e+01
3.472254519462585449e+02	2.973000000000000043e+01
3.496885662078857422e+02	2.976000000000000156e+01
3.521508336067199707e+02	2.980000000000000071e+01
3.546138527393341064e+02	2.976000000000000156e+01
3.570756230354309082e+02	2.973000000000000043e+01
3.595390696525573730e+02	2.973000000000000043e+01
3.620016980171203613e+02	2.976000000000000156e+01
3.644632112979888916e+02	2.980000000000000071e+01
3.669266598224639893e+02	2.980000000000000071e+01
3.693891813755035400e+02	2.976000000000000156e+01
3.718521068096160889e+02	2.982999999999999829e+01
3.743138344287872314e+02	2.982999999999999829e+01
3.767770340442657471e+02	2.982999999999999829e+01
3.792396624088287354e+02	2.982999999999999829e+01
3.817023313045501709e+02	2.985999999999999943e+01
3.841640391349792480e+02	2.980000000000000071e+01
3.866272087097167969e+02	2.980000000000000071e+01
3.890897984504699707e+02	2.976000000000000156e+01
3.915517802238464355e+02	2.976000000000000156e+01
3.940152995586395264e+02	2.980000000000000071e+01
3.964774053096771240e+02	2.980000000000000071e+01
3.989399938583374023e+02	2.976000000000000156e+01
4.014024524688720703e+02	2.980000000000000071e+01
4.038653228282928467e+02	2.976000000000000156e+01
4.063277001380920410e+02	2.976000000000000156e+01
4.087902879714965820e+02	2.976000000000000156e+01
4.112527115345001221e+02	2.980000000000000071e+01
4.137158062458038330e+02	2.982999999999999829e+01
4.161786470413208008e+02	2.976000000000000156e+01
4.186409559249877930e+02	2.980000000000000071e+01
4.211037547588348389e+02	2.980000000000000071e+01
4.235653443336486816e+02	2.980000000000000071e+01
4.260280246734619141e+02	2.980000000000000071e+01
4.284916250705718994e+02	2.982999999999999829e+01
4.309534654617309570e+02	2.982999999999999829e+01
4.334161863327026367e+02	2.976000000000000156e+01
4.358789126873016357e+02	2.976000000000000156e+01
4.383423349857330322e+02	2.980000000000000071e+01
4.408038322925567627e+02	2.976000000000000156e+01
4.432664294242858887e+02	2.973000000000000043e+01
4.457294125556945801e+02	2.976000000000000156e+01
4.481924779415130615e+02	2.976000000000000156e+01
4.506546828746795654e+02	2.980000000000000071e+01
4.531175041198730469e+02	2.976000000000000156e+01
4.555792610645294189e+02	2.982999999999999829e+01
4.580427052974700928e+02	2.985999999999999943e+01
4.605047554969787598e+02	2.980000000000000071e+01
4.629673686027526855e+02	2.982999999999999829e+01
4.654305531978607178e+02	2.982999999999999829e+01
4.678929250240325928e+02	2.982999999999999829e+01
4.703555853366851807e+02	2.980000000000000071e+01
4.728178043365478516e+02	2.980000000000000071e+01
4.752798519134521484e+02	2.980000000000000071e+01
4.777432641983032227e+02	2.976000000000000156e+01
4.802058045864105225e+02	2.976000000000000156e+01
4.826688814163208008e+02	2.976000000000000156e+01
4.851305859088897705e+02	2.976000000000000156e+01
4.875939302444458008e+02	2.976000000000000156e+01
4.900557718276977539e+02	2.973000000000000043e+01
4.925185344219207764e+02	2.980000000000000071e+01
4.949818165302276611e+02	2.980000000000000071e+01
4.974443688392639160e+02	2.980000000000000071e+01
4.999066364765167236e+02	2.980000000000000071e+01
5.023689882755279541e+02	2.976000000000000156e+01
5.048314242362976074e+02	2.980000000000000071e+01
5.072941713333129883e+02	2.980000000000000071e+01
5.097573144435882568e+02	2.982999999999999829e+01
5.122195663452148438e+02	2.982999999999999829e+01
5.146816563606262207e+02	2.982999999999999829e+01
5.171447517871856689e+02	2.982999999999999829e+01
5.196076090335845947e+02	2.976000000000000156e+01
5.220696680545806885e+02	2.976000000000000156e+01
5.245323421955108643e+02	2.980000000000000071e+01
5.269953465461730957e+02	2.976000000000000156e+01
5.294567677974700928e+02	2.976000000000000156e+01
5.319204456806182861e+02	2.976000000000000156e+01
5.343832235336303711e+02	2.976000000000000156e+01
5.368451547622680664e+02	2.976000000000000156e+01
5.393075528144836426e+02	2.976000000000000156e+01
5.417702126502990723e+02	2.980000000000000071e+01
5.442333827018737793e+02	2.976000000000000156e+01
5.466953978538513184e+02	2.980000000000000071e+01
5.491577606201171875e+02	2.980000000000000071e+01
5.516204288005828857e+02	2.982999999999999829e+01
5.540838017463684082e+02	2.976000000000000156e+01
5.565458831787109375e+02	2.976000000000000156e+01
5.590092785358428955e+02	2.980000000000000071e+01
5.614712116718292236e+02	2.980000000000000071e+01
5.639335029125213623e+02	2.976000000000000156e+01
5.663962094783782959e+02	2.976000000000000156e+01
5.688591113090515137e+02	2.976000000000000156e+01
5.713217732906341553e+02	2.980000000000000071e+01
5.737839815616607666e+02	2.976000000000000156e+01
5.762469041347503662e+02	2.976000000000000156e+01
5.787097828388214111e+02	2.980000000000000071e+01
5.811721496582031250e+02	2.976000000000000156e+01
5.836350922584533691e+02	2.976000000000000156e+01
5.860969016551971436e+02	2.980000000000000071e+01
5.885594012737274170e+02	2.976000000000000156e+01
5.910215380191802979e+02	2.980000000000000071e+01
5.934841921329498291e+02	2.973000000000000043e+01
5.959468076229095459e+02	2.980000000000000071e+01
5.984103238582611084e+02	2.982999999999999829e+01
6.008721985816955566e+02	2.982999999999999829e+01
6.033354647159576416e+02	2.982999999999999829e+01
6.057980301380157471e+02	2.985999999999999943e+01
6.082603039741516113e+02	2.982999999999999829e+01
6.107234301567077637e+02	2.980000000000000071e+01
6.131850974559783936e+02	2.982999999999999829e+01
6.156477892398834229e+02	2.982999999999999829e+01
6.181104772090911865e+02	2.976000000000000156e+01
6.205731713771820068e+02	2.982999999999999829e+01
6.230357799530029297e+02	2.976000000000000156e+01
6.254989972114562988e+02	2.973000000000000043e+01
6.279614510536193848e+02	2.973000000000000043e+01
6.304233751296997070e+02	2.973000000000000043e+01
6.328862671852111816e+02	2.973000000000000043e+01
6.353486957550048828e+02	2.976000000000000156e+01
6.378118693828582764e+02	2.976000000000000156e+01
6.402745149135589600e+02	2.976000000000000156e+01
6.427370007038116455e+02	2.973000000000000043e+01
6.451993367671966553e+02	2.976000000000000156e+01
6.476616010665893555e+02	2.980000000000000071e+01
6.501243987083435059e+02	2.980000000000000071e+01
6.525869553089141846e+02	2.973000000000000043e+01
6.550491299629211426e+02	2.980000000000000071e+01
6.575126938819885254e+02	2.980000000000000071e+01
6.599741013050079346e+02	2.976000000000000156e+01
6.624378058910369873e+02	2.982999999999999829e+01
6.649004061222076416e+02	2.980000000000000071e+01
6.673623559474945068e+02	2.980000000000000071e+01
6.698248255252838135e+02	2.980000000000000071e+01
6.722881734371185303e+02	2.980000000000000071e+01
6.747506165504455566e+02	2.980000000000000071e+01
6.772126994132995605e+02	2.973000000000000043e+01
6.796757347583770752e+02	2.980000000000000071e+01
6.821382045745849609e+02	2.973000000000000043e+01
6.846008560657501221e+02	2.976000000000000156e+01
6.870635578632354736e+02	2.973000000000000043e+01
6.895258800983428955e+02	2.976000000000000156e+01
6.919886686801910400e+02	2.973000000000000043e+01
6.944508445262908936e+02	2.976000000000000156e+01
6.969139742851257324e+02	2.976000000000000156e+01
6.993764126300811768e+02	2.976000000000000156e+01
7.018387732505798340e+02	2.973000000000000043e+01
7.043015515804290771e+02	2.976000000000000156e+01
7.067641544342041016e+02	2.980000000000000071e+01
7.092267177104949951e+02	2.980000000000000071e+01
7.116887850761413574e+02	2.976000000000000156e+01
7.141516582965850830e+02	2.980000000000000071e+01
7.166138412952423096e+02	2.980000000000000071e+01
7.190768868923187256e+02	2.982999999999999829e+01
7.215389616489410400e+02	2.982999999999999829e+01
7.240027256011962891e+02	2.980000000000000071e+01
7.264650976657867432e+02	2.980000000000000071e+01
7.289274213314056396e+02	2.980000000000000071e+01
7.313903043270111084e+02	2.976000000000000156e+01
7.338522341251373291e+02	2.976000000000000156e+01
7.363155245780944824e+02	2.982999999999999829e+01
7.387779440879821777e+02	2.980000000000000071e+01
7.412398469448089600e+02	2.980000000000000071e+01
7.437030551433563232e+02	2.980000000000000071e+01
7.461647708415985107e+02	2.976000000000000156e+01
7.486276545524597168e+02	2.976000000000000156e+01
7.510908353328704834e+02	2.980000000000000071e+01
7.535536344051361084e+02	2.980000000000000071e+01
7.560164811611175537e+02	2.976000000000000156e+01
7.584788625240325928e+02	2.976000000000000156e+01
7.609407768249511719e+02	2.973000000000000043e+01
7.634029419422149658e+02	2.973000000000000043e+01
7.658659164905548096e+02	2.976000000000000156e+01
7.683293266296386719e+02	2.976000000000000156e+01
7.707906603813171387e+02	2.973000000000000043e+01
7.732541918754577637e+02	2.982999999999999829e+01
7.757170078754425049e+02	2.980000000000000071e+01
7.781780672073364258e+02	2.980000000000000071e+01
7.806413218975067139e+02	2.980000000000000071e+01
7.831038279533386230e+02	2.982999999999999829e+01
7.855669972896575928e+02	2.980000000000000071e+01
7.880297131538391113e+02	2.980000000000000071e+01
7.904918663501739502e+02	2.980000000000000071e+01
7.929550216197967529e+02	2.980000000000000071e+01
7.954176166057586670e+02	2.980000000000000071e+01
7.978793637752532959e+02	2.976000000000000156e+01
8.003418796062469482e+02	2.976000000000000156e+01
8.028055529594421387e+02	2.980000000000000071e+01
8.052679085731506348e+02	2.982999999999999829e+01
8.077305314540863037e+02	2.976000000000000156e+01
8.101931393146514893e+02	2.973000000000000043e+01
8.126553936004638672e+02	2.973000000000000043e+01
8.151183614730834961e+02	2.973000000000000043e+01
8.175805568695068359e+02	2.973000000000000043e+01
8.200425803661346436e+02	2.973000000000000043e+01
8.225060577392578125e+02	2.973000000000000043e+01
8.249680364131927490e+02	2.973000000000000043e+01
8.274311199188232422e+02	2.976000000000000156e+01
8.298935749530792236e+02	2.976000000000000156e+01
8.323558528423309326e+02	2.973000000000000043e+01
8.348186931610107422e+02	2.976000000000000156e+01
8.372810704708099365e+02	2.980000000000000071e+01
8.397436399459838867e+02	2.976000000000000156e+01
8.422072167396545410e+02	2.982999999999999829e+01
8.446695613861083984e+02	2.980000000000000071e+01
8.471313812732696533e+02	2.980000000000000071e+01
8.495939447879791260e+02	2.980000000000000071e+01
8.520569541454315186e+02	2.982999999999999829e+01
8.545195865631103516e+02	2.980000000000000071e+01
8.569823889732360840e+02	2.982999999999999829e+01
8.594443817138671875e+02	2.980000000000000071e+01
8.619070863723754883e+02	2.976000000000000156e+01
8.643697500228881836e+02	2.976000000000000156e+01
8.668328335285186768e+02	2.980000000000000071e+01
8.692945878505706787e+02	2.976000000000000156e+01
8.717572376728057861e+02	2.976000000000000156e+01
8.742201635837554932e+02	2.980000000000000071e+01
8.766825606822967529e+02	2.973000000000000043e+01
8.791446352005004883e+02	2.973000000000000043e+01
8.816081974506378174e+02	2.973000000000000043e+01
8.840709817409515381e+02	2.976000000000000156e+01
8.865333437919616699e+02	2.976000000000000156e+01
8.889954562187194824e+02	2.973000000000000043e+01
8.914580175876617432e+02	2.976000000000000156e+01
8.939208884239196777e+02	2.976000000000000156e+01
8.963826510906219482e+02	2.980000000000000071e+01
8.988460066318511963e+02	2.976000000000000156e+01
9.013086960315704346e+02	2.980000000000000071e+01
9.037714793682098389e+02	2.980000000000000071e+01
9.062334847450256348e+02	2.980000000000000071e+01
9.086963965892791748e+02	2.980000000000000071e+01
9.111591114997863770e+02	2.980000000000000071e+01
9.136220076084136963e+02	2.980000000000000071e+01
9.160846629142761230e+02	2.973000000000000043e+01
9.185470027923583984e+02	2.980000000000000071e+01
9.210088870525360107e+02	2.973000000000000043e+01
9.234717152118682861e+02	2.980000000000000071e+01
9.259346835613250732e+02	2.976000000000000156e+01
9.283968093395233154e+02	2.976000000000000156e+01
9.308595697879791260e+02	2.976000000000000156e+01
9.333220553398132324e+02	2.980000000000000071e+01
9.357851507663726807e+02	2.976000000000000156e+01
9.382475659847259521e+02	2.980000000000000071e+01
9.407098193168640137e+02	2.976000000000000156e+01
9.431731355190277100e+02	2.980000000000000071e+01
9.456350598335266113e+02	2.982999999999999829e+01
9.480973653793334961e+02	2.982999999999999829e+01
9.505607159137725830e+02	2.980000000000000071e+01
9.530231277942657471e+02	2.982999999999999829e+01
9.554855129718780518e+02	2.980000000000000071e+01
9.579474895000457764e+02	2.980000000000000071e+01
9.604110870361328125e+02	2.976000000000000156e+01
9.628728570938110352e+02	2.976000000000000156e+01
9.653362233638763428e+02	2.980000000000000071e+01
9.677990109920501709e+02	2.976000000000000156e+01
9.702607154846191406e+02	2.976000000000000156e+01
9.727240808010101318e+02	2.976000000000000156e+01
9.751863014698028564e+02	2.980000000000000071e+01
9.776483552455902100e+02	2.982999999999999829e+01
9.801112339496612549e+02	2.980000000000000071e+01
9.825734848976135254e+02	2.980000000000000071e+01
9.850361227989196777e+02	2.976000000000000156e+01
9.874988131523132324e+02	2.980000000000000071e+01
9.899614980220794678e+02	2.980000000000000071e+01
9.924237325191497803e+02	2.976000000000000156e+01
9.948868737220764160e+02	2.973000000000000043e+01
9.973495993614196777e+02	2.980000000000000071e+01
9.998116161823272705e+02	2.976000000000000156e+01
1.002274227857589722e+03	2.976000000000000156e+01
1.004737247943878174e+03	2.976000000000000156e+01
1.007199183940887451e+03	2.973000000000000043e+01
1.009662708520889282e+03	2.976000000000000156e+01
1.012125204801559448e+03	2.976000000000000156e+01
1.014587823867797852e+03	2.973000000000000043e+01
1.017050220489501953e+03	2.980000000000000071e+01
1.019512636661529541e+03	2.980000000000000071e+01
1.021975286960601807e+03	2.976000000000000156e+01
1.024437831163406372e+03	2.980000000000000071e+01
1.026901016950607300e+03	2.980000000000000071e+01
1.029363373517990112e+03	2.976000000000000156e+01
1.031825448513031006e+03	2.976000000000000156e+01
1.034288199424743652e+03	2.980000000000000071e+01
1.036750741720199585e+03	2.980000000000000071e+01
1.039213882207870483e+03	2.980000000000000071e+01
1.041675853490829468e+03	2.980000000000000071e+01
1.044138158321380615e+03	2.980000000000000071e+01
1.046601471900939941e+03	2.976000000000000156e+01
1.049063654899597168e+03	2.980000000000000071e+01
1.051526056051254272e+03	2.976000000000000156e+01
1.053989346504211426e+03	2.976000000000000156e+01
1.056450691938400269e+03	2.980000000000000071e+01
1.058913679122924805e+03	2.976000000000000156e+01
1.061376662492752075e+03	2.980000000000000071e+01
1.063838919639587402e+03	2.980000000000000071e+01
1.066301563501358032e+03	2.976000000000000156e+01
1.068764091491699219e+03	2.973000000000000043e+01
1.071227150440216064e+03	2.980000000000000071e+01
1.073689751625061035e+03	2.973000000000000043e+01
1.076152697324752808e+03	2.976000000000000156e+01
1.078614782571792603e+03	2.980000000000000071e+01
1.081077426433563232e+03	2.976000000000000156e+01
1.083540180444717407e+03	2.982999999999999829e+01
1.086003164291381836e+03	2.976000000000000156e+01
1.088465735912322998e+03	2.982999999999999829e+01
1.090927556514739990e+03	2.980000000000000071e+01
1.093390865087509155e+03	2.982999999999999829e+01
1.095853224992752075e+03	2.980000000000000071e+01
1.098314662694931030e+03	2.980000000000000071e+01
1.100778141260147095e+03	2.976000000000000156e+01
1.103241292476654053e+03	2.976000000000000156e+01
1.105703654289245605e+03	2.976000000000000156e+01
1.108165704011917114e+03	2.976000000000000156e+01
1.110628175020217896e+03	2.976000000000000156e+01
1.113090642690658569e+03	2.980000000000000071e+01
1.115553520917892456e+03	2.976000000000000156e+01
1.118016220331192017e+03	2.976000000000000156e+01
1.120478952646255493e+03	2.976000000000000156e+01
1.122940982341766357e+03	2.980000000000000071e+01
1.125404561996459961e+03	2.980000000000000071e+01
1.127866523027420044e+03	2.980000000000000071e+01
1.130328906774520874e+03	2.980000000000000071e+01
1.132792392969131470e+03	2.976000000000000156e+01
1.135254493951797485e+03	2.976000000000000156e+01
1.137716664314270020e+03	2.980000000000000071e+01
1.140179848909378052e+03	2.980000000000000071e+01
1.142641927242279053e+03	2.976000000000000156e+01
1.145104648351669312e+03	2.980000000000000071e+01
1.147567081212997437e+03	2.976000000000000156e+01
1.150029582738876343e+03	2.976000000000000156e+01
1.152492063045501709e+03	2.973000000000000043e+01
1.154955088615417480e+03	2.973000000000000043e+01
1.157418122053146362e+03	2.969999999999999929e+01
1.159880321264266968e+03	2.976000000000000156e+01
1.162343197822570801e+03	2.973000000000000043e+01
1.164805478334426880e+03	2.976000000000000156e+01
1.167268712520599365e+03	2.976000000000000156e+01
1.169730410814285278e+03	2.973000000000000043e+01
1.172192764043807983e+03	2.976000000000000156e+01
1.174655705928802490e+03	2.976000000000000156e+01
1.177117822885513306e+03	2.980000000000000071e+01
1.179580769538879395e+03	2.980000000000000071e+01
1.182044226169586182e+03	2.980000000000000071e+01
1.184506403684616089e+03	2.980000000000000071e+01
1.186968546628952026e+03	2.982999999999999829e+01
1.189431381464004517e+03	2.982999999999999829e+01
1.191893489360809326e+03	2.980000000000000071e+01
1.194357114553451538e+03	2.980000000000000071e+01
1.196819608211517334e+03	2.980000000000000071e+01
1.199281315326690674e+03	2.976000000000000156e+01
1.201744426012039185e+03	2.976000000000000156e+01
1.204206537961959839e+03	2.976000000000000156e+01
1.206669093608856201e+03	2.976000000000000156e+01
1.209132482051849365e+03	2.976000000000000156e+01
1.211594263792037964e+03	2.976000000000000156e+01
1.214057555913925171e+03	2.976000000000000156e+01
1.216519483804702759e+03	2.976000000000000156e+01
1.218982959270477295e+03	2.980000000000000071e+01
1.221444908857345581e+03	2.982999999999999829e+01
1.223907629728317261e+03	2.976000000000000156e+01
1.226369785070419312e+03	2.982999999999999829e+01
1.228832822561264038e+03	2.982999999999999829e+01
1.231295318841934204e+03	2.980000000000000071e+01
1.233758010387420654e+03	2.980000000000000071e+01
1.236220978736877441e+03	2.980000000000000071e+01
1.238683129310607910e+03	2.980000000000000071e+01
1.241146172523498535e+03	2.980000000000000071e+01
1.243608551740646362e+03	2.973000000000000043e+01
1.246071247339248657e+03	2.976000000000000156e+01
1.248533081054687500e+03	2.973000000000000043e+01
1.250995856523513794e+03	2.973000000000000043e+01
1.253458861589431763e+03	2.973000000000000043e+01
1.255921288251876831e+03	2.973000000000000043e+01
1.258384128808975220e+03	2.973000000000000043e+01
1.260846610546112061e+03	2.973000000000000043e+01
1.263309230566024780e+03	2.976000000000000156e+01
1.265772007703781128e+03	2.976000000000000156e+01
1.268234405994415283e+03	2.976000000000000156e+01
1.270696686744689941e+03	2.976000000000000156e+01
1.273159202575683594e+03	2.982999999999999829e+01
1.275621685504913330e+03	2.980000000000000071e+01
1.278084499597549438e+03	2.980000000000000071e+01
1.280547504425048828e+03	2.982999999999999829e+01
1.283009373664855957e+03	2.982999999999999829e+01
1.285472071409225464e+03	2.982999999999999829e+01
1.287934902191162109e+03	2.982999999999999829e+01
1.290397128582000732e+03	2.982999999999999829e+01
1.292859592437744141e+03	2.980000000000000071e+01
1.295322395086288452e+03	2.980000000000000071e+01
1.297785504102706909e+03	2.982999999999999829e+01
1.300247947931289673e+03	2.976000000000000156e+01
1.302710894346237183e+03	2.973000000000000043e+01
1.305173412322998047e+03	2.973000000000000043e+01
1.307635235071182251e+03	2.976000000000000156e+01
1.310097953557968140e+03	2.976000000000000156e+01
1.312560308218002319e+03	2.973000000000000043e+01
1.315022938013076782e+03	2.973000000000000043e+01
1.317486461162567139e+03	2.976000000000000156e+01
1.319948341131210327e+03	2.976000000000000156e+01
1.322411693096160889e+03	2.976000000000000156e+01
1.324874040603637695e+03	2.976000000000000156e+01
1.327336340188980103e+03	2.976000000000000156e+01
1.329798619031906128e+03	2.980000000000000071e+01
1.332262115478515625e+03	2.980000000000000071e+01
1.334724493503570557e+03	2.980000000000000071e+01
1.337186730384826660e+03	2.980000000000000071e+01
1.339648966073989868e+03	2.976000000000000156e+01
1.342111618757247925e+03	2.980000000000000071e+01
1.344574274778366089e+03	2.980000000000000071e+01
1.347036688089370728e+03	2.976000000000000156e+01
1.349499607801437378e+03	2.973000000000000043e+01
1.351962674856185913e+03	2.980000000000000071e+01
1.354424360036849976e+03	2.973000000000000043e+01
1.356887907505035400e+03	2.973000000000000043e+01
1.359350481510162354e+03	2.976000000000000156e+01
1.361811950922012329e+03	2.973000000000000043e+01
1.364274956941604614e+03	2.973000000000000043e+01
1.366736954689025879e+03	2.980000000000000071e+01
1.369200838565826416e+03	2.980000000000000071e+01
1.371662871599197388e+03	2.976000000000000156e+01
1.374125062704086304e+03	2.982999999999999829e+01
1.376588402509689331e+03	2.980000000000000071e+01
1.379051141738891602e+03	2.976000000000000156e+01
1.381512976884841919e+03	2.976000000000000156e+01
1.383975971937179565e+03	2.980000000000000071e+01
1.386438222885131836e+03	2.980000000000000071e+01
1.388901165485382080e+03	2.980000000000000071e+01
1.391363957166671753e+03	2.980000000000000071e+01
1.393826063632965088e+03	2.980000000000000071e+01
1.396289101839065552e+03	2.982999999999999829e+01
1.398751789331436157e+03	2.982999999999999829e+01
1.401213962554931641e+03	2.980000000000000071e+01
1.403676933526992798e+03	2.980000000000000071e+01
1.406139719724655151e+03	2.976000000000000156e+01
1.408602015495300293e+03	2.976000000000000156e+01
1.411064754962921143e+03	2.976000000000000156e+01
1.413526965141296387e+03	2.969999999999999929e+01
1.415989634037017822e+03	2.973000000000000043e+01
1.418452178955078125e+03	2.973000000000000043e+01
1.420915265560150146e+03	2.976000000000000156e+01
1.423377013206481934e+03	2.969999999999999929e+01
1.425839516639709473e+03	2.973000000000000043e+01
1.428303011178970337e+03	2.973000000000000043e+01
1.430764671802520752e+03	2.976000000000000156e+01
1.433227913141250610e+03	2.982999999999999829e+01
1.435690559625625610e+03	2.976000000000000156e+01
1.438152976036071777e+03	2.976000000000000156e+01
1.440615368366241455e+03	2.982999999999999829e+01
1.443077537536621094e+03	2.980000000000000071e+01
1.445541066646575928e+03	2.980000000000000071e+01
1.448003074407577515e+03	2.976000000000000156e+01
1.450466207027435303e+03	2.980000000000000071e+01
1.452928549766540527e+03	2.980000000000000071e+01
1.455391039609909058e+03	2.976000000000000156e+01
1.457853594303131104e+03	2.976000000000000156e+01
1.460316170692443848e+03	2.976000000000000156e+01
1.462778422117233276e+03	2.973000000000000043e+01
1.465241102457046509e+03	2.980000000000000071e+01
1.467703450679779053e+03	2.976000000000000156e+01
1.470166041374206543e+03	2.980000000000000071e+01
1.472629275798797607e+03	2.980000000000000071e+01
1.475091227054595947e+03	2.980000000000000071e+01
