# 20220728
# time			temp			
0.000000000000000000e+00	2.982999999999999829e+01
2.461771011352539062e+00	2.980000000000000071e+01
4.924817085266113281e+00	2.980000000000000071e+01
7.387513399124145508e+00	2.980000000000000071e+01
9.850282907485961914e+00	2.982999999999999829e+01
1.231290078163146973e+01	2.976000000000000156e+01
1.477485966682434082e+01	2.982999999999999829e+01
1.723773121833801270e+01	2.976000000000000156e+01
1.970048189163208008e+01	2.980000000000000071e+01
2.216291284561157227e+01	2.976000000000000156e+01
2.462620639801025391e+01	2.976000000000000156e+01
2.708818554878234863e+01	2.973000000000000043e+01
2.955089664459228516e+01	2.973000000000000043e+01
3.201286935806274414e+01	2.976000000000000156e+01
3.447651863098144531e+01	2.973000000000000043e+01
3.693866372108459473e+01	2.973000000000000043e+01
3.940128874778747559e+01	2.976000000000000156e+01
4.186358094215393066e+01	2.976000000000000156e+01
4.432677268981933594e+01	2.980000000000000071e+01
4.678858542442321777e+01	2.980000000000000071e+01
4.925108885765075684e+01	2.976000000000000156e+01
5.171415758132934570e+01	2.980000000000000071e+01
5.417710256576538086e+01	2.982999999999999829e+01
5.663890409469604492e+01	2.980000000000000071e+01
5.910185742378234863e+01	2.980000000000000071e+01
6.156409382820129395e+01	2.980000000000000071e+01
6.402707219123840332e+01	2.982999999999999829e+01
6.648962044715881348e+01	2.980000000000000071e+01
6.895261836051940918e+01	2.980000000000000071e+01
7.141477322578430176e+01	2.980000000000000071e+01
7.387759709358215332e+01	2.980000000000000071e+01
7.633983278274536133e+01	2.980000000000000071e+01
7.880247640609741211e+01	2.976000000000000156e+01
8.126479268074035645e+01	2.980000000000000071e+01
8.372800993919372559e+01	2.976000000000000156e+01
8.619074916839599609e+01	2.976000000000000156e+01
8.865266942977905273e+01	2.976000000000000156e+01
9.111563253402709961e+01	2.976000000000000156e+01
9.357808542251586914e+01	2.980000000000000071e+01
9.604106616973876953e+01	2.982999999999999829e+01
9.850287079811096191e+01	2.976000000000000156e+01
1.009661030769348145e+02	2.980000000000000071e+01
1.034282255172729492e+02	2.976000000000000156e+01
1.058904733657836914e+02	2.980000000000000071e+01
1.083534808158874512e+02	2.976000000000000156e+01
1.108156449794769287e+02	2.980000000000000071e+01
1.132789967060089111e+02	2.976000000000000156e+01
1.157410614490509033e+02	2.976000000000000156e+01
1.182034575939178467e+02	2.976000000000000156e+01
1.206665003299713135e+02	2.976000000000000156e+01
1.231288130283355713e+02	2.976000000000000156e+01
1.255916752815246582e+02	2.976000000000000156e+01
1.280541977882385254e+02	2.976000000000000156e+01
1.305167534351348877e+02	2.976000000000000156e+01
1.329793667793273926e+02	2.976000000000000156e+01
1.354421439170837402e+02	2.976000000000000156e+01
1.379050028324127197e+02	2.976000000000000156e+01
1.403666546344757080e+02	2.976000000000000156e+01
1.428299791812896729e+02	2.980000000000000071e+01
1.452924134731292725e+02	2.976000000000000156e+01
1.477550547122955322e+02	2.976000000000000156e+01
1.502175989151000977e+02	2.980000000000000071e+01
1.526796600818634033e+02	2.976000000000000156e+01
1.551423840522766113e+02	2.982999999999999829e+01
1.576056013107299805e+02	2.982999999999999829e+01
1.600679497718811035e+02	2.982999999999999829e+01
1.625310776233673096e+02	2.982999999999999829e+01
1.649922869205474854e+02	2.982999999999999829e+01
1.674551692008972168e+02	2.982999999999999829e+01
1.699176695346832275e+02	2.982999999999999829e+01
1.723807950019836426e+02	2.982999999999999829e+01
1.748428921699523926e+02	2.976000000000000156e+01
1.773056645393371582e+02	2.980000000000000071e+01
1.797686676979064941e+02	2.980000000000000071e+01
1.822303941249847412e+02	2.980000000000000071e+01
1.846935741901397705e+02	2.976000000000000156e+01
1.871560583114624023e+02	2.976000000000000156e+01
1.896192986965179443e+02	2.976000000000000156e+01
1.920806071758270264e+02	2.973000000000000043e+01
1.945438706874847412e+02	2.973000000000000043e+01
1.970061554908752441e+02	2.973000000000000043e+01
1.994689161777496338e+02	2.976000000000000156e+01
2.019319746494293213e+02	2.973000000000000043e+01
2.043943049907684326e+02	2.976000000000000156e+01
2.068562784194946289e+02	2.973000000000000043e+01
2.093200368881225586e+02	2.980000000000000071e+01
2.117822434902191162e+02	2.973000000000000043e+01
2.142448689937591553e+02	2.980000000000000071e+01
2.167067489624023438e+02	2.980000000000000071e+01
2.191700975894927979e+02	2.980000000000000071e+01
2.216325027942657471e+02	2.982999999999999829e+01
2.240948534011840820e+02	2.980000000000000071e+01
2.265571689605712891e+02	2.982999999999999829e+01
2.290197999477386475e+02	2.980000000000000071e+01
2.314830317497253418e+02	2.976000000000000156e+01
2.339450163841247559e+02	2.982999999999999829e+01
2.364080345630645752e+02	2.976000000000000156e+01
2.388709087371826172e+02	2.976000000000000156e+01
2.413328466415405273e+02	2.976000000000000156e+01
2.437954144477844238e+02	2.976000000000000156e+01
2.462578680515289307e+02	2.976000000000000156e+01
2.487208547592163086e+02	2.976000000000000156e+01
2.511835534572601318e+02	2.976000000000000156e+01
2.536462554931640625e+02	2.976000000000000156e+01
2.561089963912963867e+02	2.976000000000000156e+01
2.585711057186126709e+02	2.980000000000000071e+01
2.610337085723876953e+02	2.976000000000000156e+01
2.634957749843597412e+02	2.982999999999999829e+01
2.659585366249084473e+02	2.980000000000000071e+01
2.684217813014984131e+02	2.980000000000000071e+01
2.708843069076538086e+02	2.980000000000000071e+01
2.733459150791168213e+02	2.980000000000000071e+01
2.758097450733184814e+02	2.982999999999999829e+01
2.782725825309753418e+02	2.980000000000000071e+01
2.807340958118438721e+02	2.982999999999999829e+01
2.831971793174743652e+02	2.982999999999999829e+01
2.856589062213897705e+02	2.976000000000000156e+01
2.881223132610321045e+02	2.976000000000000156e+01
2.905852737426757812e+02	2.976000000000000156e+01
2.930467879772186279e+02	2.973000000000000043e+01
2.955103206634521484e+02	2.973000000000000043e+01
2.979724454879760742e+02	2.973000000000000043e+01
3.004352624416351318e+02	2.973000000000000043e+01
3.028972914218902588e+02	2.973000000000000043e+01
3.053608295917510986e+02	2.973000000000000043e+01
3.078225853443145752e+02	2.976000000000000156e+01
3.102860541343688965e+02	2.980000000000000071e+01
3.127480516433715820e+02	2.973000000000000043e+01
3.152110607624053955e+02	2.980000000000000071e+01
3.176736271381378174e+02	2.980000000000000071e+01
3.201360256671905518e+02	2.980000000000000071e+01
3.225983266830444336e+02	2.980000000000000071e+01
3.250610911846160889e+02	2.982999999999999829e+01
3.275237936973571777e+02	2.982999999999999829e+01
3.299859969615936279e+02	2.982999999999999829e+01
3.324493348598480225e+02	2.982999999999999829e+01
3.349107332229614258e+02	2.980000000000000071e+01
3.373744723796844482e+02	2.982999999999999829e+01
3.398371644020080566e+02	2.980000000000000071e+01
3.422986359596252441e+02	2.982999999999999829e+01
3.447616882324218750e+02	2.982999999999999829e+01
3.472246744632720947e+02	2.980000000000000071e+01
3.496873466968536377e+02	2.980000000000000071e+01
3.521498577594757080e+02	2.976000000000000156e+01
3.546128482818603516e+02	2.976000000000000156e+01
3.570752737522125244e+02	2.980000000000000071e+01
3.595376856327056885e+02	2.976000000000000156e+01
3.620000112056732178e+02	2.976000000000000156e+01
3.644620983600616455e+02	2.976000000000000156e+01
3.669248661994934082e+02	2.976000000000000156e+01
3.693879790306091309e+02	2.980000000000000071e+01
3.718500549793243408e+02	2.976000000000000156e+01
3.743129441738128662e+02	2.980000000000000071e+01
3.767756214141845703e+02	2.980000000000000071e+01
3.792379479408264160e+02	2.980000000000000071e+01
3.817003965377807617e+02	2.973000000000000043e+01
3.841637208461761475e+02	2.980000000000000071e+01
3.866258819103240967e+02	2.982999999999999829e+01
3.890882811546325684e+02	2.976000000000000156e+01
3.915512857437133789e+02	2.980000000000000071e+01
3.940134189128875732e+02	2.980000000000000071e+01
3.964767234325408936e+02	2.976000000000000156e+01
3.989393632411956787e+02	2.976000000000000156e+01
4.014010553359985352e+02	2.973000000000000043e+01
4.038643937110900879e+02	2.976000000000000156e+01
4.063269643783569336e+02	2.976000000000000156e+01
4.087890498638153076e+02	2.973000000000000043e+01
4.112513217926025391e+02	2.973000000000000043e+01
4.137146730422973633e+02	2.973000000000000043e+01
4.161764342784881592e+02	2.976000000000000156e+01
4.186398272514343262e+02	2.973000000000000043e+01
4.211018865108489990e+02	2.969999999999999929e+01
4.235653634071350098e+02	2.980000000000000071e+01
4.260270652770996094e+02	2.980000000000000071e+01
4.284903764724731445e+02	2.980000000000000071e+01
4.309522490501403809e+02	2.980000000000000071e+01
4.334150767326354980e+02	2.980000000000000071e+01
4.358778364658355713e+02	2.980000000000000071e+01
4.383399803638458252e+02	2.976000000000000156e+01
4.408023698329925537e+02	2.982999999999999829e+01
4.432649662494659424e+02	2.976000000000000156e+01
4.457281436920166016e+02	2.976000000000000156e+01
4.481910006999969482e+02	2.973000000000000043e+01
4.506528222560882568e+02	2.973000000000000043e+01
4.531158857345581055e+02	2.973000000000000043e+01
4.555781412124633789e+02	2.973000000000000043e+01
4.580404987335205078e+02	2.976000000000000156e+01
4.605032634735107422e+02	2.980000000000000071e+01
4.629663169384002686e+02	2.980000000000000071e+01
4.654289827346801758e+02	2.976000000000000156e+01
4.678917350769042969e+02	2.976000000000000156e+01
4.703543953895568848e+02	2.980000000000000071e+01
4.728161101341247559e+02	2.980000000000000071e+01
4.752791380882263184e+02	2.976000000000000156e+01
4.777420976161956787e+02	2.980000000000000071e+01
4.802047383785247803e+02	2.980000000000000071e+01
4.826670153141021729e+02	2.976000000000000156e+01
4.851292839050292969e+02	2.980000000000000071e+01
4.875917685031890869e+02	2.976000000000000156e+01
4.900547852516174316e+02	2.976000000000000156e+01
4.925170056819915771e+02	2.976000000000000156e+01
4.949792664051055908e+02	2.976000000000000156e+01
4.974418375492095947e+02	2.976000000000000156e+01
4.999052934646606445e+02	2.976000000000000156e+01
5.023668854236602783e+02	2.976000000000000156e+01
5.048302896022796631e+02	2.976000000000000156e+01
5.072930247783660889e+02	2.976000000000000156e+01
5.097554476261138916e+02	2.980000000000000071e+01
5.122181956768035889e+02	2.976000000000000156e+01
5.146797645092010498e+02	2.976000000000000156e+01
5.171433727741241455e+02	2.980000000000000071e+01
5.196060273647308350e+02	2.982999999999999829e+01
5.220679020881652832e+02	2.980000000000000071e+01
5.245301935672760010e+02	2.982999999999999829e+01
5.269938890933990479e+02	2.982999999999999829e+01
5.294558970928192139e+02	2.982999999999999829e+01
5.319186015129089355e+02	2.980000000000000071e+01
5.343811910152435303e+02	2.980000000000000071e+01
5.368436672687530518e+02	2.980000000000000071e+01
5.393058454990386963e+02	2.976000000000000156e+01
5.417691478729248047e+02	2.980000000000000071e+01
5.442313601970672607e+02	2.980000000000000071e+01
5.466935985088348389e+02	2.973000000000000043e+01
5.491564977169036865e+02	2.980000000000000071e+01
5.516191968917846680e+02	2.969999999999999929e+01
5.540815281867980957e+02	2.976000000000000156e+01
5.565449211597442627e+02	2.973000000000000043e+01
5.590072505474090576e+02	2.973000000000000043e+01
5.614692142009735107e+02	2.976000000000000156e+01
5.639317295551300049e+02	2.980000000000000071e+01
5.663952705860137939e+02	2.976000000000000156e+01
5.688570089340209961e+02	2.980000000000000071e+01
5.713195004463195801e+02	2.980000000000000071e+01
5.737827143669128418e+02	2.982999999999999829e+01
5.762447886466979980e+02	2.982999999999999829e+01
5.787072496414184570e+02	2.985999999999999943e+01
5.811702280044555664e+02	2.982999999999999829e+01
5.836326968669891357e+02	2.982999999999999829e+01
5.860951147079467773e+02	2.980000000000000071e+01
5.885583477020263672e+02	2.982999999999999829e+01
5.910206162929534912e+02	2.982999999999999829e+01
5.934830949306488037e+02	2.976000000000000156e+01
5.959462816715240479e+02	2.980000000000000071e+01
5.984086725711822510e+02	2.980000000000000071e+01
6.008705539703369141e+02	2.976000000000000156e+01
6.033338692188262939e+02	2.976000000000000156e+01
6.057964026927947998e+02	2.976000000000000156e+01
6.082586941719055176e+02	2.976000000000000156e+01
6.107210836410522461e+02	2.973000000000000043e+01
6.131835491657257080e+02	2.976000000000000156e+01
6.156459774971008301e+02	2.976000000000000156e+01
6.181093058586120605e+02	2.976000000000000156e+01
6.205719554424285889e+02	2.976000000000000156e+01
6.230338199138641357e+02	2.980000000000000071e+01
6.254968578815460205e+02	2.976000000000000156e+01
6.279598562717437744e+02	2.980000000000000071e+01
6.304221906661987305e+02	2.982999999999999829e+01
6.328847022056579590e+02	2.982999999999999829e+01
6.353475744724273682e+02	2.980000000000000071e+01
6.378099322319030762e+02	2.980000000000000071e+01
6.402718243598937988e+02	2.980000000000000071e+01
6.427344164848327637e+02	2.976000000000000156e+01
6.451978602409362793e+02	2.976000000000000156e+01
6.476598584651947021e+02	2.976000000000000156e+01
6.501224212646484375e+02	2.973000000000000043e+01
6.525848138332366943e+02	2.976000000000000156e+01
6.550482218265533447e+02	2.976000000000000156e+01
6.575103836059570312e+02	2.973000000000000043e+01
6.599730677604675293e+02	2.976000000000000156e+01
6.624358191490173340e+02	2.976000000000000156e+01
6.648982269763946533e+02	2.976000000000000156e+01
6.673611454963684082e+02	2.980000000000000071e+01
6.698234012126922607e+02	2.982999999999999829e+01
6.722855591773986816e+02	2.980000000000000071e+01
6.747490019798278809e+02	2.980000000000000071e+01
6.772107059955596924e+02	2.982999999999999829e+01
6.796739931106567383e+02	2.980000000000000071e+01
6.821368770599365234e+02	2.980000000000000071e+01
6.845994093418121338e+02	2.982999999999999829e+01
6.870617740154266357e+02	2.973000000000000043e+01
6.895241553783416748e+02	2.976000000000000156e+01
6.919869635105133057e+02	2.982999999999999829e+01
6.944491200447082520e+02	2.980000000000000071e+01
6.969123430252075195e+02	2.976000000000000156e+01
6.993751721382141113e+02	2.976000000000000156e+01
7.018371956348419189e+02	2.976000000000000156e+01
7.042999086380004883e+02	2.976000000000000156e+01
7.067620146274566650e+02	2.980000000000000071e+01
7.092246160507202148e+02	2.976000000000000156e+01
7.116878294944763184e+02	2.976000000000000156e+01
7.141497731208801270e+02	2.973000000000000043e+01
7.166123957633972168e+02	2.980000000000000071e+01
7.190752592086791992e+02	2.982999999999999829e+01
7.215381770133972168e+02	2.982999999999999829e+01
7.240005416870117188e+02	2.982999999999999829e+01
7.264629461765289307e+02	2.982999999999999829e+01
7.289259994029998779e+02	2.982999999999999829e+01
7.313885931968688965e+02	2.985999999999999943e+01
7.338506805896759033e+02	2.982999999999999829e+01
7.363130404949188232e+02	2.980000000000000071e+01
7.387764761447906494e+02	2.976000000000000156e+01
7.412388141155242920e+02	2.976000000000000156e+01
7.437016048431396484e+02	2.980000000000000071e+01
7.461642129421234131e+02	2.976000000000000156e+01
7.486267428398132324e+02	2.976000000000000156e+01
7.510890278816223145e+02	2.976000000000000156e+01
7.535513350963592529e+02	2.976000000000000156e+01
7.560140008926391602e+02	2.980000000000000071e+01
7.584769420623779297e+02	2.980000000000000071e+01
7.609390110969543457e+02	2.973000000000000043e+01
7.634020323753356934e+02	2.976000000000000156e+01
7.658647589683532715e+02	2.976000000000000156e+01
7.683273217678070068e+02	2.980000000000000071e+01
7.707897095680236816e+02	2.980000000000000071e+01
7.732521040439605713e+02	2.976000000000000156e+01
7.757142913341522217e+02	2.982999999999999829e+01
7.781769862174987793e+02	2.980000000000000071e+01
7.806401519775390625e+02	2.980000000000000071e+01
7.831022994518280029e+02	2.982999999999999829e+01
7.855655848979949951e+02	2.976000000000000156e+01
7.880274956226348877e+02	2.982999999999999829e+01
7.904899656772613525e+02	2.976000000000000156e+01
7.929524254798889160e+02	2.976000000000000156e+01
7.954151508808135986e+02	2.976000000000000156e+01
7.978782522678375244e+02	2.976000000000000156e+01
8.003408207893371582e+02	2.973000000000000043e+01
8.028028683662414551e+02	2.976000000000000156e+01
8.052662832736968994e+02	2.976000000000000156e+01
8.077289388179779053e+02	2.976000000000000156e+01
8.101910076141357422e+02	2.976000000000000156e+01
8.126526060104370117e+02	2.980000000000000071e+01
8.151155288219451904e+02	2.976000000000000156e+01
8.175783429145812988e+02	2.980000000000000071e+01
8.200411996841430664e+02	2.980000000000000071e+01
8.225035617351531982e+02	2.982999999999999829e+01
8.249671509265899658e+02	2.982999999999999829e+01
8.274283778667449951e+02	2.982999999999999829e+01
8.298913912773132324e+02	2.982999999999999829e+01
8.323544690608978271e+02	2.982999999999999829e+01
8.348172609806060791e+02	2.980000000000000071e+01
8.372791004180908203e+02	2.980000000000000071e+01
8.397420351505279541e+02	2.980000000000000071e+01
8.422049453258514404e+02	2.976000000000000156e+01
8.446668901443481445e+02	2.976000000000000156e+01
8.471299448013305664e+02	2.980000000000000071e+01
8.495923058986663818e+02	2.976000000000000156e+01
8.520548710823059082e+02	2.976000000000000156e+01
8.545176708698272705e+02	2.976000000000000156e+01
8.569807209968566895e+02	2.976000000000000156e+01
8.594426376819610596e+02	2.980000000000000071e+01
8.619047672748565674e+02	2.976000000000000156e+01
8.643684241771697998e+02	2.976000000000000156e+01
8.668302030563354492e+02	2.980000000000000071e+01
8.692931821346282959e+02	2.980000000000000071e+01
8.717558169364929199e+02	2.982999999999999829e+01
8.742186524868011475e+02	2.985999999999999943e+01
8.766806595325469971e+02	2.980000000000000071e+01
8.791430106163024902e+02	2.980000000000000071e+01
8.816056532859802246e+02	2.982999999999999829e+01
8.840688190460205078e+02	2.976000000000000156e+01
8.865308039188385010e+02	2.982999999999999829e+01
8.889938454627990723e+02	2.980000000000000071e+01
8.914560773372650146e+02	2.973000000000000043e+01
8.939189343452453613e+02	2.976000000000000156e+01
8.963817198276519775e+02	2.973000000000000043e+01
8.988436212539672852e+02	2.973000000000000043e+01
9.013069405555725098e+02	2.969999999999999929e+01
9.037689745426177979e+02	2.973000000000000043e+01
9.062319962978363037e+02	2.973000000000000043e+01
9.086941511631011963e+02	2.976000000000000156e+01
9.111574575901031494e+02	2.976000000000000156e+01
9.136200091838836670e+02	2.980000000000000071e+01
9.160818796157836914e+02	2.980000000000000071e+01
9.185447566509246826e+02	2.976000000000000156e+01
9.210076682567596436e+02	2.980000000000000071e+01
9.234704723358154297e+02	2.982999999999999829e+01
9.259325606822967529e+02	2.980000000000000071e+01
9.283948683738708496e+02	2.976000000000000156e+01
9.308575208187103271e+02	2.980000000000000071e+01
9.333206839561462402e+02	2.980000000000000071e+01
9.357827706336975098e+02	2.980000000000000071e+01
9.382450878620147705e+02	2.982999999999999829e+01
9.407086129188537598e+02	2.976000000000000156e+01
9.431708810329437256e+02	2.976000000000000156e+01
9.456332244873046875e+02	2.982999999999999829e+01
9.480956151485443115e+02	2.980000000000000071e+01
9.505579605102539062e+02	2.976000000000000156e+01
9.530204784870147705e+02	2.976000000000000156e+01
9.554829649925231934e+02	2.973000000000000043e+01
9.579458091259002686e+02	2.976000000000000156e+01
9.604087967872619629e+02	2.976000000000000156e+01
9.628707602024078369e+02	2.980000000000000071e+01
9.653341419696807861e+02	2.976000000000000156e+01
9.677960190773010254e+02	2.976000000000000156e+01
9.702588248252868652e+02	2.982999999999999829e+01
9.727221121788024902e+02	2.980000000000000071e+01
9.751846153736114502e+02	2.980000000000000071e+01
9.776466498374938965e+02	2.980000000000000071e+01
9.801097307205200195e+02	2.980000000000000071e+01
9.825722997188568115e+02	2.982999999999999829e+01
9.850349280834197998e+02	2.976000000000000156e+01
9.874968452453613281e+02	2.976000000000000156e+01
9.899600870609283447e+02	2.980000000000000071e+01
9.924227075576782227e+02	2.976000000000000156e+01
9.948846909999847412e+02	2.980000000000000071e+01
9.973478171825408936e+02	2.980000000000000071e+01
9.998100221157073975e+02	2.976000000000000156e+01
1.002272535562515259e+03	2.976000000000000156e+01
1.004735863685607910e+03	2.973000000000000043e+01
1.007198178291320801e+03	2.980000000000000071e+01
1.009660166978836060e+03	2.973000000000000043e+01
1.012122571945190430e+03	2.973000000000000043e+01
1.014586040019989014e+03	2.973000000000000043e+01
1.017049110889434814e+03	2.976000000000000156e+01
1.019511107921600342e+03	2.976000000000000156e+01
1.021973886013031006e+03	2.973000000000000043e+01
1.024436323404312134e+03	2.976000000000000156e+01
1.026898592233657837e+03	2.976000000000000156e+01
1.029360941648483276e+03	2.982999999999999829e+01
1.031823697566986084e+03	2.980000000000000071e+01
1.034286137104034424e+03	2.982999999999999829e+01
1.036748568058013916e+03	2.980000000000000071e+01
1.039211782455444336e+03	2.985999999999999943e+01
1.041674511432647705e+03	2.982999999999999829e+01
1.044137260198593140e+03	2.982999999999999829e+01
1.046600020647048950e+03	2.985999999999999943e+01
1.049061816215515137e+03	2.985999999999999943e+01
1.051523774147033691e+03	2.980000000000000071e+01
1.053987499713897705e+03	2.982999999999999829e+01
1.056450037002563477e+03	2.980000000000000071e+01
1.058912376642227173e+03	2.980000000000000071e+01
1.061374655723571777e+03	2.980000000000000071e+01
1.063837975025177002e+03	2.980000000000000071e+01
1.066300149202346802e+03	2.980000000000000071e+01
1.068762393236160278e+03	2.980000000000000071e+01
1.071224782466888428e+03	2.973000000000000043e+01
1.073687402248382568e+03	2.976000000000000156e+01
1.076150558710098267e+03	2.976000000000000156e+01
1.078613016605377197e+03	2.980000000000000071e+01
1.081075843334197998e+03	2.976000000000000156e+01
1.083538401603698730e+03	2.976000000000000156e+01
1.086000878572463989e+03	2.976000000000000156e+01
1.088463062047958374e+03	2.980000000000000071e+01
1.090925593137741089e+03	2.976000000000000156e+01
1.093388157367706299e+03	2.980000000000000071e+01
1.095851478815078735e+03	2.976000000000000156e+01
1.098314008235931396e+03	2.976000000000000156e+01
1.100775806427001953e+03	2.980000000000000071e+01
1.103238649606704712e+03	2.982999999999999829e+01
1.105701456069946289e+03	2.976000000000000156e+01
1.108163933992385864e+03	2.982999999999999829e+01
1.110627021074295044e+03	2.980000000000000071e+01
1.113089503765106201e+03	2.982999999999999829e+01
1.115551609992980957e+03	2.980000000000000071e+01
1.118014883756637573e+03	2.982999999999999829e+01
1.120476838111877441e+03	2.982999999999999829e+01
1.122938936233520508e+03	2.980000000000000071e+01
1.125402180910110474e+03	2.973000000000000043e+01
1.127864423990249634e+03	2.973000000000000043e+01
1.130327425718307495e+03	2.976000000000000156e+01
1.132789882183074951e+03	2.973000000000000043e+01
1.135252124309539795e+03	2.980000000000000071e+01
1.137715453863143921e+03	2.976000000000000156e+01
1.140177838087081909e+03	2.976000000000000156e+01
1.142639875650405884e+03	2.980000000000000071e+01
1.145102704763412476e+03	2.980000000000000071e+01
1.147565866231918335e+03	2.980000000000000071e+01
1.150027952194213867e+03	2.980000000000000071e+01
1.152490400552749634e+03	2.976000000000000156e+01
1.154952848434448242e+03	2.980000000000000071e+01
1.157416188955307007e+03	2.976000000000000156e+01
1.159878203153610229e+03	2.976000000000000156e+01
1.162341402053833008e+03	2.980000000000000071e+01
1.164803272724151611e+03	2.980000000000000071e+01
1.167266829252243042e+03	2.973000000000000043e+01
1.169728824377059937e+03	2.980000000000000071e+01
1.172191371440887451e+03	2.976000000000000156e+01
1.174654127120971680e+03	2.973000000000000043e+01
1.177116386175155640e+03	2.980000000000000071e+01
1.179579532861709595e+03	2.976000000000000156e+01
1.182042332410812378e+03	2.976000000000000156e+01
1.184504265546798706e+03	2.976000000000000156e+01
1.186967175960540771e+03	2.980000000000000071e+01
1.189429013013839722e+03	2.980000000000000071e+01
1.191891754627227783e+03	2.980000000000000071e+01
1.194353883266448975e+03	2.976000000000000156e+01
1.196817063093185425e+03	2.976000000000000156e+01
1.199279524564743042e+03	2.973000000000000043e+01
1.201741595506668091e+03	2.973000000000000043e+01
1.204204185724258423e+03	2.973000000000000043e+01
1.206667883396148682e+03	2.973000000000000043e+01
1.209130317449569702e+03	2.969999999999999929e+01
1.211592717885971069e+03	2.973000000000000043e+01
1.214054748296737671e+03	2.976000000000000156e+01
1.216518104076385498e+03	2.980000000000000071e+01
1.218980038166046143e+03	2.980000000000000071e+01
1.221443615436553955e+03	2.982999999999999829e+01
1.223906123399734497e+03	2.980000000000000071e+01
1.226368082284927368e+03	2.980000000000000071e+01
1.228830790758132935e+03	2.982999999999999829e+01
1.231292915582656860e+03	2.982999999999999829e+01
1.233756353855133057e+03	2.982999999999999829e+01
1.236218978404998779e+03	2.980000000000000071e+01
1.238681116342544556e+03	2.980000000000000071e+01
1.241144372940063477e+03	2.980000000000000071e+01
1.243605995416641235e+03	2.982999999999999829e+01
1.246068979024887085e+03	2.980000000000000071e+01
1.248531854391098022e+03	2.976000000000000156e+01
1.250993645191192627e+03	2.980000000000000071e+01
1.253456927776336670e+03	2.976000000000000156e+01
1.255918748617172241e+03	2.969999999999999929e+01
1.258381777763366699e+03	2.973000000000000043e+01
1.260844953775405884e+03	2.980000000000000071e+01
1.263307462692260742e+03	2.973000000000000043e+01
1.265770040273666382e+03	2.976000000000000156e+01
1.268231722831726074e+03	2.976000000000000156e+01
1.270694456815719604e+03	2.980000000000000071e+01
1.273156464099884033e+03	2.982999999999999829e+01
1.275620243072509766e+03	2.980000000000000071e+01
1.278082637310028076e+03	2.980000000000000071e+01
1.280545573234558105e+03	2.980000000000000071e+01
1.283006664991378784e+03	2.980000000000000071e+01
1.285470685958862305e+03	2.982999999999999829e+01
1.287932721853256226e+03	2.982999999999999829e+01
1.290395987272262573e+03	2.982999999999999829e+01
1.292858068466186523e+03	2.976000000000000156e+01
1.295321100234985352e+03	2.980000000000000071e+01
1.297782962322235107e+03	2.980000000000000071e+01
1.300245770215988159e+03	2.973000000000000043e+01
1.302708394765853882e+03	2.973000000000000043e+01
1.305171474218368530e+03	2.973000000000000043e+01
1.307633988380432129e+03	2.976000000000000156e+01
1.310096215248107910e+03	2.973000000000000043e+01
1.312559425354003906e+03	2.976000000000000156e+01
1.315021611928939819e+03	2.973000000000000043e+01
1.317483677625656128e+03	2.973000000000000043e+01
1.319946181535720825e+03	2.973000000000000043e+01
1.322408862352371216e+03	2.976000000000000156e+01
1.324871234416961670e+03	2.976000000000000156e+01
1.327334533691406250e+03	2.980000000000000071e+01
1.329796995639801025e+03	2.980000000000000071e+01
1.332259265184402466e+03	2.982999999999999829e+01
1.334721799850463867e+03	2.980000000000000071e+01
1.337184737443923950e+03	2.980000000000000071e+01
1.339647948741912842e+03	2.980000000000000071e+01
1.342110224962234497e+03	2.980000000000000071e+01
1.344573011398315430e+03	2.976000000000000156e+01
1.347034925460815430e+03	2.980000000000000071e+01
1.349497375965118408e+03	2.980000000000000071e+01
1.351960595846176147e+03	2.980000000000000071e+01
1.354423408746719360e+03	2.976000000000000156e+01
1.356885097503662109e+03	2.976000000000000156e+01
1.359347605466842651e+03	2.976000000000000156e+01
1.361810815095901489e+03	2.973000000000000043e+01
1.364272815227508545e+03	2.976000000000000156e+01
1.366735520124435425e+03	2.973000000000000043e+01
1.369197983741760254e+03	2.980000000000000071e+01
1.371660759449005127e+03	2.980000000000000071e+01
1.374123264551162720e+03	2.982999999999999829e+01
1.376585764169692993e+03	2.980000000000000071e+01
1.379048970699310303e+03	2.980000000000000071e+01
1.381511693716049194e+03	2.982999999999999829e+01
1.383973927497863770e+03	2.982999999999999829e+01
1.386436848402023315e+03	2.980000000000000071e+01
1.388899050235748291e+03	2.976000000000000156e+01
1.391361925125122070e+03	2.980000000000000071e+01
1.393824171304702759e+03	2.982999999999999829e+01
1.396286848783493042e+03	2.976000000000000156e+01
1.398749188899993896e+03	2.976000000000000156e+01
1.401212083339691162e+03	2.973000000000000043e+01
1.403675221681594849e+03	2.976000000000000156e+01
1.406136778831481934e+03	2.976000000000000156e+01
1.408599795818328857e+03	2.973000000000000043e+01
1.411062422752380371e+03	2.976000000000000156e+01
1.413525421380996704e+03	2.976000000000000156e+01
1.415987055540084839e+03	2.976000000000000156e+01
1.418450297832489014e+03	2.980000000000000071e+01
1.420913152217864990e+03	2.976000000000000156e+01
1.423375407934188843e+03	2.980000000000000071e+01
1.425838429212570190e+03	2.980000000000000071e+01
1.428299929857254028e+03	2.982999999999999829e+01
1.430762797355651855e+03	2.982999999999999829e+01
1.433224734783172607e+03	2.985999999999999943e+01
1.435687937974929810e+03	2.982999999999999829e+01
1.438151034832000732e+03	2.980000000000000071e+01
1.440613575696945190e+03	2.982999999999999829e+01
1.443076001644134521e+03	2.980000000000000071e+01
1.445538587093353271e+03	2.980000000000000071e+01
1.448001372098922729e+03	2.980000000000000071e+01
1.450463699102401733e+03	2.976000000000000156e+01
1.452925867319107056e+03	2.976000000000000156e+01
1.455388984441757202e+03	2.976000000000000156e+01
1.457851411581039429e+03	2.973000000000000043e+01
1.460314244270324707e+03	2.976000000000000156e+01
1.462776848316192627e+03	2.973000000000000043e+01
1.465238955974578857e+03	2.976000000000000156e+01
1.467701799869537354e+03	2.973000000000000043e+01
1.470164509057998657e+03	2.976000000000000156e+01
1.472627242088317871e+03	2.976000000000000156e+01
1.475089787721633911e+03	2.980000000000000071e+01
