# 20220728
# time			temp			
0.000000000000000000e+00	2.976000000000000156e+01
2.462810993194580078e+00	2.980000000000000071e+01
4.925766229629516602e+00	2.980000000000000071e+01
7.388325691223144531e+00	2.980000000000000071e+01
9.850919008255004883e+00	2.980000000000000071e+01
1.231390476226806641e+01	2.980000000000000071e+01
1.477581644058227539e+01	2.985999999999999943e+01
1.723780894279479980e+01	2.982999999999999829e+01
1.970080256462097168e+01	2.982999999999999829e+01
2.216341924667358398e+01	2.985999999999999943e+01
2.462649273872375488e+01	2.985999999999999943e+01
2.708874845504760742e+01	2.985999999999999943e+01
2.955171775817871094e+01	2.989999999999999858e+01
3.201461887359619141e+01	2.982999999999999829e+01
3.447724962234497070e+01	2.980000000000000071e+01
3.693919706344604492e+01	2.980000000000000071e+01
3.940153503417968750e+01	2.980000000000000071e+01
4.186415314674377441e+01	2.980000000000000071e+01
4.432662773132324219e+01	2.980000000000000071e+01
4.678919363021850586e+01	2.980000000000000071e+01
4.925239396095275879e+01	2.980000000000000071e+01
5.171492075920104980e+01	2.976000000000000156e+01
5.417689657211303711e+01	2.980000000000000071e+01
5.664005613327026367e+01	2.980000000000000071e+01
5.910255622863769531e+01	2.980000000000000071e+01
6.156478428840637207e+01	2.982999999999999829e+01
6.402808403968811035e+01	2.982999999999999829e+01
6.648989367485046387e+01	2.985999999999999943e+01
6.895325732231140137e+01	2.982999999999999829e+01
7.141603660583496094e+01	2.985999999999999943e+01
7.387833380699157715e+01	2.982999999999999829e+01
7.634062528610229492e+01	2.980000000000000071e+01
7.880363392829895020e+01	2.980000000000000071e+01
8.126588892936706543e+01	2.980000000000000071e+01
8.372889900207519531e+01	2.980000000000000071e+01
8.619071006774902344e+01	2.976000000000000156e+01
8.865318393707275391e+01	2.980000000000000071e+01
9.111596775054931641e+01	2.976000000000000156e+01
9.357835817337036133e+01	2.980000000000000071e+01
9.604161381721496582e+01	2.980000000000000071e+01
9.850338149070739746e+01	2.982999999999999829e+01
1.009666340351104736e+02	2.982999999999999829e+01
1.034290089607238770e+02	2.982999999999999829e+01
1.058911681175231934e+02	2.982999999999999829e+01
1.083545596599578857e+02	2.985999999999999943e+01
1.108166818618774414e+02	2.989999999999999858e+01
1.132789516448974609e+02	2.985999999999999943e+01
1.157424793243408203e+02	2.985999999999999943e+01
1.182049078941345215e+02	2.982999999999999829e+01
1.206674864292144775e+02	2.980000000000000071e+01
1.231301712989807129e+02	2.982999999999999829e+01
1.255919110774993896e+02	2.980000000000000071e+01
1.280549087524414062e+02	2.980000000000000071e+01
1.305169980525970459e+02	2.980000000000000071e+01
1.329799778461456299e+02	2.980000000000000071e+01
1.354429020881652832e+02	2.980000000000000071e+01
1.379045836925506592e+02	2.976000000000000156e+01
1.403678927421569824e+02	2.980000000000000071e+01
1.428298585414886475e+02	2.982999999999999829e+01
1.452923941612243652e+02	2.982999999999999829e+01
1.477554368972778320e+02	2.982999999999999829e+01
1.502175467014312744e+02	2.982999999999999829e+01
1.526810083389282227e+02	2.982999999999999829e+01
1.551434364318847656e+02	2.982999999999999829e+01
1.576052153110504150e+02	2.982999999999999829e+01
1.600680391788482666e+02	2.982999999999999829e+01
1.625303993225097656e+02	2.982999999999999829e+01
1.649929335117340088e+02	2.982999999999999829e+01
1.674559667110443115e+02	2.980000000000000071e+01
1.699187853336334229e+02	2.982999999999999829e+01
1.723817312717437744e+02	2.980000000000000071e+01
1.748434071540832520e+02	2.982999999999999829e+01
1.773055589199066162e+02	2.980000000000000071e+01
1.797687292098999023e+02	2.982999999999999829e+01
1.822316603660583496e+02	2.976000000000000156e+01
1.846938087940216064e+02	2.976000000000000156e+01
1.871565096378326416e+02	2.976000000000000156e+01
1.896188962459564209e+02	2.980000000000000071e+01
1.920822062492370605e+02	2.976000000000000156e+01
1.945447502136230469e+02	2.980000000000000071e+01
1.970074169635772705e+02	2.982999999999999829e+01
1.994693794250488281e+02	2.980000000000000071e+01
2.019319212436676025e+02	2.982999999999999829e+01
2.043944892883300781e+02	2.982999999999999829e+01
2.068569335937500000e+02	2.985999999999999943e+01
2.093203303813934326e+02	2.985999999999999943e+01
2.117830572128295898e+02	2.982999999999999829e+01
2.142447633743286133e+02	2.980000000000000071e+01
2.167073371410369873e+02	2.982999999999999829e+01
2.191700110435485840e+02	2.982999999999999829e+01
2.216335284709930420e+02	2.980000000000000071e+01
2.240953192710876465e+02	2.982999999999999829e+01
2.265581488609313965e+02	2.980000000000000071e+01
2.290208969116210938e+02	2.980000000000000071e+01
2.314833321571350098e+02	2.980000000000000071e+01
2.339460988044738770e+02	2.980000000000000071e+01
2.364080400466918945e+02	2.980000000000000071e+01
2.388709373474121094e+02	2.980000000000000071e+01
2.413337490558624268e+02	2.980000000000000071e+01
2.437963287830352783e+02	2.980000000000000071e+01
2.462586147785186768e+02	2.976000000000000156e+01
2.487210707664489746e+02	2.980000000000000071e+01
2.511844534873962402e+02	2.980000000000000071e+01
2.536461765766143799e+02	2.982999999999999829e+01
2.561090638637542725e+02	2.982999999999999829e+01
2.585712342262268066e+02	2.982999999999999829e+01
2.610339033603668213e+02	2.980000000000000071e+01
2.634961957931518555e+02	2.982999999999999829e+01
2.659587965011596680e+02	2.985999999999999943e+01
2.684215924739837646e+02	2.982999999999999829e+01
2.708840296268463135e+02	2.985999999999999943e+01
2.733469355106353760e+02	2.982999999999999829e+01
2.758092548847198486e+02	2.980000000000000071e+01
2.782727525234222412e+02	2.980000000000000071e+01
2.807352190017700195e+02	2.980000000000000071e+01
2.831976618766784668e+02	2.980000000000000071e+01
2.856595406532287598e+02	2.980000000000000071e+01
2.881230094432830811e+02	2.982999999999999829e+01
2.905858104228973389e+02	2.980000000000000071e+01
2.930482347011566162e+02	2.980000000000000071e+01
2.955104851722717285e+02	2.980000000000000071e+01
2.979730827808380127e+02	2.980000000000000071e+01
3.004352045059204102e+02	2.980000000000000071e+01
3.028977248668670654e+02	2.980000000000000071e+01
3.053607277870178223e+02	2.982999999999999829e+01
3.078229677677154541e+02	2.980000000000000071e+01
3.102858960628509521e+02	2.982999999999999829e+01
3.127480976581573486e+02	2.980000000000000071e+01
3.152109382152557373e+02	2.982999999999999829e+01
3.176738057136535645e+02	2.982999999999999829e+01
3.201362361907958984e+02	2.982999999999999829e+01
3.225987434387207031e+02	2.980000000000000071e+01
3.250607993602752686e+02	2.980000000000000071e+01
3.275243430137634277e+02	2.982999999999999829e+01
3.299871578216552734e+02	2.980000000000000071e+01
3.324488949775695801e+02	2.980000000000000071e+01
3.349118330478668213e+02	2.982999999999999829e+01
3.373738472461700439e+02	2.980000000000000071e+01
3.398364219665527344e+02	2.982999999999999829e+01
3.422997145652770996e+02	2.982999999999999829e+01
3.447616000175476074e+02	2.982999999999999829e+01
3.472239096164703369e+02	2.982999999999999829e+01
3.496868665218353271e+02	2.982999999999999829e+01
3.521496047973632812e+02	2.985999999999999943e+01
3.546126484870910645e+02	2.985999999999999943e+01
3.570746243000030518e+02	2.985999999999999943e+01
3.595373530387878418e+02	2.989999999999999858e+01
3.620003273487091064e+02	2.982999999999999829e+01
3.644631023406982422e+02	2.982999999999999829e+01
3.669256370067596436e+02	2.980000000000000071e+01
3.693873701095581055e+02	2.982999999999999829e+01
3.718506836891174316e+02	2.980000000000000071e+01
3.743127567768096924e+02	2.980000000000000071e+01
3.767759182453155518e+02	2.980000000000000071e+01
3.792377774715423584e+02	2.980000000000000071e+01
3.817002439498901367e+02	2.980000000000000071e+01
3.841628377437591553e+02	2.980000000000000071e+01
3.866253278255462646e+02	2.980000000000000071e+01
3.890886235237121582e+02	2.982999999999999829e+01
3.915508472919464111e+02	2.980000000000000071e+01
3.940137455463409424e+02	2.982999999999999829e+01
3.964762341976165771e+02	2.985999999999999943e+01
3.989390108585357666e+02	2.982999999999999829e+01
4.014019577503204346e+02	2.985999999999999943e+01
4.038635230064392090e+02	2.982999999999999829e+01
4.063271989822387695e+02	2.985999999999999943e+01
4.087889966964721680e+02	2.985999999999999943e+01
4.112522342205047607e+02	2.980000000000000071e+01
4.137147192955017090e+02	2.980000000000000071e+01
4.161769964694976807e+02	2.982999999999999829e+01
4.186392238140106201e+02	2.985999999999999943e+01
4.211022057533264160e+02	2.982999999999999829e+01
4.235648748874664307e+02	2.982999999999999829e+01
4.260271186828613281e+02	2.982999999999999829e+01
4.284894921779632568e+02	2.982999999999999829e+01
4.309521734714508057e+02	2.982999999999999829e+01
4.334148471355438232e+02	2.982999999999999829e+01
4.358777275085449219e+02	2.980000000000000071e+01
4.383398320674896240e+02	2.980000000000000071e+01
4.408028132915496826e+02	2.976000000000000156e+01
4.432656018733978271e+02	2.982999999999999829e+01
4.457278709411621094e+02	2.980000000000000071e+01
4.481906921863555908e+02	2.982999999999999829e+01
4.506535098552703857e+02	2.980000000000000071e+01
4.531152431964874268e+02	2.982999999999999829e+01
4.555777585506439209e+02	2.980000000000000071e+01
4.580405883789062500e+02	2.982999999999999829e+01
4.605036878585815430e+02	2.982999999999999829e+01
4.629658973217010498e+02	2.985999999999999943e+01
4.654283702373504639e+02	2.982999999999999829e+01
4.678910155296325684e+02	2.982999999999999829e+01
4.703539083003997803e+02	2.982999999999999829e+01
4.728165185451507568e+02	2.980000000000000071e+01
4.752785384654998779e+02	2.982999999999999829e+01
4.777412421703338623e+02	2.982999999999999829e+01
4.802042100429534912e+02	2.982999999999999829e+01
4.826671214103698730e+02	2.980000000000000071e+01
4.851294088363647461e+02	2.980000000000000071e+01
4.875910069942474365e+02	2.976000000000000156e+01
4.900545594692230225e+02	2.982999999999999829e+01
4.925174081325531006e+02	2.980000000000000071e+01
4.949794609546661377e+02	2.980000000000000071e+01
4.974416909217834473e+02	2.982999999999999829e+01
4.999050405025482178e+02	2.982999999999999829e+01
5.023677663803100586e+02	2.980000000000000071e+01
5.048299334049224854e+02	2.982999999999999829e+01
5.072921586036682129e+02	2.982999999999999829e+01
5.097542271614074707e+02	2.982999999999999829e+01
5.122179651260375977e+02	2.985999999999999943e+01
5.146801605224609375e+02	2.982999999999999829e+01
5.171427624225616455e+02	2.982999999999999829e+01
5.196052861213684082e+02	2.980000000000000071e+01
5.220684530735015869e+02	2.976000000000000156e+01
5.245307571887969971e+02	2.980000000000000071e+01
5.269922673702239990e+02	2.980000000000000071e+01
5.294557709693908691e+02	2.980000000000000071e+01
5.319177212715148926e+02	2.976000000000000156e+01
5.343809530735015869e+02	2.982999999999999829e+01
5.368426287174224854e+02	2.980000000000000071e+01
5.393056192398071289e+02	2.980000000000000071e+01
5.417688972949981689e+02	2.980000000000000071e+01
5.442308545112609863e+02	2.980000000000000071e+01
5.466931831836700439e+02	2.980000000000000071e+01
5.491552400588989258e+02	2.982999999999999829e+01
5.516191189289093018e+02	2.982999999999999829e+01
5.540813066959381104e+02	2.982999999999999829e+01
5.565435855388641357e+02	2.985999999999999943e+01
5.590060210227966309e+02	2.982999999999999829e+01
5.614695250988006592e+02	2.982999999999999829e+01
5.639318585395812988e+02	2.985999999999999943e+01
5.663942162990570068e+02	2.982999999999999829e+01
5.688570082187652588e+02	2.985999999999999943e+01
5.713187322616577148e+02	2.980000000000000071e+01
5.737822673320770264e+02	2.985999999999999943e+01
5.762444097995758057e+02	2.980000000000000071e+01
5.787073407173156738e+02	2.982999999999999829e+01
5.811693515777587891e+02	2.982999999999999829e+01
5.836317188739776611e+02	2.982999999999999829e+01
5.860950851440429688e+02	2.980000000000000071e+01
5.885566840171813965e+02	2.985999999999999943e+01
5.910201430320739746e+02	2.985999999999999943e+01
5.934828939437866211e+02	2.985999999999999943e+01
5.959447593688964844e+02	2.985999999999999943e+01
5.984074575901031494e+02	2.985999999999999943e+01
6.008702106475830078e+02	2.982999999999999829e+01
6.033332722187042236e+02	2.982999999999999829e+01
6.057957596778869629e+02	2.982999999999999829e+01
6.082586138248443604e+02	2.982999999999999829e+01
6.107207210063934326e+02	2.982999999999999829e+01
6.131832776069641113e+02	2.980000000000000071e+01
6.156460666656494141e+02	2.980000000000000071e+01
6.181085846424102783e+02	2.982999999999999829e+01
6.205705251693725586e+02	2.982999999999999829e+01
6.230332033634185791e+02	2.982999999999999829e+01
6.254959249496459961e+02	2.982999999999999829e+01
6.279581589698791504e+02	2.980000000000000071e+01
6.304212691783905029e+02	2.980000000000000071e+01
6.328837602138519287e+02	2.980000000000000071e+01
6.353463358879089355e+02	2.980000000000000071e+01
6.378081526756286621e+02	2.982999999999999829e+01
6.402721004486083984e+02	2.980000000000000071e+01
6.427337753772735596e+02	2.982999999999999829e+01
6.451968207359313965e+02	2.980000000000000071e+01
6.476586759090423584e+02	2.980000000000000071e+01
6.501215374469757080e+02	2.980000000000000071e+01
6.525839583873748779e+02	2.982999999999999829e+01
6.550469591617584229e+02	2.982999999999999829e+01
6.575102055072784424e+02	2.980000000000000071e+01
6.599727387428283691e+02	2.982999999999999829e+01
6.624348473548889160e+02	2.982999999999999829e+01
6.648977909088134766e+02	2.982999999999999829e+01
6.673595252037048340e+02	2.980000000000000071e+01
6.698222093582153320e+02	2.982999999999999829e+01
6.722849652767181396e+02	2.980000000000000071e+01
6.747478270530700684e+02	2.976000000000000156e+01
6.772103016376495361e+02	2.982999999999999829e+01
6.796724755764007568e+02	2.982999999999999829e+01
6.821353895664215088e+02	2.982999999999999829e+01
6.845980057716369629e+02	2.982999999999999829e+01
6.870604803562164307e+02	2.982999999999999829e+01
6.895224683284759521e+02	2.982999999999999829e+01
6.919856934547424316e+02	2.985999999999999943e+01
6.944485025405883789e+02	2.980000000000000071e+01
6.969108934402465820e+02	2.982999999999999829e+01
6.993739509582519531e+02	2.982999999999999829e+01
7.018357791900634766e+02	2.980000000000000071e+01
7.042986819744110107e+02	2.982999999999999829e+01
7.067605538368225098e+02	2.980000000000000071e+01
7.092239613533020020e+02	2.980000000000000071e+01
7.116867055892944336e+02	2.982999999999999829e+01
7.141489331722259521e+02	2.982999999999999829e+01
7.166112637519836426e+02	2.980000000000000071e+01
7.190745351314544678e+02	2.982999999999999829e+01
7.215371787548065186e+02	2.982999999999999829e+01
7.239989681243896484e+02	2.980000000000000071e+01
7.264624500274658203e+02	2.980000000000000071e+01
7.289243497848510742e+02	2.982999999999999829e+01
7.313870370388031006e+02	2.982999999999999829e+01
7.338495213985443115e+02	2.980000000000000071e+01
7.363118007183074951e+02	2.982999999999999829e+01
7.387753834724426270e+02	2.982999999999999829e+01
7.412377479076385498e+02	2.982999999999999829e+01
7.436997880935668945e+02	2.980000000000000071e+01
7.461624932289123535e+02	2.982999999999999829e+01
7.486248421669006348e+02	2.980000000000000071e+01
7.510879509449005127e+02	2.976000000000000156e+01
7.535505206584930420e+02	2.976000000000000156e+01
7.560130493640899658e+02	2.980000000000000071e+01
7.584753799438476562e+02	2.980000000000000071e+01
7.609382927417755127e+02	2.980000000000000071e+01
7.634008781909942627e+02	2.980000000000000071e+01
7.658632707595825195e+02	2.982999999999999829e+01
7.683254878520965576e+02	2.980000000000000071e+01
7.707877638339996338e+02	2.980000000000000071e+01
7.732506935596466064e+02	2.982999999999999829e+01
7.757139518260955811e+02	2.980000000000000071e+01
7.781761600971221924e+02	2.982999999999999829e+01
7.806379804611206055e+02	2.982999999999999829e+01
7.831008853912353516e+02	2.982999999999999829e+01
7.855640392303466797e+02	2.982999999999999829e+01
7.880258798599243164e+02	2.982999999999999829e+01
7.904887754917144775e+02	2.982999999999999829e+01
7.929513401985168457e+02	2.980000000000000071e+01
7.954143750667572021e+02	2.980000000000000071e+01
7.978767192363739014e+02	2.980000000000000071e+01
8.003390185832977295e+02	2.976000000000000156e+01
8.028017613887786865e+02	2.980000000000000071e+01
8.052646625041961670e+02	2.976000000000000156e+01
8.077267196178436279e+02	2.980000000000000071e+01
8.101897897720336914e+02	2.980000000000000071e+01
8.126522684097290039e+02	2.980000000000000071e+01
8.151146180629730225e+02	2.980000000000000071e+01
8.175768625736236572e+02	2.980000000000000071e+01
8.200401334762573242e+02	2.980000000000000071e+01
8.225025475025177002e+02	2.980000000000000071e+01
8.249650170803070068e+02	2.982999999999999829e+01
8.274282906055450439e+02	2.985999999999999943e+01
8.298896944522857666e+02	2.982999999999999829e+01
8.323531932830810547e+02	2.982999999999999829e+01
8.348148672580718994e+02	2.980000000000000071e+01
8.372775332927703857e+02	2.980000000000000071e+01
8.397401919364929199e+02	2.980000000000000071e+01
8.422036764621734619e+02	2.980000000000000071e+01
8.446657912731170654e+02	2.976000000000000156e+01
8.471279003620147705e+02	2.976000000000000156e+01
8.495907697677612305e+02	2.980000000000000071e+01
8.520540041923522949e+02	2.980000000000000071e+01
8.545160775184631348e+02	2.980000000000000071e+01
8.569787933826446533e+02	2.980000000000000071e+01
8.594410676956176758e+02	2.980000000000000071e+01
8.619042541980743408e+02	2.976000000000000156e+01
8.643668100833892822e+02	2.980000000000000071e+01
8.668292644023895264e+02	2.982999999999999829e+01
8.692912147045135498e+02	2.982999999999999829e+01
8.717547132968902588e+02	2.985999999999999943e+01
8.742168898582458496e+02	2.985999999999999943e+01
8.766796109676361084e+02	2.982999999999999829e+01
8.791421279907226562e+02	2.985999999999999943e+01
8.816047208309173584e+02	2.989999999999999858e+01
8.840671172142028809e+02	2.982999999999999829e+01
8.865298659801483154e+02	2.985999999999999943e+01
8.889918160438537598e+02	2.985999999999999943e+01
8.914553270339965820e+02	2.980000000000000071e+01
8.939173681735992432e+02	2.980000000000000071e+01
8.963797242641448975e+02	2.980000000000000071e+01
8.988421609401702881e+02	2.976000000000000156e+01
9.013051140308380127e+02	2.980000000000000071e+01
9.037680613994598389e+02	2.980000000000000071e+01
9.062303125858306885e+02	2.982999999999999829e+01
9.086923518180847168e+02	2.980000000000000071e+01
9.111557767391204834e+02	2.976000000000000156e+01
9.136185429096221924e+02	2.980000000000000071e+01
9.160807220935821533e+02	2.982999999999999829e+01
9.185436866283416748e+02	2.980000000000000071e+01
9.210060014724731445e+02	2.980000000000000071e+01
9.234679548740386963e+02	2.982999999999999829e+01
9.259302074909210205e+02	2.980000000000000071e+01
9.283930952548980713e+02	2.982999999999999829e+01
9.308565926551818848e+02	2.982999999999999829e+01
9.333180379867553711e+02	2.982999999999999829e+01
9.357807950973510742e+02	2.980000000000000071e+01
9.382438931465148926e+02	2.980000000000000071e+01
9.407058873176574707e+02	2.980000000000000071e+01
9.431694533824920654e+02	2.980000000000000071e+01
9.456319611072540283e+02	2.980000000000000071e+01
9.480935506820678711e+02	2.980000000000000071e+01
9.505568566322326660e+02	2.976000000000000156e+01
9.530189566612243652e+02	2.980000000000000071e+01
9.554811832904815674e+02	2.980000000000000071e+01
9.579442043304443359e+02	2.980000000000000071e+01
9.604070048332214355e+02	2.982999999999999829e+01
9.628696880340576172e+02	2.982999999999999829e+01
9.653316445350646973e+02	2.985999999999999943e+01
9.677949421405792236e+02	2.982999999999999829e+01
9.702570030689239502e+02	2.982999999999999829e+01
9.727200524806976318e+02	2.982999999999999829e+01
9.751828274726867676e+02	2.985999999999999943e+01
9.776447741985321045e+02	2.982999999999999829e+01
9.801075339317321777e+02	2.982999999999999829e+01
9.825698566436767578e+02	2.982999999999999829e+01
9.850328423976898193e+02	2.980000000000000071e+01
9.874948115348815918e+02	2.980000000000000071e+01
9.899574890136718750e+02	2.980000000000000071e+01
9.924206228256225586e+02	2.980000000000000071e+01
9.948830811977386475e+02	2.976000000000000156e+01
9.973454446792602539e+02	2.976000000000000156e+01
9.998088624477386475e+02	2.973000000000000043e+01
1.002271140813827515e+03	2.973000000000000043e+01
1.004733594894409180e+03	2.976000000000000156e+01
1.007195503234863281e+03	2.976000000000000156e+01
1.009657938957214355e+03	2.976000000000000156e+01
1.012121754407882690e+03	2.976000000000000156e+01
1.014583488225936890e+03	2.973000000000000043e+01
1.017045951604843140e+03	2.980000000000000071e+01
1.019508669376373291e+03	2.980000000000000071e+01
1.021971899986267090e+03	2.982999999999999829e+01
1.024434548139572144e+03	2.982999999999999829e+01
1.026897226095199585e+03	2.982999999999999829e+01
1.029359419584274292e+03	2.985999999999999943e+01
1.031821515560150146e+03	2.982999999999999829e+01
1.034284780502319336e+03	2.985999999999999943e+01
1.036746927261352539e+03	2.985999999999999943e+01
1.039209171295166016e+03	2.982999999999999829e+01
1.041672769784927368e+03	2.982999999999999829e+01
1.044135112285614014e+03	2.982999999999999829e+01
1.046596636772155762e+03	2.980000000000000071e+01
1.049059653043746948e+03	2.976000000000000156e+01
1.051522714376449585e+03	2.980000000000000071e+01
1.053985404968261719e+03	2.980000000000000071e+01
1.056447221517562866e+03	2.980000000000000071e+01
1.058910799980163574e+03	2.980000000000000071e+01
1.061373246669769287e+03	2.980000000000000071e+01
1.063834956645965576e+03	2.980000000000000071e+01
1.066298371076583862e+03	2.982999999999999829e+01
1.068761014461517334e+03	2.976000000000000156e+01
1.071223821401596069e+03	2.982999999999999829e+01
1.073685400724411011e+03	2.980000000000000071e+01
1.076148036718368530e+03	2.982999999999999829e+01
1.078610828399658203e+03	2.982999999999999829e+01
1.081073051691055298e+03	2.980000000000000071e+01
1.083536063909530640e+03	2.980000000000000071e+01
1.085998304843902588e+03	2.989999999999999858e+01
1.088460891246795654e+03	2.982999999999999829e+01
1.090923404693603516e+03	2.985999999999999943e+01
1.093386809587478638e+03	2.980000000000000071e+01
1.095848669052124023e+03	2.982999999999999829e+01
1.098311790704727173e+03	2.985999999999999943e+01
1.100774559497833252e+03	2.982999999999999829e+01
1.103236202478408813e+03	2.980000000000000071e+01
1.105699107646942139e+03	2.982999999999999829e+01
1.108162055492401123e+03	2.982999999999999829e+01
1.110624673128128052e+03	2.980000000000000071e+01
1.113087057352066040e+03	2.980000000000000071e+01
1.115550189733505249e+03	2.980000000000000071e+01
1.118012163639068604e+03	2.980000000000000071e+01
1.120474806785583496e+03	2.980000000000000071e+01
1.122937102079391479e+03	2.980000000000000071e+01
1.125400264978408813e+03	2.980000000000000071e+01
1.127862015724182129e+03	2.980000000000000071e+01
1.130325598478317261e+03	2.982999999999999829e+01
1.132787465810775757e+03	2.982999999999999829e+01
1.135250477075576782e+03	2.980000000000000071e+01
1.137712632417678833e+03	2.980000000000000071e+01
1.140175546884536743e+03	2.982999999999999829e+01
1.142637649774551392e+03	2.982999999999999829e+01
1.145100769996643066e+03	2.982999999999999829e+01
1.147563230276107788e+03	2.980000000000000071e+01
1.150025313615798950e+03	2.980000000000000071e+01
1.152487846374511719e+03	2.982999999999999829e+01
1.154951021909713745e+03	2.980000000000000071e+01
1.157413902997970581e+03	2.976000000000000156e+01
1.159876377105712891e+03	2.980000000000000071e+01
1.162338546514511108e+03	2.980000000000000071e+01
1.164800701379776001e+03	2.980000000000000071e+01
1.167264054059982300e+03	2.982999999999999829e+01
1.169725865840911865e+03	2.982999999999999829e+01
1.172189032793045044e+03	2.982999999999999829e+01
1.174650874376296997e+03	2.982999999999999829e+01
1.177113921403884888e+03	2.982999999999999829e+01
1.179576475143432617e+03	2.985999999999999943e+01
1.182038877248764038e+03	2.982999999999999829e+01
1.184501570463180542e+03	2.989999999999999858e+01
1.186964294910430908e+03	2.985999999999999943e+01
1.189427485942840576e+03	2.982999999999999829e+01
1.191889029026031494e+03	2.980000000000000071e+01
1.194352559566497803e+03	2.982999999999999829e+01
1.196815401315689087e+03	2.982999999999999829e+01
1.199277375698089600e+03	2.980000000000000071e+01
1.201739430665969849e+03	2.980000000000000071e+01
1.204202082157135010e+03	2.980000000000000071e+01
1.206665457725524902e+03	2.982999999999999829e+01
1.209128115177154541e+03	2.980000000000000071e+01
1.211590059757232666e+03	2.980000000000000071e+01
1.214053151369094849e+03	2.980000000000000071e+01
1.216515644788742065e+03	2.982999999999999829e+01
1.218977847814559937e+03	2.980000000000000071e+01
1.221440789461135864e+03	2.982999999999999829e+01
1.223903717994689941e+03	2.982999999999999829e+01
1.226365284442901611e+03	2.982999999999999829e+01
1.228828149557113647e+03	2.985999999999999943e+01
1.231291225910186768e+03	2.982999999999999829e+01
1.233753607749938965e+03	2.985999999999999943e+01
1.236216135740280151e+03	2.976000000000000156e+01
1.238678582191467285e+03	2.980000000000000071e+01
1.241140911579132080e+03	2.980000000000000071e+01
1.243603873014450073e+03	2.982999999999999829e+01
1.246066670417785645e+03	2.980000000000000071e+01
1.248529652357101440e+03	2.980000000000000071e+01
1.250991161346435547e+03	2.980000000000000071e+01
1.253454009532928467e+03	2.980000000000000071e+01
1.255917230129241943e+03	2.980000000000000071e+01
1.258378979682922363e+03	2.982999999999999829e+01
1.260842156887054443e+03	2.980000000000000071e+01
1.263303885936737061e+03	2.985999999999999943e+01
1.265767003774642944e+03	2.985999999999999943e+01
1.268228640556335449e+03	2.980000000000000071e+01
1.270691734075546265e+03	2.982999999999999829e+01
1.273154391765594482e+03	2.980000000000000071e+01
1.275617821455001831e+03	2.985999999999999943e+01
1.278079432010650635e+03	2.982999999999999829e+01
1.280542485713958740e+03	2.980000000000000071e+01
1.283005058526992798e+03	2.980000000000000071e+01
1.285468238830566406e+03	2.980000000000000071e+01
1.287930176258087158e+03	2.980000000000000071e+01
1.290392362833023071e+03	2.976000000000000156e+01
1.292855683088302612e+03	2.980000000000000071e+01
1.295318372964859009e+03	2.980000000000000071e+01
1.297780352115631104e+03	2.976000000000000156e+01
1.300241895675659180e+03	2.980000000000000071e+01
1.302705543279647827e+03	2.980000000000000071e+01
1.305168854236602783e+03	2.980000000000000071e+01
1.307630412101745605e+03	2.980000000000000071e+01
1.310093630313873291e+03	2.985999999999999943e+01
1.312556269645690918e+03	2.985999999999999943e+01
1.315019160032272339e+03	2.980000000000000071e+01
1.317481514930725098e+03	2.985999999999999943e+01
1.319943735361099243e+03	2.982999999999999829e+01
1.322406546354293823e+03	2.985999999999999943e+01
1.324869040250778198e+03	2.985999999999999943e+01
1.327331256151199341e+03	2.982999999999999829e+01
1.329793664932250977e+03	2.982999999999999829e+01
1.332256757736206055e+03	2.982999999999999829e+01
1.334719894886016846e+03	2.976000000000000156e+01
1.337181344985961914e+03	2.976000000000000156e+01
1.339644082784652710e+03	2.980000000000000071e+01
1.342107455730438232e+03	2.980000000000000071e+01
1.344570179462432861e+03	2.980000000000000071e+01
1.347031521797180176e+03	2.982999999999999829e+01
1.349495231866836548e+03	2.982999999999999829e+01
1.351957935333251953e+03	2.982999999999999829e+01
1.354420604467391968e+03	2.982999999999999829e+01
1.356883021116256714e+03	2.982999999999999829e+01
1.359344498872756958e+03	2.982999999999999829e+01
1.361807592868804932e+03	2.985999999999999943e+01
1.364269948482513428e+03	2.982999999999999829e+01
1.366732351303100586e+03	2.982999999999999829e+01
1.369195205450057983e+03	2.982999999999999829e+01
1.371657470703125000e+03	2.980000000000000071e+01
1.374120187044143677e+03	2.982999999999999829e+01
1.376583397626876831e+03	2.982999999999999829e+01
1.379045511245727539e+03	2.980000000000000071e+01
1.381508229494094849e+03	2.976000000000000156e+01
1.383970425605773926e+03	2.980000000000000071e+01
1.386433778762817383e+03	2.980000000000000071e+01
1.388895442008972168e+03	2.976000000000000156e+01
1.391359033823013306e+03	2.976000000000000156e+01
1.393820835590362549e+03	2.973000000000000043e+01
1.396284170150756836e+03	2.980000000000000071e+01
1.398746405363082886e+03	2.980000000000000071e+01
1.401209246873855591e+03	2.982999999999999829e+01
1.403671340227127075e+03	2.976000000000000156e+01
1.406134604454040527e+03	2.980000000000000071e+01
1.408596224069595337e+03	2.982999999999999829e+01
1.411059562921524048e+03	2.982999999999999829e+01
1.413521323442459106e+03	2.982999999999999829e+01
1.415984135866165161e+03	2.985999999999999943e+01
1.418447382688522339e+03	2.985999999999999943e+01
1.420910341978073120e+03	2.982999999999999829e+01
1.423372699260711670e+03	2.982999999999999829e+01
1.425834926843643188e+03	2.982999999999999829e+01
1.428296861886978149e+03	2.982999999999999829e+01
1.430759824752807617e+03	2.980000000000000071e+01
1.433222956895828247e+03	2.980000000000000071e+01
1.435685334682464600e+03	2.980000000000000071e+01
1.438147386789321899e+03	2.976000000000000156e+01
1.440609998226165771e+03	2.976000000000000156e+01
1.443073194503784180e+03	2.976000000000000156e+01
1.445535444736480713e+03	2.976000000000000156e+01
1.447997272491455078e+03	2.980000000000000071e+01
1.450460851430892944e+03	2.976000000000000156e+01
1.452922979593276978e+03	2.980000000000000071e+01
1.455386300325393677e+03	2.980000000000000071e+01
1.457848705530166626e+03	2.982999999999999829e+01
1.460310556411743164e+03	2.982999999999999829e+01
1.462773027181625366e+03	2.982999999999999829e+01
1.465236220121383667e+03	2.982999999999999829e+01
1.467698929071426392e+03	2.985999999999999943e+01
1.470161211967468262e+03	2.985999999999999943e+01
1.472623047828674316e+03	2.985999999999999943e+01
1.475086879491806030e+03	2.985999999999999943e+01
