# 20220727
# time			temp			
0.000000000000000000e+00	2.982999999999999829e+01
2.463220357894897461e+00	2.982999999999999829e+01
4.924430131912231445e+00	2.980000000000000071e+01
7.388128757476806641e+00	2.985999999999999943e+01
9.850714683532714844e+00	2.982999999999999829e+01
1.231306314468383789e+01	2.982999999999999829e+01
1.477624726295471191e+01	2.982999999999999829e+01
1.723816108703613281e+01	2.985999999999999943e+01
1.970067238807678223e+01	2.982999999999999829e+01
2.216394734382629395e+01	2.985999999999999943e+01
2.462582921981811523e+01	2.985999999999999943e+01
2.708843326568603516e+01	2.985999999999999943e+01
2.955158615112304688e+01	2.985999999999999943e+01
3.201438927650451660e+01	2.985999999999999943e+01
3.447645664215087891e+01	2.989999999999999858e+01
3.693952822685241699e+01	2.989999999999999858e+01
3.940238809585571289e+01	2.982999999999999829e+01
4.186476540565490723e+01	2.985999999999999943e+01
4.432736134529113770e+01	2.985999999999999943e+01
4.678971076011657715e+01	2.985999999999999943e+01
4.925190901756286621e+01	2.982999999999999829e+01
5.171463131904602051e+01	2.985999999999999943e+01
5.417732191085815430e+01	2.985999999999999943e+01
5.663990211486816406e+01	2.992999999999999972e+01
5.910224080085754395e+01	2.982999999999999829e+01
6.156558918952941895e+01	2.989999999999999858e+01
6.402820348739624023e+01	2.985999999999999943e+01
6.649038815498352051e+01	2.989999999999999858e+01
6.895322799682617188e+01	2.985999999999999943e+01
7.141562438011169434e+01	2.989999999999999858e+01
7.387886953353881836e+01	2.989999999999999858e+01
7.634049725532531738e+01	2.985999999999999943e+01
7.880364751815795898e+01	2.989999999999999858e+01
8.126608920097351074e+01	2.989999999999999858e+01
8.372859263420104980e+01	2.992999999999999972e+01
8.619162082672119141e+01	2.985999999999999943e+01
8.865473413467407227e+01	2.985999999999999943e+01
9.111684107780456543e+01	2.985999999999999943e+01
9.357870078086853027e+01	2.985999999999999943e+01
9.604240798950195312e+01	2.985999999999999943e+01
9.850489354133605957e+01	2.985999999999999943e+01
1.009670641422271729e+02	2.989999999999999858e+01
1.034295902252197266e+02	2.989999999999999858e+01
1.058917942047119141e+02	2.992999999999999972e+01
1.083550975322723389e+02	2.989999999999999858e+01
1.108179137706756592e+02	2.989999999999999858e+01
1.132807729244232178e+02	2.989999999999999858e+01
1.157425715923309326e+02	2.985999999999999943e+01
1.182058796882629395e+02	2.985999999999999943e+01
1.206682579517364502e+02	2.989999999999999858e+01
1.231312172412872314e+02	2.982999999999999829e+01
1.255929701328277588e+02	2.982999999999999829e+01
1.280557894706726074e+02	2.985999999999999943e+01
1.305182938575744629e+02	2.982999999999999829e+01
1.329806303977966309e+02	2.985999999999999943e+01
1.354430606365203857e+02	2.980000000000000071e+01
1.379064857959747314e+02	2.980000000000000071e+01
1.403694901466369629e+02	2.982999999999999829e+01
1.428318302631378174e+02	2.980000000000000071e+01
1.452940022945404053e+02	2.985999999999999943e+01
1.477571909427642822e+02	2.982999999999999829e+01
1.502191274166107178e+02	2.980000000000000071e+01
1.526818537712097168e+02	2.982999999999999829e+01
1.551446018218994141e+02	2.982999999999999829e+01
1.576068892478942871e+02	2.985999999999999943e+01
1.600701355934143066e+02	2.982999999999999829e+01
1.625319213867187500e+02	2.985999999999999943e+01
1.649950084686279297e+02	2.985999999999999943e+01
1.674580392837524414e+02	2.989999999999999858e+01
1.699200518131256104e+02	2.989999999999999858e+01
1.723831617832183838e+02	2.992999999999999972e+01
1.748452062606811523e+02	2.989999999999999858e+01
1.773084156513214111e+02	2.989999999999999858e+01
1.797704057693481445e+02	2.989999999999999858e+01
1.822334871292114258e+02	2.989999999999999858e+01
1.846957511901855469e+02	2.985999999999999943e+01
1.871584141254425049e+02	2.989999999999999858e+01
1.896210696697235107e+02	2.989999999999999858e+01
1.920836389064788818e+02	2.989999999999999858e+01
1.945466411113739014e+02	2.989999999999999858e+01
1.970088496208190918e+02	2.985999999999999943e+01
1.994713933467864990e+02	2.989999999999999858e+01
2.019341716766357422e+02	2.982999999999999829e+01
2.043964850902557373e+02	2.985999999999999943e+01
2.068594112396240234e+02	2.989999999999999858e+01
2.093224377632141113e+02	2.982999999999999829e+01
2.117839970588684082e+02	2.985999999999999943e+01
2.142469823360443115e+02	2.982999999999999829e+01
2.167096831798553467e+02	2.982999999999999829e+01
2.191725914478302002e+02	2.989999999999999858e+01
2.216354386806488037e+02	2.982999999999999829e+01
2.240974543094635010e+02	2.985999999999999943e+01
2.265598247051239014e+02	2.985999999999999943e+01
2.290234234333038330e+02	2.985999999999999943e+01
2.314857020378112793e+02	2.989999999999999858e+01
2.339480948448181152e+02	2.985999999999999943e+01
2.364103698730468750e+02	2.985999999999999943e+01
2.388732786178588867e+02	2.985999999999999943e+01
2.413357970714569092e+02	2.985999999999999943e+01
2.437983572483062744e+02	2.985999999999999943e+01
2.462605423927307129e+02	2.985999999999999943e+01
2.487232108116149902e+02	2.985999999999999943e+01
2.511863794326782227e+02	2.985999999999999943e+01
2.536485295295715332e+02	2.989999999999999858e+01
2.561111845970153809e+02	2.985999999999999943e+01
2.585735244750976562e+02	2.989999999999999858e+01
2.610373170375823975e+02	2.985999999999999943e+01
2.634996128082275391e+02	2.989999999999999858e+01
2.659624102115631104e+02	2.985999999999999943e+01
2.684242923259735107e+02	2.982999999999999829e+01
2.708871374130249023e+02	2.985999999999999943e+01
2.733492808341979980e+02	2.985999999999999943e+01
2.758128461837768555e+02	2.985999999999999943e+01
2.782754969596862793e+02	2.982999999999999829e+01
2.807374653816223145e+02	2.985999999999999943e+01
2.832004506587982178e+02	2.985999999999999943e+01
2.856635148525238037e+02	2.980000000000000071e+01
2.881253094673156738e+02	2.989999999999999858e+01
2.905877883434295654e+02	2.985999999999999943e+01
2.930503158569335938e+02	2.985999999999999943e+01
2.955128107070922852e+02	2.982999999999999829e+01
2.979759669303894043e+02	2.985999999999999943e+01
3.004385855197906494e+02	2.989999999999999858e+01
3.029006235599517822e+02	2.985999999999999943e+01
3.053633363246917725e+02	2.989999999999999858e+01
3.078266158103942871e+02	2.989999999999999858e+01
3.102893218994140625e+02	2.985999999999999943e+01
3.127507526874542236e+02	2.985999999999999943e+01
3.152141594886779785e+02	2.992999999999999972e+01
3.176763010025024414e+02	2.985999999999999943e+01
3.201388292312622070e+02	2.989999999999999858e+01
3.226016130447387695e+02	2.989999999999999858e+01
3.250640289783477783e+02	2.985999999999999943e+01
3.275275092124938965e+02	2.992999999999999972e+01
3.299900054931640625e+02	2.989999999999999858e+01
3.324528093338012695e+02	2.985999999999999943e+01
3.349149029254913330e+02	2.985999999999999943e+01
3.373774144649505615e+02	2.985999999999999943e+01
3.398398923873901367e+02	2.989999999999999858e+01
3.423035051822662354e+02	2.989999999999999858e+01
3.447655112743377686e+02	2.989999999999999858e+01
3.472282712459564209e+02	2.989999999999999858e+01
3.496903016567230225e+02	2.985999999999999943e+01
3.521535694599151611e+02	2.989999999999999858e+01
3.546158111095428467e+02	2.989999999999999858e+01
3.570782341957092285e+02	2.989999999999999858e+01
3.595412030220031738e+02	2.985999999999999943e+01
3.620036063194274902e+02	2.989999999999999858e+01
3.644667787551879883e+02	2.985999999999999943e+01
3.669293093681335449e+02	2.985999999999999943e+01
3.693913671970367432e+02	2.982999999999999829e+01
3.718546307086944580e+02	2.989999999999999858e+01
3.743163936138153076e+02	2.989999999999999858e+01
3.767786827087402344e+02	2.989999999999999858e+01
3.792419953346252441e+02	2.985999999999999943e+01
3.817041590213775635e+02	2.989999999999999858e+01
3.841665689945220947e+02	2.985999999999999943e+01
3.866302757263183594e+02	2.989999999999999858e+01
3.890921323299407959e+02	2.989999999999999858e+01
3.915549902915954590e+02	2.989999999999999858e+01
3.940173788070678711e+02	2.985999999999999943e+01
3.964806447029113770e+02	2.992999999999999972e+01
3.989433934688568115e+02	2.989999999999999858e+01
4.014054605960845947e+02	2.989999999999999858e+01
4.038679423332214355e+02	2.989999999999999858e+01
4.063306386470794678e+02	2.992999999999999972e+01
4.087930986881256104e+02	2.989999999999999858e+01
4.112564380168914795e+02	2.992999999999999972e+01
4.137192485332489014e+02	2.989999999999999858e+01
4.161811535358428955e+02	2.992999999999999972e+01
4.186437902450561523e+02	2.985999999999999943e+01
4.211066622734069824e+02	2.982999999999999829e+01
4.235690095424652100e+02	2.989999999999999858e+01
4.260313870906829834e+02	2.989999999999999858e+01
4.284936592578887939e+02	2.989999999999999858e+01
4.309566760063171387e+02	2.989999999999999858e+01
4.334193172454833984e+02	2.985999999999999943e+01
4.358815648555755615e+02	2.989999999999999858e+01
4.383445467948913574e+02	2.982999999999999829e+01
4.408075571060180664e+02	2.989999999999999858e+01
4.432697331905364990e+02	2.989999999999999858e+01
4.457330472469329834e+02	2.989999999999999858e+01
4.481946907043457031e+02	2.985999999999999943e+01
4.506574723720550537e+02	2.985999999999999943e+01
4.531207346916198730e+02	2.985999999999999943e+01
4.555828671455383301e+02	2.982999999999999829e+01
4.580450389385223389e+02	2.985999999999999943e+01
4.605080161094665527e+02	2.982999999999999829e+01
4.629704799652099609e+02	2.985999999999999943e+01
4.654335720539093018e+02	2.985999999999999943e+01
4.678962306976318359e+02	2.982999999999999829e+01
4.703590109348297119e+02	2.982999999999999829e+01
4.728213169574737549e+02	2.982999999999999829e+01
4.752832472324371338e+02	2.985999999999999943e+01
4.777467262744903564e+02	2.985999999999999943e+01
4.802092776298522949e+02	2.985999999999999943e+01
4.826721248626708984e+02	2.982999999999999829e+01
4.851341557502746582e+02	2.985999999999999943e+01
4.875966753959655762e+02	2.982999999999999829e+01
4.900600361824035645e+02	2.982999999999999829e+01
4.925224905014038086e+02	2.982999999999999829e+01
4.949844501018524170e+02	2.982999999999999829e+01
4.974473664760589600e+02	2.985999999999999943e+01
4.999103689193725586e+02	2.982999999999999829e+01
5.023724932670593262e+02	2.982999999999999829e+01
5.048353462219238281e+02	2.982999999999999829e+01
5.072980923652648926e+02	2.982999999999999829e+01
5.097599740028381348e+02	2.985999999999999943e+01
5.122229773998260498e+02	2.985999999999999943e+01
5.146856176853179932e+02	2.985999999999999943e+01
5.171484420299530029e+02	2.989999999999999858e+01
5.196105270385742188e+02	2.985999999999999943e+01
5.220737941265106201e+02	2.992999999999999972e+01
5.245363273620605469e+02	2.989999999999999858e+01
5.269987058639526367e+02	2.992999999999999972e+01
5.294618456363677979e+02	2.989999999999999858e+01
5.319237759113311768e+02	2.985999999999999943e+01
5.343866713047027588e+02	2.989999999999999858e+01
5.368493931293487549e+02	2.989999999999999858e+01
5.393126440048217773e+02	2.992999999999999972e+01
5.417749102115631104e+02	2.989999999999999858e+01
5.442367467880249023e+02	2.989999999999999858e+01
5.466996874809265137e+02	2.989999999999999858e+01
5.491623554229736328e+02	2.989999999999999858e+01
5.516253254413604736e+02	2.982999999999999829e+01
5.540880482196807861e+02	2.985999999999999943e+01
5.565506172180175781e+02	2.989999999999999858e+01
5.590131685733795166e+02	2.985999999999999943e+01
5.614759747982025146e+02	2.982999999999999829e+01
5.639384412765502930e+02	2.985999999999999943e+01
5.664008398056030273e+02	2.989999999999999858e+01
5.688633348941802979e+02	2.985999999999999943e+01
5.713264999389648438e+02	2.982999999999999829e+01
5.737888076305389404e+02	2.985999999999999943e+01
5.762510540485382080e+02	2.982999999999999829e+01
5.787135453224182129e+02	2.982999999999999829e+01
5.811771476268768311e+02	2.985999999999999943e+01
5.836394958496093750e+02	2.985999999999999943e+01
5.861020152568817139e+02	2.985999999999999943e+01
5.885643854141235352e+02	2.985999999999999943e+01
5.910264272689819336e+02	2.985999999999999943e+01
5.934896519184112549e+02	2.985999999999999943e+01
5.959515016078948975e+02	2.985999999999999943e+01
5.984146785736083984e+02	2.985999999999999943e+01
6.008772027492523193e+02	2.985999999999999943e+01
6.033395383358001709e+02	2.989999999999999858e+01
6.058023700714111328e+02	2.985999999999999943e+01
6.082654001712799072e+02	2.982999999999999829e+01
6.107277636528015137e+02	2.985999999999999943e+01
6.131905512809753418e+02	2.985999999999999943e+01
6.156527819633483887e+02	2.985999999999999943e+01
6.181150383949279785e+02	2.985999999999999943e+01
6.205783724784851074e+02	2.982999999999999829e+01
6.230407757759094238e+02	2.985999999999999943e+01
6.255032346248626709e+02	2.982999999999999829e+01
6.279660663604736328e+02	2.982999999999999829e+01
6.304286110401153564e+02	2.985999999999999943e+01
6.328904876708984375e+02	2.980000000000000071e+01
6.353535389900207520e+02	2.982999999999999829e+01
6.378167743682861328e+02	2.982999999999999829e+01
6.402782759666442871e+02	2.982999999999999829e+01
6.427419922351837158e+02	2.982999999999999829e+01
6.452034556865692139e+02	2.985999999999999943e+01
6.476668646335601807e+02	2.982999999999999829e+01
6.501298696994781494e+02	2.982999999999999829e+01
6.525914344787597656e+02	2.985999999999999943e+01
6.550546998977661133e+02	2.985999999999999943e+01
6.575171163082122803e+02	2.982999999999999829e+01
6.599800372123718262e+02	2.985999999999999943e+01
6.624419443607330322e+02	2.982999999999999829e+01
6.649044988155364990e+02	2.989999999999999858e+01
6.673678770065307617e+02	2.985999999999999943e+01
6.698301804065704346e+02	2.985999999999999943e+01
6.722932312488555908e+02	2.989999999999999858e+01
6.747552874088287354e+02	2.992999999999999972e+01
6.772182841300964355e+02	2.989999999999999858e+01
6.796803040504455566e+02	2.989999999999999858e+01
6.821437304019927979e+02	2.985999999999999943e+01
6.846057920455932617e+02	2.982999999999999829e+01
6.870682518482208252e+02	2.989999999999999858e+01
6.895305311679840088e+02	2.985999999999999943e+01
6.919939606189727783e+02	2.985999999999999943e+01
6.944559314250946045e+02	2.989999999999999858e+01
6.969185953140258789e+02	2.985999999999999943e+01
6.993810901641845703e+02	2.985999999999999943e+01
7.018436791896820068e+02	2.985999999999999943e+01
7.043069081306457520e+02	2.985999999999999943e+01
7.067690756320953369e+02	2.985999999999999943e+01
7.092321546077728271e+02	2.985999999999999943e+01
7.116939802169799805e+02	2.989999999999999858e+01
7.141574420928955078e+02	2.989999999999999858e+01
7.166195867061614990e+02	2.985999999999999943e+01
7.190825088024139404e+02	2.985999999999999943e+01
7.215446131229400635e+02	2.985999999999999943e+01
7.240073010921478271e+02	2.985999999999999943e+01
7.264698555469512939e+02	2.982999999999999829e+01
7.289328439235687256e+02	2.985999999999999943e+01
7.313946893215179443e+02	2.989999999999999858e+01
7.338577096462249756e+02	2.985999999999999943e+01
7.363198297023773193e+02	2.985999999999999943e+01
7.387831513881683350e+02	2.985999999999999943e+01
7.412451186180114746e+02	2.985999999999999943e+01
7.437077071666717529e+02	2.989999999999999858e+01
7.461710402965545654e+02	2.989999999999999858e+01
7.486327612400054932e+02	2.985999999999999943e+01
7.510961041450500488e+02	2.982999999999999829e+01
7.535584013462066650e+02	2.989999999999999858e+01
7.560216631889343262e+02	2.985999999999999943e+01
7.584834513664245605e+02	2.982999999999999829e+01
7.609467422962188721e+02	2.989999999999999858e+01
7.634093942642211914e+02	2.985999999999999943e+01
7.658712835311889648e+02	2.985999999999999943e+01
7.683344295024871826e+02	2.985999999999999943e+01
7.707969119548797607e+02	2.985999999999999943e+01
7.732592213153839111e+02	2.982999999999999829e+01
7.757221498489379883e+02	2.985999999999999943e+01
7.781845254898071289e+02	2.982999999999999829e+01
7.806464526653289795e+02	2.982999999999999829e+01
7.831100721359252930e+02	2.985999999999999943e+01
7.855724508762359619e+02	2.985999999999999943e+01
7.880345864295959473e+02	2.982999999999999829e+01
7.904978229999542236e+02	2.982999999999999829e+01
7.929605710506439209e+02	2.980000000000000071e+01
7.954224829673767090e+02	2.985999999999999943e+01
7.978846554756164551e+02	2.989999999999999858e+01
8.003486526012420654e+02	2.989999999999999858e+01
8.028110432624816895e+02	2.989999999999999858e+01
8.052728071212768555e+02	2.985999999999999943e+01
8.077362580299377441e+02	2.989999999999999858e+01
8.101982972621917725e+02	2.985999999999999943e+01
8.126615819931030273e+02	2.982999999999999829e+01
8.151240334510803223e+02	2.985999999999999943e+01
8.175862431526184082e+02	2.982999999999999829e+01
8.200487270355224609e+02	2.985999999999999943e+01
8.225119297504425049e+02	2.982999999999999829e+01
8.249745044708251953e+02	2.989999999999999858e+01
8.274372446537017822e+02	2.982999999999999829e+01
8.298998122215270996e+02	2.985999999999999943e+01
8.323618195056915283e+02	2.985999999999999943e+01
8.348241255283355713e+02	2.989999999999999858e+01
8.372866075038909912e+02	2.989999999999999858e+01
8.397492063045501709e+02	2.985999999999999943e+01
8.422116534709930420e+02	2.989999999999999858e+01
8.446745028495788574e+02	2.985999999999999943e+01
8.471378149986267090e+02	2.989999999999999858e+01
8.495998504161834717e+02	2.989999999999999858e+01
8.520629355907440186e+02	2.989999999999999858e+01
8.545250151157379150e+02	2.985999999999999943e+01
8.569875004291534424e+02	2.989999999999999858e+01
8.594508540630340576e+02	2.982999999999999829e+01
8.619134061336517334e+02	2.985999999999999943e+01
8.643758227825164795e+02	2.985999999999999943e+01
8.668389976024627686e+02	2.985999999999999943e+01
8.693012375831604004e+02	2.985999999999999943e+01
8.717635569572448730e+02	2.985999999999999943e+01
8.742262933254241943e+02	2.985999999999999943e+01
8.766888453960418701e+02	2.982999999999999829e+01
8.791508553028106689e+02	2.982999999999999829e+01
8.816142702102661133e+02	2.985999999999999943e+01
8.840770633220672607e+02	2.985999999999999943e+01
8.865394017696380615e+02	2.985999999999999943e+01
8.890022878646850586e+02	2.989999999999999858e+01
8.914645812511444092e+02	2.989999999999999858e+01
8.939274125099182129e+02	2.989999999999999858e+01
8.963892059326171875e+02	2.985999999999999943e+01
8.988516604900360107e+02	2.985999999999999943e+01
9.013152503967285156e+02	2.989999999999999858e+01
9.037773857116699219e+02	2.982999999999999829e+01
9.062401037216186523e+02	2.985999999999999943e+01
9.087025802135467529e+02	2.985999999999999943e+01
9.111651535034179688e+02	2.985999999999999943e+01
9.136277306079864502e+02	2.982999999999999829e+01
9.160906870365142822e+02	2.985999999999999943e+01
9.185529050827026367e+02	2.982999999999999829e+01
9.210160598754882812e+02	2.980000000000000071e+01
9.234788291454315186e+02	2.985999999999999943e+01
9.259403657913208008e+02	2.982999999999999829e+01
9.284036891460418701e+02	2.985999999999999943e+01
9.308663218021392822e+02	2.985999999999999943e+01
9.333288288116455078e+02	2.985999999999999943e+01
9.357913818359375000e+02	2.989999999999999858e+01
9.382534847259521484e+02	2.985999999999999943e+01
9.407167181968688965e+02	2.982999999999999829e+01
9.431794624328613281e+02	2.989999999999999858e+01
9.456414990425109863e+02	2.982999999999999829e+01
9.481047673225402832e+02	2.985999999999999943e+01
9.505668585300445557e+02	2.985999999999999943e+01
9.530292139053344727e+02	2.982999999999999829e+01
9.554925975799560547e+02	2.985999999999999943e+01
9.579548108577728271e+02	2.982999999999999829e+01
9.604172697067260742e+02	2.982999999999999829e+01
9.628804163932800293e+02	2.982999999999999829e+01
9.653426191806793213e+02	2.982999999999999829e+01
9.678049201965332031e+02	2.985999999999999943e+01
9.702683792114257812e+02	2.989999999999999858e+01
9.727303428649902344e+02	2.989999999999999858e+01
9.751932890415191650e+02	2.985999999999999943e+01
9.776551246643066406e+02	2.985999999999999943e+01
9.801181182861328125e+02	2.989999999999999858e+01
9.825816402435302734e+02	2.989999999999999858e+01
9.850432944297790527e+02	2.992999999999999972e+01
9.875066578388214111e+02	2.989999999999999858e+01
9.899686183929443359e+02	2.992999999999999972e+01
9.924312357902526855e+02	2.989999999999999858e+01
9.948943715095520020e+02	2.989999999999999858e+01
9.973564910888671875e+02	2.989999999999999858e+01
9.998189420700073242e+02	2.989999999999999858e+01
1.002282442808151245e+03	2.992999999999999972e+01
1.004744106054306030e+03	2.989999999999999858e+01
1.007207434654235840e+03	2.989999999999999858e+01
1.009669355869293213e+03	2.989999999999999858e+01
1.012132270812988281e+03	2.992999999999999972e+01
1.014595094680786133e+03	2.989999999999999858e+01
1.017057128429412842e+03	2.980000000000000071e+01
1.019519921302795410e+03	2.985999999999999943e+01
1.021983143806457520e+03	2.989999999999999858e+01
1.024445456266403198e+03	2.989999999999999858e+01
1.026908367395401001e+03	2.989999999999999858e+01
1.029370663642883301e+03	2.985999999999999943e+01
1.031833611488342285e+03	2.985999999999999943e+01
1.034295020341873169e+03	2.985999999999999943e+01
1.036758049011230469e+03	2.985999999999999943e+01
1.039220762014389038e+03	2.985999999999999943e+01
1.041683115482330322e+03	2.985999999999999943e+01
1.044146106481552124e+03	2.985999999999999943e+01
1.046609172344207764e+03	2.985999999999999943e+01
1.049072056770324707e+03	2.985999999999999943e+01
1.051533797979354858e+03	2.989999999999999858e+01
1.053996737480163574e+03	2.989999999999999858e+01
1.056458756446838379e+03	2.982999999999999829e+01
1.058922289133071899e+03	2.985999999999999943e+01
1.061384457111358643e+03	2.985999999999999943e+01
1.063847561836242676e+03	2.985999999999999943e+01
1.066309409379959106e+03	2.985999999999999943e+01
1.068772773504257202e+03	2.985999999999999943e+01
1.071235040187835693e+03	2.985999999999999943e+01
1.073697305202484131e+03	2.982999999999999829e+01
1.076160384893417358e+03	2.985999999999999943e+01
1.078622648715972900e+03	2.985999999999999943e+01
1.081085866451263428e+03	2.985999999999999943e+01
1.083547438144683838e+03	2.985999999999999943e+01
1.086010033369064331e+03	2.985999999999999943e+01
1.088473397970199585e+03	2.985999999999999943e+01
1.090935968875885010e+03	2.985999999999999943e+01
1.093397955417633057e+03	2.985999999999999943e+01
1.095860507488250732e+03	2.985999999999999943e+01
1.098323419094085693e+03	2.985999999999999943e+01
1.100785967350006104e+03	2.982999999999999829e+01
1.103249013662338257e+03	2.982999999999999829e+01
1.105710832118988037e+03	2.985999999999999943e+01
1.108173513412475586e+03	2.985999999999999943e+01
1.110636629104614258e+03	2.985999999999999943e+01
1.113099712371826172e+03	2.985999999999999943e+01
1.115562299013137817e+03	2.989999999999999858e+01
1.118024357557296753e+03	2.985999999999999943e+01
1.120486424684524536e+03	2.989999999999999858e+01
1.122949455261230469e+03	2.989999999999999858e+01
1.125412225246429443e+03	2.985999999999999943e+01
1.127874986171722412e+03	2.989999999999999858e+01
1.130337549686431885e+03	2.989999999999999858e+01
1.132800343990325928e+03	2.982999999999999829e+01
1.135262747764587402e+03	2.985999999999999943e+01
1.137725363969802856e+03	2.985999999999999943e+01
1.140188356637954712e+03	2.985999999999999943e+01
1.142650550603866577e+03	2.985999999999999943e+01
1.145113276243209839e+03	2.985999999999999943e+01
1.147575644731521606e+03	2.989999999999999858e+01
1.150038918256759644e+03	2.985999999999999943e+01
1.152501513719558716e+03	2.985999999999999943e+01
1.154964209318161011e+03	2.985999999999999943e+01
1.157425764322280884e+03	2.982999999999999829e+01
1.159889021635055542e+03	2.985999999999999943e+01
1.162351660728454590e+03	2.985999999999999943e+01
1.164814249515533447e+03	2.982999999999999829e+01
1.167276326656341553e+03	2.985999999999999943e+01
1.169739268302917480e+03	2.985999999999999943e+01
1.172201782941818237e+03	2.982999999999999829e+01
1.174664637565612793e+03	2.985999999999999943e+01
1.177127031087875366e+03	2.985999999999999943e+01
1.179589696168899536e+03	2.985999999999999943e+01
1.182052672863006592e+03	2.982999999999999829e+01
1.184515134572982788e+03	2.989999999999999858e+01
1.186977158308029175e+03	2.985999999999999943e+01
1.189440300464630127e+03	2.985999999999999943e+01
1.191902114391326904e+03	2.985999999999999943e+01
1.194364719152450562e+03	2.982999999999999829e+01
1.196827395200729370e+03	2.985999999999999943e+01
1.199290627241134644e+03	2.989999999999999858e+01
1.201752918958663940e+03	2.989999999999999858e+01
1.204215300559997559e+03	2.989999999999999858e+01
1.206678406238555908e+03	2.985999999999999943e+01
1.209141482114791870e+03	2.989999999999999858e+01
1.211603265523910522e+03	2.989999999999999858e+01
1.214065717935562134e+03	2.989999999999999858e+01
1.216528219461441040e+03	2.989999999999999858e+01
1.218990975379943848e+03	2.985999999999999943e+01
1.221453993797302246e+03	2.985999999999999943e+01
1.223916614770889282e+03	2.985999999999999943e+01
1.226379714965820312e+03	2.982999999999999829e+01
1.228841926574707031e+03	2.982999999999999829e+01
1.231304776191711426e+03	2.982999999999999829e+01
1.233767437458038330e+03	2.985999999999999943e+01
1.236229973316192627e+03	2.985999999999999943e+01
1.238692674160003662e+03	2.982999999999999829e+01
1.241155125617980957e+03	2.982999999999999829e+01
1.243617501974105835e+03	2.982999999999999829e+01
1.246080280780792236e+03	2.985999999999999943e+01
1.248542847156524658e+03	2.985999999999999943e+01
1.251005350351333618e+03	2.985999999999999943e+01
1.253467616319656372e+03	2.985999999999999943e+01
1.255930386543273926e+03	2.985999999999999943e+01
1.258392727136611938e+03	2.985999999999999943e+01
1.260856159925460815e+03	2.985999999999999943e+01
1.263318377971649170e+03	2.985999999999999943e+01
1.265780678272247314e+03	2.989999999999999858e+01
1.268243404388427734e+03	2.989999999999999858e+01
1.270707082986831665e+03	2.985999999999999943e+01
1.273168654680252075e+03	2.992999999999999972e+01
1.275631773233413696e+03	2.985999999999999943e+01
1.278094303846359253e+03	2.989999999999999858e+01
1.280556310415267944e+03	2.982999999999999829e+01
1.283018868923187256e+03	2.982999999999999829e+01
1.285481498241424561e+03	2.985999999999999943e+01
1.287944841146469116e+03	2.982999999999999829e+01
1.290406547307968140e+03	2.989999999999999858e+01
1.292869220018386841e+03	2.985999999999999943e+01
1.295332706689834595e+03	2.985999999999999943e+01
1.297794740438461304e+03	2.985999999999999943e+01
1.300257071018218994e+03	2.985999999999999943e+01
1.302719919443130493e+03	2.982999999999999829e+01
1.305181889772415161e+03	2.989999999999999858e+01
1.307644989490509033e+03	2.982999999999999829e+01
1.310107455253601074e+03	2.982999999999999829e+01
1.312569641828536987e+03	2.985999999999999943e+01
1.315033002853393555e+03	2.985999999999999943e+01
1.317495898485183716e+03	2.982999999999999829e+01
1.319957732915878296e+03	2.982999999999999829e+01
1.322421300649642944e+03	2.982999999999999829e+01
1.324883702039718628e+03	2.982999999999999829e+01
1.327346546649932861e+03	2.985999999999999943e+01
1.329808221340179443e+03	2.985999999999999943e+01
1.332271358251571655e+03	2.985999999999999943e+01
1.334734381437301636e+03	2.982999999999999829e+01
1.337196479797363281e+03	2.985999999999999943e+01
1.339659511804580688e+03	2.989999999999999858e+01
1.342122004508972168e+03	2.985999999999999943e+01
1.344584189414978027e+03	2.985999999999999943e+01
1.347047331571578979e+03	2.989999999999999858e+01
1.349509616374969482e+03	2.989999999999999858e+01
1.351972482681274414e+03	2.985999999999999943e+01
1.354434841156005859e+03	2.985999999999999943e+01
1.356897166967391968e+03	2.985999999999999943e+01
1.359359686136245728e+03	2.989999999999999858e+01
1.361821886539459229e+03	2.985999999999999943e+01
1.364285179376602173e+03	2.985999999999999943e+01
1.366747382879257202e+03	2.989999999999999858e+01
1.369210674524307251e+03	2.989999999999999858e+01
1.371672344207763672e+03	2.989999999999999858e+01
1.374135163545608521e+03	2.985999999999999943e+01
1.376597790241241455e+03	2.985999999999999943e+01
1.379060985565185547e+03	2.982999999999999829e+01
1.381523170232772827e+03	2.985999999999999943e+01
1.383985269546508789e+03	2.982999999999999829e+01
1.386448325634002686e+03	2.985999999999999943e+01
1.388910890102386475e+03	2.985999999999999943e+01
1.391372954368591309e+03	2.985999999999999943e+01
1.393836600303649902e+03	2.985999999999999943e+01
1.396298301219940186e+03	2.985999999999999943e+01
1.398760900497436523e+03	2.985999999999999943e+01
1.401224317312240601e+03	2.989999999999999858e+01
1.403686293125152588e+03	2.989999999999999858e+01
1.406148903846740723e+03	2.989999999999999858e+01
1.408611585855484009e+03	2.989999999999999858e+01
1.411074433088302612e+03	2.989999999999999858e+01
1.413536655426025391e+03	2.989999999999999858e+01
1.415998488187789917e+03	2.985999999999999943e+01
1.418462570428848267e+03	2.989999999999999858e+01
1.420924754858016968e+03	2.985999999999999943e+01
1.423386770725250244e+03	2.985999999999999943e+01
1.425850299358367920e+03	2.989999999999999858e+01
1.428312798976898193e+03	2.985999999999999943e+01
1.430775651216506958e+03	2.985999999999999943e+01
1.433237835884094238e+03	2.982999999999999829e+01
1.435699656248092651e+03	2.982999999999999829e+01
1.438162447452545166e+03	2.985999999999999943e+01
1.440625430822372437e+03	2.982999999999999829e+01
1.443088586807250977e+03	2.989999999999999858e+01
1.445551318883895874e+03	2.982999999999999829e+01
1.448013609409332275e+03	2.992999999999999972e+01
1.450475686073303223e+03	2.992999999999999972e+01
1.452938112974166870e+03	2.992999999999999972e+01
1.455400801420211792e+03	2.989999999999999858e+01
1.457864214181900024e+03	2.989999999999999858e+01
1.460327215433120728e+03	2.992999999999999972e+01
1.462788450002670288e+03	2.992999999999999972e+01
1.465252348899841309e+03	2.989999999999999858e+01
1.467714330911636353e+03	2.992999999999999972e+01
1.470177185535430908e+03	2.989999999999999858e+01
1.472639762163162231e+03	2.992999999999999972e+01
1.475102576017379761e+03	2.989999999999999858e+01
