# 20220727
# time			temp			
0.000000000000000000e+00	2.992999999999999972e+01
2.463020563125610352e+00	2.992999999999999972e+01
4.924788713455200195e+00	2.992999999999999972e+01
7.387775421142578125e+00	2.992999999999999972e+01
9.849765539169311523e+00	2.989999999999999858e+01
1.231315922737121582e+01	2.989999999999999858e+01
1.477610158920288086e+01	2.992999999999999972e+01
1.723830246925354004e+01	2.985999999999999943e+01
1.970116400718688965e+01	2.992999999999999972e+01
2.216405153274536133e+01	2.989999999999999858e+01
2.462648177146911621e+01	2.985999999999999943e+01
2.708909010887145996e+01	2.985999999999999943e+01
2.955171966552734375e+01	2.985999999999999943e+01
3.201362085342407227e+01	2.985999999999999943e+01
3.447706651687622070e+01	2.982999999999999829e+01
3.693918609619140625e+01	2.985999999999999943e+01
3.940227317810058594e+01	2.982999999999999829e+01
4.186499404907226562e+01	2.985999999999999943e+01
4.432738757133483887e+01	2.985999999999999943e+01
4.678975462913513184e+01	2.982999999999999829e+01
4.925283241271972656e+01	2.985999999999999943e+01
5.171464276313781738e+01	2.982999999999999829e+01
5.417758345603942871e+01	2.985999999999999943e+01
5.664034390449523926e+01	2.982999999999999829e+01
5.910293626785278320e+01	2.989999999999999858e+01
6.156558895111083984e+01	2.985999999999999943e+01
6.402794933319091797e+01	2.985999999999999943e+01
6.649100637435913086e+01	2.985999999999999943e+01
6.895337867736816406e+01	2.985999999999999943e+01
7.141609144210815430e+01	2.985999999999999943e+01
7.387861657142639160e+01	2.985999999999999943e+01
7.634067010879516602e+01	2.989999999999999858e+01
7.880368375778198242e+01	2.989999999999999858e+01
8.126575374603271484e+01	2.992999999999999972e+01
8.372920250892639160e+01	2.992999999999999972e+01
8.619173097610473633e+01	2.989999999999999858e+01
8.865468597412109375e+01	2.989999999999999858e+01
9.111683988571166992e+01	2.992999999999999972e+01
9.357907605171203613e+01	2.992999999999999972e+01
9.604256892204284668e+01	2.992999999999999972e+01
9.850438451766967773e+01	2.989999999999999858e+01
1.009669909477233887e+02	2.992999999999999972e+01
1.034296817779541016e+02	2.985999999999999943e+01
1.058928613662719727e+02	2.989999999999999858e+01
1.083548140525817871e+02	2.989999999999999858e+01
1.108178176879882812e+02	2.989999999999999858e+01
1.132804100513458252e+02	2.989999999999999858e+01
1.157427806854248047e+02	2.989999999999999858e+01
1.182055587768554688e+02	2.985999999999999943e+01
1.206682765483856201e+02	2.992999999999999972e+01
1.231307251453399658e+02	2.989999999999999858e+01
1.255937156677246094e+02	2.992999999999999972e+01
1.280558903217315674e+02	2.989999999999999858e+01
1.305189042091369629e+02	2.985999999999999943e+01
1.329815368652343750e+02	2.985999999999999943e+01
1.354433031082153320e+02	2.985999999999999943e+01
1.379063100814819336e+02	2.985999999999999943e+01
1.403696770668029785e+02	2.982999999999999829e+01
1.428315620422363281e+02	2.985999999999999943e+01
1.452942399978637695e+02	2.989999999999999858e+01
1.477570044994354248e+02	2.989999999999999858e+01
1.502194108963012695e+02	2.989999999999999858e+01
1.526818621158599854e+02	2.982999999999999829e+01
1.551446511745452881e+02	2.985999999999999943e+01
1.576071956157684326e+02	2.982999999999999829e+01
1.600694377422332764e+02	2.982999999999999829e+01
1.625326583385467529e+02	2.980000000000000071e+01
1.649954402446746826e+02	2.980000000000000071e+01
1.674574999809265137e+02	2.973000000000000043e+01
1.699199810028076172e+02	2.976000000000000156e+01
1.723825120925903320e+02	2.976000000000000156e+01
1.748454082012176514e+02	2.976000000000000156e+01
1.773085451126098633e+02	2.969999999999999929e+01
1.797709789276123047e+02	2.973000000000000043e+01
1.822337152957916260e+02	2.973000000000000043e+01
1.846953327655792236e+02	2.973000000000000043e+01
1.871588795185089111e+02	2.969999999999999929e+01
1.896209702491760254e+02	2.969999999999999929e+01
1.920832524299621582e+02	2.976000000000000156e+01
1.945468535423278809e+02	2.973000000000000043e+01
1.970090372562408447e+02	2.973000000000000043e+01
1.994713759422302246e+02	2.973000000000000043e+01
2.019336771965026855e+02	2.973000000000000043e+01
2.043967421054840088e+02	2.976000000000000156e+01
2.068596384525299072e+02	2.973000000000000043e+01
2.093214533329010010e+02	2.976000000000000156e+01
2.117848515510559082e+02	2.976000000000000156e+01
2.142466869354248047e+02	2.976000000000000156e+01
2.167095060348510742e+02	2.976000000000000156e+01
2.191723587512969971e+02	2.973000000000000043e+01
2.216340961456298828e+02	2.973000000000000043e+01
2.240967605113983154e+02	2.976000000000000156e+01
2.265600726604461670e+02	2.976000000000000156e+01
2.290221383571624756e+02	2.976000000000000156e+01
2.314847047328948975e+02	2.973000000000000043e+01
2.339475224018096924e+02	2.976000000000000156e+01
2.364103896617889404e+02	2.973000000000000043e+01
2.388722887039184570e+02	2.976000000000000156e+01
2.413352453708648682e+02	2.976000000000000156e+01
2.437979233264923096e+02	2.973000000000000043e+01
2.462599930763244629e+02	2.976000000000000156e+01
2.487228147983551025e+02	2.976000000000000156e+01
2.511859681606292725e+02	2.973000000000000043e+01
2.536476957798004150e+02	2.973000000000000043e+01
2.561110455989837646e+02	2.976000000000000156e+01
2.585737330913543701e+02	2.976000000000000156e+01
2.610359356403350830e+02	2.976000000000000156e+01
2.634986383914947510e+02	2.976000000000000156e+01
2.659613931179046631e+02	2.976000000000000156e+01
2.684237122535705566e+02	2.976000000000000156e+01
2.708866755962371826e+02	2.976000000000000156e+01
2.733488500118255615e+02	2.976000000000000156e+01
2.758110008239746094e+02	2.976000000000000156e+01
2.782738754749298096e+02	2.976000000000000156e+01
2.807362806797027588e+02	2.976000000000000156e+01
2.831991548538208008e+02	2.973000000000000043e+01
2.856620559692382812e+02	2.976000000000000156e+01
2.881238081455230713e+02	2.976000000000000156e+01
2.905863685607910156e+02	2.976000000000000156e+01
2.930498955249786377e+02	2.973000000000000043e+01
2.955117273330688477e+02	2.973000000000000043e+01
2.979742052555084229e+02	2.973000000000000043e+01
3.004367015361785889e+02	2.973000000000000043e+01
3.028999319076538086e+02	2.969999999999999929e+01
3.053617649078369141e+02	2.976000000000000156e+01
3.078249645233154297e+02	2.980000000000000071e+01
3.102871997356414795e+02	2.976000000000000156e+01
3.127497322559356689e+02	2.976000000000000156e+01
3.152131404876708984e+02	2.980000000000000071e+01
3.176747930049896240e+02	2.973000000000000043e+01
3.201374623775482178e+02	2.976000000000000156e+01
3.226006746292114258e+02	2.976000000000000156e+01
3.250629944801330566e+02	2.973000000000000043e+01
3.275259184837341309e+02	2.976000000000000156e+01
3.299879608154296875e+02	2.976000000000000156e+01
3.324503307342529297e+02	2.973000000000000043e+01
3.349137728214263916e+02	2.973000000000000043e+01
3.373755974769592285e+02	2.973000000000000043e+01
3.398377120494842529e+02	2.969999999999999929e+01
3.423014340400695801e+02	2.969999999999999929e+01
3.447636759281158447e+02	2.973000000000000043e+01
3.472255780696868896e+02	2.976000000000000156e+01
3.496891946792602539e+02	2.976000000000000156e+01
3.521507656574249268e+02	2.976000000000000156e+01
3.546134591102600098e+02	2.976000000000000156e+01
3.570761024951934814e+02	2.976000000000000156e+01
3.595387268066406250e+02	2.976000000000000156e+01
3.620014955997467041e+02	2.980000000000000071e+01
3.644641115665435791e+02	2.976000000000000156e+01
3.669267652034759521e+02	2.976000000000000156e+01
3.693899762630462646e+02	2.976000000000000156e+01
3.718520348072052002e+02	2.976000000000000156e+01
3.743149814605712891e+02	2.973000000000000043e+01
3.767766141891479492e+02	2.976000000000000156e+01
3.792398166656494141e+02	2.969999999999999929e+01
3.817020766735076904e+02	2.969999999999999929e+01
3.841644797325134277e+02	2.973000000000000043e+01
3.866274588108062744e+02	2.973000000000000043e+01
3.890897328853607178e+02	2.973000000000000043e+01
3.915530009269714355e+02	2.973000000000000043e+01
3.940156524181365967e+02	2.973000000000000043e+01
3.964783167839050293e+02	2.973000000000000043e+01
3.989409840106964111e+02	2.976000000000000156e+01
4.014027197360992432e+02	2.976000000000000156e+01
4.038651409149169922e+02	2.976000000000000156e+01
4.063283402919769287e+02	2.980000000000000071e+01
4.087909512519836426e+02	2.976000000000000156e+01
4.112536306381225586e+02	2.980000000000000071e+01
4.137161273956298828e+02	2.976000000000000156e+01
4.161783869266510010e+02	2.980000000000000071e+01
4.186415240764617920e+02	2.976000000000000156e+01
4.211035828590393066e+02	2.976000000000000156e+01
4.235659949779510498e+02	2.976000000000000156e+01
4.260287075042724609e+02	2.973000000000000043e+01
4.284908003807067871e+02	2.976000000000000156e+01
4.309544029235839844e+02	2.969999999999999929e+01
4.334166584014892578e+02	2.973000000000000043e+01
4.358787739276885986e+02	2.976000000000000156e+01
4.383413364887237549e+02	2.973000000000000043e+01
4.408039422035217285e+02	2.976000000000000156e+01
4.432672240734100342e+02	2.976000000000000156e+01
4.457296962738037109e+02	2.976000000000000156e+01
4.481921710968017578e+02	2.976000000000000156e+01
4.506546931266784668e+02	2.976000000000000156e+01
4.531173250675201416e+02	2.976000000000000156e+01
4.555792644023895264e+02	2.973000000000000043e+01
4.580421314239501953e+02	2.976000000000000156e+01
4.605052316188812256e+02	2.973000000000000043e+01
4.629676291942596436e+02	2.973000000000000043e+01
4.654304301738739014e+02	2.973000000000000043e+01
4.678924436569213867e+02	2.976000000000000156e+01
4.703556232452392578e+02	2.976000000000000156e+01
4.728175535202026367e+02	2.976000000000000156e+01
4.752801074981689453e+02	2.973000000000000043e+01
4.777434983253479004e+02	2.973000000000000043e+01
4.802046287059783936e+02	2.973000000000000043e+01
4.826678700447082520e+02	2.973000000000000043e+01
4.851311354637145996e+02	2.973000000000000043e+01
4.875928716659545898e+02	2.973000000000000043e+01
4.900557019710540771e+02	2.973000000000000043e+01
4.925185267925262451e+02	2.976000000000000156e+01
4.949813325405120850e+02	2.976000000000000156e+01
4.974431807994842529e+02	2.976000000000000156e+01
4.999068334102630615e+02	2.976000000000000156e+01
5.023688194751739502e+02	2.982999999999999829e+01
5.048312778472900391e+02	2.980000000000000071e+01
5.072946882247924805e+02	2.982999999999999829e+01
5.097568650245666504e+02	2.980000000000000071e+01
5.122188124656677246e+02	2.980000000000000071e+01
5.146825208663940430e+02	2.976000000000000156e+01
5.171444602012634277e+02	2.980000000000000071e+01
5.196067712306976318e+02	2.980000000000000071e+01
5.220697154998779297e+02	2.976000000000000156e+01
5.245319173336029053e+02	2.976000000000000156e+01
5.269944326877593994e+02	2.980000000000000071e+01
5.294579648971557617e+02	2.973000000000000043e+01
5.319202344417572021e+02	2.976000000000000156e+01
5.343828520774841309e+02	2.976000000000000156e+01
5.368459053039550781e+02	2.976000000000000156e+01
5.393073430061340332e+02	2.973000000000000043e+01
5.417702941894531250e+02	2.973000000000000043e+01
5.442331275939941406e+02	2.973000000000000043e+01
5.466956861019134521e+02	2.976000000000000156e+01
5.491587545871734619e+02	2.973000000000000043e+01
5.516207251548767090e+02	2.976000000000000156e+01
5.540835063457489014e+02	2.976000000000000156e+01
5.565463352203369141e+02	2.980000000000000071e+01
5.590090627670288086e+02	2.976000000000000156e+01
5.614710888862609863e+02	2.973000000000000043e+01
5.639340796470642090e+02	2.973000000000000043e+01
5.663958003520965576e+02	2.973000000000000043e+01
5.688593130111694336e+02	2.973000000000000043e+01
5.713218286037445068e+02	2.973000000000000043e+01
5.737838068008422852e+02	2.969999999999999929e+01
5.762473022937774658e+02	2.969999999999999929e+01
5.787084872722625732e+02	2.969999999999999929e+01
5.811721510887145996e+02	2.973000000000000043e+01
5.836343846321105957e+02	2.969999999999999929e+01
5.860972573757171631e+02	2.973000000000000043e+01
5.885590958595275879e+02	2.969999999999999929e+01
5.910216867923736572e+02	2.976000000000000156e+01
5.934845364093780518e+02	2.973000000000000043e+01
5.959470548629760742e+02	2.973000000000000043e+01
5.984091880321502686e+02	2.973000000000000043e+01
6.008722708225250244e+02	2.973000000000000043e+01
6.033354525566101074e+02	2.976000000000000156e+01
6.057978858947753906e+02	2.980000000000000071e+01
6.082604570388793945e+02	2.976000000000000156e+01
6.107232179641723633e+02	2.980000000000000071e+01
6.131851284503936768e+02	2.980000000000000071e+01
6.156468613147735596e+02	2.976000000000000156e+01
6.181102013587951660e+02	2.973000000000000043e+01
6.205727164745330811e+02	2.976000000000000156e+01
6.230362112522125244e+02	2.973000000000000043e+01
6.254985885620117188e+02	2.973000000000000043e+01
6.279605882167816162e+02	2.973000000000000043e+01
6.304227654933929443e+02	2.973000000000000043e+01
6.328864126205444336e+02	2.969999999999999929e+01
6.353478674888610840e+02	2.976000000000000156e+01
6.378109090328216553e+02	2.976000000000000156e+01
6.402733700275421143e+02	2.973000000000000043e+01
6.427359740734100342e+02	2.976000000000000156e+01
6.451991863250732422e+02	2.973000000000000043e+01
6.476612718105316162e+02	2.973000000000000043e+01
6.501241800785064697e+02	2.973000000000000043e+01
6.525864260196685791e+02	2.973000000000000043e+01
6.550499815940856934e+02	2.980000000000000071e+01
6.575120961666107178e+02	2.973000000000000043e+01
6.599746778011322021e+02	2.973000000000000043e+01
6.624365615844726562e+02	2.973000000000000043e+01
6.648998718261718750e+02	2.973000000000000043e+01
6.673623623847961426e+02	2.973000000000000043e+01
6.698247673511505127e+02	2.976000000000000156e+01
6.722874164581298828e+02	2.973000000000000043e+01
6.747497248649597168e+02	2.973000000000000043e+01
6.772130105495452881e+02	2.976000000000000156e+01
6.796755373477935791e+02	2.976000000000000156e+01
6.821377553939819336e+02	2.980000000000000071e+01
6.846006588935852051e+02	2.976000000000000156e+01
6.870631568431854248e+02	2.976000000000000156e+01
6.895259177684783936e+02	2.969999999999999929e+01
6.919881460666656494e+02	2.969999999999999929e+01
6.944513661861419678e+02	2.969999999999999929e+01
6.969126193523406982e+02	2.973000000000000043e+01
6.993758530616760254e+02	2.973000000000000043e+01
7.018390791416168213e+02	2.969999999999999929e+01
7.043015823364257812e+02	2.969999999999999929e+01
7.067631556987762451e+02	2.973000000000000043e+01
7.092259013652801514e+02	2.973000000000000043e+01
7.116886076927185059e+02	2.969999999999999929e+01
7.141513884067535400e+02	2.973000000000000043e+01
7.166141047477722168e+02	2.976000000000000156e+01
7.190760293006896973e+02	2.980000000000000071e+01
7.215395154953002930e+02	2.980000000000000071e+01
7.240017108917236328e+02	2.980000000000000071e+01
7.264643774032592773e+02	2.976000000000000156e+01
7.289273340702056885e+02	2.980000000000000071e+01
7.313894951343536377e+02	2.980000000000000071e+01
7.338518908023834229e+02	2.980000000000000071e+01
7.363143436908721924e+02	2.976000000000000156e+01
7.387779605388641357e+02	2.973000000000000043e+01
7.412404594421386719e+02	2.973000000000000043e+01
7.437030422687530518e+02	2.976000000000000156e+01
7.461653308868408203e+02	2.976000000000000156e+01
7.486281011104583740e+02	2.973000000000000043e+01
7.510909471511840820e+02	2.973000000000000043e+01
7.535533382892608643e+02	2.973000000000000043e+01
7.560156679153442383e+02	2.980000000000000071e+01
7.584779269695281982e+02	2.976000000000000156e+01
7.609409534931182861e+02	2.976000000000000156e+01
7.634027743339538574e+02	2.980000000000000071e+01
7.658661386966705322e+02	2.976000000000000156e+01
7.683285565376281738e+02	2.980000000000000071e+01
7.707908272743225098e+02	2.980000000000000071e+01
7.732537786960601807e+02	2.982999999999999829e+01
7.757165422439575195e+02	2.980000000000000071e+01
7.781783008575439453e+02	2.980000000000000071e+01
7.806411688327789307e+02	2.980000000000000071e+01
7.831036055088043213e+02	2.980000000000000071e+01
7.855664343833923340e+02	2.980000000000000071e+01
7.880290465354919434e+02	2.976000000000000156e+01
7.904914197921752930e+02	2.976000000000000156e+01
7.929540536403656006e+02	2.976000000000000156e+01
7.954173917770385742e+02	2.973000000000000043e+01
7.978794889450073242e+02	2.976000000000000156e+01
8.003424212932586670e+02	2.973000000000000043e+01
8.028041393756866455e+02	2.973000000000000043e+01
8.052671482563018799e+02	2.969999999999999929e+01
8.077302854061126709e+02	2.973000000000000043e+01
8.101927301883697510e+02	2.973000000000000043e+01
8.126545951366424561e+02	2.973000000000000043e+01
8.151172673702239990e+02	2.969999999999999929e+01
8.175804016590118408e+02	2.973000000000000043e+01
8.200422689914703369e+02	2.973000000000000043e+01
8.225052032470703125e+02	2.973000000000000043e+01
8.249678630828857422e+02	2.976000000000000156e+01
8.274307289123535156e+02	2.973000000000000043e+01
8.298933749198913574e+02	2.980000000000000071e+01
8.323550763130187988e+02	2.973000000000000043e+01
8.348179631233215332e+02	2.980000000000000071e+01
8.372805562019348145e+02	2.980000000000000071e+01
8.397429554462432861e+02	2.976000000000000156e+01
8.422060973644256592e+02	2.976000000000000156e+01
8.446683838367462158e+02	2.980000000000000071e+01
8.471309540271759033e+02	2.976000000000000156e+01
8.495939064025878906e+02	2.973000000000000043e+01
8.520568747520446777e+02	2.973000000000000043e+01
8.545187246799468994e+02	2.969999999999999929e+01
8.569816019535064697e+02	2.969999999999999929e+01
8.594437863826751709e+02	2.969999999999999929e+01
8.619070458412170410e+02	2.969999999999999929e+01
8.643695845603942871e+02	2.973000000000000043e+01
8.668322522640228271e+02	2.973000000000000043e+01
8.692947192192077637e+02	2.973000000000000043e+01
8.717572412490844727e+02	2.973000000000000043e+01
8.742196640968322754e+02	2.973000000000000043e+01
8.766818053722381592e+02	2.980000000000000071e+01
8.791445920467376709e+02	2.982999999999999829e+01
8.816072719097137451e+02	2.980000000000000071e+01
8.840701098442077637e+02	2.980000000000000071e+01
8.865324492454528809e+02	2.976000000000000156e+01
8.889944579601287842e+02	2.976000000000000156e+01
8.914578993320465088e+02	2.976000000000000156e+01
8.939201865196228027e+02	2.976000000000000156e+01
8.963826956748962402e+02	2.976000000000000156e+01
8.988450493812561035e+02	2.973000000000000043e+01
9.013078136444091797e+02	2.966000000000000014e+01
9.037698216438293457e+02	2.966000000000000014e+01
9.062326745986938477e+02	2.966000000000000014e+01
9.086955642700195312e+02	2.966000000000000014e+01
9.111586031913757324e+02	2.966000000000000014e+01
9.136203250885009766e+02	2.973000000000000043e+01
9.160833423137664795e+02	2.969999999999999929e+01
9.185455193519592285e+02	2.976000000000000156e+01
9.210090835094451904e+02	2.969999999999999929e+01
9.234712407588958740e+02	2.973000000000000043e+01
9.259338555335998535e+02	2.976000000000000156e+01
9.283961300849914551e+02	2.976000000000000156e+01
9.308588986396789551e+02	2.976000000000000156e+01
9.333209376335144043e+02	2.976000000000000156e+01
9.357837800979614258e+02	2.976000000000000156e+01
9.382459697723388672e+02	2.973000000000000043e+01
9.407090446949005127e+02	2.973000000000000043e+01
9.431717424392700195e+02	2.973000000000000043e+01
9.456342451572418213e+02	2.973000000000000043e+01
9.480973443984985352e+02	2.976000000000000156e+01
9.505587749481201172e+02	2.973000000000000043e+01
9.530219531059265137e+02	2.973000000000000043e+01
9.554844510555267334e+02	2.969999999999999929e+01
9.579473490715026855e+02	2.973000000000000043e+01
9.604101395606994629e+02	2.973000000000000043e+01
9.628722076416015625e+02	2.973000000000000043e+01
9.653343169689178467e+02	2.976000000000000156e+01
9.677973129749298096e+02	2.969999999999999929e+01
9.702601463794708252e+02	2.976000000000000156e+01
9.727226848602294922e+02	2.980000000000000071e+01
9.751853713989257812e+02	2.973000000000000043e+01
9.776483707427978516e+02	2.976000000000000156e+01
9.801107616424560547e+02	2.973000000000000043e+01
9.825734233856201172e+02	2.976000000000000156e+01
9.850357367992401123e+02	2.976000000000000156e+01
9.874979660511016846e+02	2.976000000000000156e+01
9.899613401889801025e+02	2.973000000000000043e+01
9.924232399463653564e+02	2.973000000000000043e+01
9.948861651420593262e+02	2.976000000000000156e+01
9.973491010665893555e+02	2.973000000000000043e+01
9.998114361763000488e+02	2.973000000000000043e+01
1.002273774147033691e+03	2.973000000000000043e+01
1.004736723423004150e+03	2.976000000000000156e+01
1.007198491811752319e+03	2.973000000000000043e+01
1.009661939859390259e+03	2.973000000000000043e+01
1.012124030351638794e+03	2.973000000000000043e+01
1.014586836814880371e+03	2.973000000000000043e+01
1.017049056291580200e+03	2.973000000000000043e+01
1.019511819839477539e+03	2.976000000000000156e+01
1.021974199056625366e+03	2.973000000000000043e+01
1.024436983108520508e+03	2.973000000000000043e+01
1.026899812698364258e+03	2.973000000000000043e+01
1.029362383127212524e+03	2.973000000000000043e+01
1.031824278116226196e+03	2.976000000000000156e+01
1.034287327289581299e+03	2.973000000000000043e+01
1.036750346899032593e+03	2.976000000000000156e+01
1.039212803840637207e+03	2.976000000000000156e+01
1.041675256490707397e+03	2.973000000000000043e+01
1.044137380599975586e+03	2.976000000000000156e+01
1.046599776506423950e+03	2.976000000000000156e+01
1.049063078403472900e+03	2.976000000000000156e+01
1.051525678396224976e+03	2.973000000000000043e+01
1.053988162517547607e+03	2.976000000000000156e+01
1.056450374603271484e+03	2.976000000000000156e+01
1.058912706851959229e+03	2.973000000000000043e+01
1.061375288009643555e+03	2.973000000000000043e+01
1.063837997913360596e+03	2.973000000000000043e+01
1.066300814390182495e+03	2.976000000000000156e+01
1.068763473510742188e+03	2.973000000000000043e+01
1.071226031303405762e+03	2.973000000000000043e+01
1.073687950372695923e+03	2.976000000000000156e+01
1.076151521444320679e+03	2.976000000000000156e+01
1.078614075660705566e+03	2.980000000000000071e+01
1.081076673030853271e+03	2.976000000000000156e+01
1.083538096189498901e+03	2.976000000000000156e+01
1.086001894235610962e+03	2.973000000000000043e+01
1.088464114904403687e+03	2.976000000000000156e+01
1.090926934003829956e+03	2.976000000000000156e+01
1.093389245271682739e+03	2.976000000000000156e+01
1.095851431369781494e+03	2.976000000000000156e+01
1.098314673185348511e+03	2.973000000000000043e+01
1.100776684761047363e+03	2.976000000000000156e+01
1.103239923477172852e+03	2.976000000000000156e+01
1.105702099561691284e+03	2.976000000000000156e+01
1.108164859294891357e+03	2.973000000000000043e+01
1.110627169847488403e+03	2.973000000000000043e+01
1.113089304208755493e+03	2.969999999999999929e+01
1.115552514791488647e+03	2.973000000000000043e+01
1.118015205144882202e+03	2.969999999999999929e+01
1.120477370738983154e+03	2.976000000000000156e+01
1.122940691471099854e+03	2.973000000000000043e+01
1.125403121232986450e+03	2.973000000000000043e+01
1.127865211248397827e+03	2.973000000000000043e+01
1.130328185319900513e+03	2.976000000000000156e+01
1.132790585756301880e+03	2.973000000000000043e+01
1.135253014087677002e+03	2.976000000000000156e+01
1.137715733289718628e+03	2.973000000000000043e+01
1.140177927732467651e+03	2.976000000000000156e+01
1.142641137361526489e+03	2.982999999999999829e+01
1.145103529453277588e+03	2.976000000000000156e+01
1.147565843105316162e+03	2.980000000000000071e+01
1.150027996778488159e+03	2.976000000000000156e+01
1.152490383148193359e+03	2.969999999999999929e+01
1.154953555107116699e+03	2.973000000000000043e+01
1.157415405511856079e+03	2.973000000000000043e+01
1.159879165887832642e+03	2.969999999999999929e+01
1.162341040849685669e+03	2.973000000000000043e+01
1.164803884267807007e+03	2.973000000000000043e+01
1.167266102313995361e+03	2.973000000000000043e+01
1.169728700399398804e+03	2.976000000000000156e+01
1.172192230463027954e+03	2.976000000000000156e+01
1.174653687000274658e+03	2.976000000000000156e+01
1.177116670608520508e+03	2.976000000000000156e+01
1.179579583644866943e+03	2.976000000000000156e+01
1.182042190790176392e+03	2.976000000000000156e+01
1.184504385948181152e+03	2.976000000000000156e+01
1.186966626167297363e+03	2.980000000000000071e+01
1.189430448055267334e+03	2.980000000000000071e+01
1.191892367601394653e+03	2.976000000000000156e+01
1.194355186223983765e+03	2.976000000000000156e+01
1.196817555665969849e+03	2.980000000000000071e+01
1.199280476331710815e+03	2.973000000000000043e+01
1.201742538213729858e+03	2.969999999999999929e+01
1.204204636573791504e+03	2.973000000000000043e+01
1.206667866468429565e+03	2.973000000000000043e+01
1.209130820274353027e+03	2.973000000000000043e+01
1.211593379497528076e+03	2.973000000000000043e+01
1.214055458307266235e+03	2.973000000000000043e+01
1.216517799854278564e+03	2.973000000000000043e+01
1.218980911731719971e+03	2.973000000000000043e+01
1.221443146705627441e+03	2.976000000000000156e+01
1.223906199216842651e+03	2.976000000000000156e+01
1.226368311882019043e+03	2.980000000000000071e+01
1.228830654382705688e+03	2.976000000000000156e+01
1.231293150186538696e+03	2.980000000000000071e+01
1.233756409645080566e+03	2.980000000000000071e+01
1.236218334674835205e+03	2.980000000000000071e+01
1.238681468725204468e+03	2.976000000000000156e+01
1.241143567800521851e+03	2.976000000000000156e+01
1.243606754541397095e+03	2.976000000000000156e+01
1.246069298267364502e+03	2.976000000000000156e+01
1.248531289577484131e+03	2.973000000000000043e+01
1.250994615554809570e+03	2.973000000000000043e+01
1.253456716060638428e+03	2.973000000000000043e+01
1.255920028448104858e+03	2.969999999999999929e+01
1.258382302761077881e+03	2.973000000000000043e+01
1.260843765974044800e+03	2.966000000000000014e+01
1.263307297229766846e+03	2.966000000000000014e+01
1.265770257234573364e+03	2.969999999999999929e+01
1.268232150077819824e+03	2.969999999999999929e+01
1.270694608449935913e+03	2.969999999999999929e+01
1.273157136201858521e+03	2.969999999999999929e+01
1.275620445966720581e+03	2.969999999999999929e+01
1.278082519054412842e+03	2.973000000000000043e+01
1.280545414686203003e+03	2.980000000000000071e+01
1.283007314205169678e+03	2.976000000000000156e+01
1.285470632553100586e+03	2.980000000000000071e+01
1.287932678461074829e+03	2.982999999999999829e+01
1.290395791053771973e+03	2.980000000000000071e+01
1.292857453823089600e+03	2.982999999999999829e+01
1.295320725202560425e+03	2.976000000000000156e+01
1.297783144235610962e+03	2.980000000000000071e+01
1.300246391057968140e+03	2.976000000000000156e+01
1.302709061622619629e+03	2.976000000000000156e+01
1.305171624898910522e+03	2.973000000000000043e+01
1.307634171485900879e+03	2.973000000000000043e+01
1.310095859289169312e+03	2.976000000000000156e+01
1.312558992385864258e+03	2.973000000000000043e+01
1.315020994186401367e+03	2.973000000000000043e+01
1.317483872175216675e+03	2.973000000000000043e+01
1.319946232080459595e+03	2.969999999999999929e+01
1.322408910989761353e+03	2.973000000000000043e+01
1.324871908903121948e+03	2.976000000000000156e+01
1.327334342956542969e+03	2.980000000000000071e+01
1.329796576023101807e+03	2.976000000000000156e+01
1.332259697437286377e+03	2.976000000000000156e+01
1.334721365213394165e+03	2.980000000000000071e+01
1.337185079097747803e+03	2.976000000000000156e+01
1.339647125244140625e+03	2.980000000000000071e+01
1.342109619379043579e+03	2.980000000000000071e+01
1.344571833848953247e+03	2.973000000000000043e+01
1.347035442829132080e+03	2.969999999999999929e+01
1.349496819496154785e+03	2.976000000000000156e+01
1.351959501266479492e+03	2.980000000000000071e+01
1.354422827482223511e+03	2.969999999999999929e+01
1.356884879827499390e+03	2.976000000000000156e+01
1.359348138570785522e+03	2.976000000000000156e+01
1.361810627937316895e+03	2.973000000000000043e+01
1.364273268222808838e+03	2.969999999999999929e+01
1.366735335111618042e+03	2.969999999999999929e+01
1.369198264360427856e+03	2.973000000000000043e+01
1.371660839319229126e+03	2.969999999999999929e+01
1.374123601198196411e+03	2.976000000000000156e+01
1.376586116790771484e+03	2.976000000000000156e+01
1.379047976732254028e+03	2.980000000000000071e+01
1.381511003255844116e+03	2.980000000000000071e+01
1.383973737955093384e+03	2.976000000000000156e+01
1.386435884952545166e+03	2.973000000000000043e+01
1.388898618221282959e+03	2.976000000000000156e+01
1.391361821651458740e+03	2.976000000000000156e+01
1.393822969436645508e+03	2.976000000000000156e+01
1.396286092042922974e+03	2.973000000000000043e+01
1.398749527692794800e+03	2.973000000000000043e+01
1.401212087154388428e+03	2.973000000000000043e+01
1.403674625635147095e+03	2.973000000000000043e+01
1.406137386798858643e+03	2.973000000000000043e+01
1.408599780321121216e+03	2.976000000000000156e+01
1.411062026977539062e+03	2.973000000000000043e+01
1.413524246931076050e+03	2.973000000000000043e+01
1.415987138748168945e+03	2.973000000000000043e+01
1.418450115919113159e+03	2.973000000000000043e+01
1.420912055730819702e+03	2.976000000000000156e+01
1.423375256776809692e+03	2.973000000000000043e+01
1.425838194847106934e+03	2.980000000000000071e+01
1.428299445152282715e+03	2.973000000000000043e+01
1.430762796401977539e+03	2.976000000000000156e+01
1.433225795507431030e+03	2.976000000000000156e+01
1.435688171863555908e+03	2.980000000000000071e+01
1.438150637149810791e+03	2.976000000000000156e+01
1.440612437725067139e+03	2.980000000000000071e+01
1.443075357913970947e+03	2.973000000000000043e+01
1.445538330793380737e+03	2.980000000000000071e+01
1.448001206874847412e+03	2.973000000000000043e+01
1.450463383913040161e+03	2.969999999999999929e+01
1.452925615549087524e+03	2.969999999999999929e+01
1.455389095306396484e+03	2.966000000000000014e+01
1.457851300716400146e+03	2.973000000000000043e+01
1.460313310623168945e+03	2.966000000000000014e+01
1.462776476860046387e+03	2.969999999999999929e+01
1.465238354682922363e+03	2.969999999999999929e+01
1.467701502799987793e+03	2.969999999999999929e+01
1.470163334608078003e+03	2.966000000000000014e+01
1.472627119302749634e+03	2.969999999999999929e+01
1.475089129686355591e+03	2.973000000000000043e+01
