# 20220728
# time			temp			
0.000000000000000000e+00	2.976000000000000156e+01
2.462075233459472656e+00	2.980000000000000071e+01
4.925630569458007812e+00	2.980000000000000071e+01
7.387665510177612305e+00	2.980000000000000071e+01
9.850039243698120117e+00	2.982999999999999829e+01
1.231292080879211426e+01	2.980000000000000071e+01
1.477565598487854004e+01	2.982999999999999829e+01
1.723871302604675293e+01	2.976000000000000156e+01
1.970106053352355957e+01	2.980000000000000071e+01
2.216393136978149414e+01	2.976000000000000156e+01
2.462608218193054199e+01	2.980000000000000071e+01
2.708920097351074219e+01	2.980000000000000071e+01
2.955105423927307129e+01	2.980000000000000071e+01
3.201393175125122070e+01	2.980000000000000071e+01
3.447599005699157715e+01	2.976000000000000156e+01
3.693954253196716309e+01	2.973000000000000043e+01
3.940191078186035156e+01	2.982999999999999829e+01
4.186462712287902832e+01	2.976000000000000156e+01
4.432678461074829102e+01	2.980000000000000071e+01
4.678856873512268066e+01	2.976000000000000156e+01
4.925236129760742188e+01	2.980000000000000071e+01
5.171508049964904785e+01	2.980000000000000071e+01
5.417727947235107422e+01	2.982999999999999829e+01
5.663922405242919922e+01	2.976000000000000156e+01
5.910174727439880371e+01	2.976000000000000156e+01
6.156487298011779785e+01	2.976000000000000156e+01
6.402770423889160156e+01	2.976000000000000156e+01
6.648941493034362793e+01	2.973000000000000043e+01
6.895285677909851074e+01	2.980000000000000071e+01
7.141530680656433105e+01	2.980000000000000071e+01
7.387764143943786621e+01	2.976000000000000156e+01
7.634088540077209473e+01	2.976000000000000156e+01
7.880332899093627930e+01	2.976000000000000156e+01
8.126629042625427246e+01	2.980000000000000071e+01
8.372893428802490234e+01	2.976000000000000156e+01
8.619000124931335449e+01	2.980000000000000071e+01
8.865322327613830566e+01	2.980000000000000071e+01
9.111598539352416992e+01	2.980000000000000071e+01
9.357816290855407715e+01	2.980000000000000071e+01
9.604151511192321777e+01	2.976000000000000156e+01
9.850409221649169922e+01	2.980000000000000071e+01
1.009658567905426025e+02	2.976000000000000156e+01
1.034291946887969971e+02	2.980000000000000071e+01
1.058909683227539062e+02	2.980000000000000071e+01
1.083540287017822266e+02	2.976000000000000156e+01
1.108164167404174805e+02	2.976000000000000156e+01
1.132794551849365234e+02	2.973000000000000043e+01
1.157419123649597168e+02	2.973000000000000043e+01
1.182045876979827881e+02	2.973000000000000043e+01
1.206674416065216064e+02	2.976000000000000156e+01
1.231299042701721191e+02	2.973000000000000043e+01
1.255922195911407471e+02	2.976000000000000156e+01
1.280546936988830566e+02	2.976000000000000156e+01
1.305175030231475830e+02	2.980000000000000071e+01
1.329800405502319336e+02	2.980000000000000071e+01
1.354419176578521729e+02	2.980000000000000071e+01
1.379055421352386475e+02	2.980000000000000071e+01
1.403674709796905518e+02	2.982999999999999829e+01
1.428307917118072510e+02	2.982999999999999829e+01
1.452927665710449219e+02	2.982999999999999829e+01
1.477559361457824707e+02	2.982999999999999829e+01
1.502186367511749268e+02	2.980000000000000071e+01
1.526804063320159912e+02	2.982999999999999829e+01
1.551434583663940430e+02	2.980000000000000071e+01
1.576062438488006592e+02	2.982999999999999829e+01
1.600680007934570312e+02	2.980000000000000071e+01
1.625306224822998047e+02	2.980000000000000071e+01
1.649936430454254150e+02	2.980000000000000071e+01
1.674560472965240479e+02	2.976000000000000156e+01
1.699184069633483887e+02	2.976000000000000156e+01
1.723809847831726074e+02	2.976000000000000156e+01
1.748435633182525635e+02	2.976000000000000156e+01
1.773068592548370361e+02	2.976000000000000156e+01
1.797694981098175049e+02	2.976000000000000156e+01
1.822314810752868652e+02	2.976000000000000156e+01
1.846939826011657715e+02	2.973000000000000043e+01
1.871570115089416504e+02	2.980000000000000071e+01
1.896197075843811035e+02	2.980000000000000071e+01
1.920819530487060547e+02	2.980000000000000071e+01
1.945446798801422119e+02	2.982999999999999829e+01
1.970072808265686035e+02	2.982999999999999829e+01
1.994700984954833984e+02	2.982999999999999829e+01
2.019321460723876953e+02	2.980000000000000071e+01
2.043950991630554199e+02	2.980000000000000071e+01
2.068574702739715576e+02	2.980000000000000071e+01
2.093198213577270508e+02	2.980000000000000071e+01
2.117823946475982666e+02	2.980000000000000071e+01
2.142456083297729492e+02	2.980000000000000071e+01
2.167081453800201416e+02	2.980000000000000071e+01
2.191703650951385498e+02	2.980000000000000071e+01
2.216329171657562256e+02	2.980000000000000071e+01
2.240956659317016602e+02	2.976000000000000156e+01
2.265582656860351562e+02	2.980000000000000071e+01
2.290213966369628906e+02	2.973000000000000043e+01
2.314835133552551270e+02	2.976000000000000156e+01
2.339462702274322510e+02	2.976000000000000156e+01
2.364082231521606445e+02	2.976000000000000156e+01
2.388706734180450439e+02	2.980000000000000071e+01
2.413341560363769531e+02	2.980000000000000071e+01
2.437959542274475098e+02	2.976000000000000156e+01
2.462589905261993408e+02	2.980000000000000071e+01
2.487219493389129639e+02	2.980000000000000071e+01
2.511837053298950195e+02	2.980000000000000071e+01
2.536464450359344482e+02	2.980000000000000071e+01
2.561097123622894287e+02	2.982999999999999829e+01
2.585719830989837646e+02	2.980000000000000071e+01
2.610341143608093262e+02	2.980000000000000071e+01
2.634974088668823242e+02	2.980000000000000071e+01
2.659586656093597412e+02	2.980000000000000071e+01
2.684215672016143799e+02	2.976000000000000156e+01
2.708849220275878906e+02	2.976000000000000156e+01
2.733469753265380859e+02	2.973000000000000043e+01
2.758098261356353760e+02	2.976000000000000156e+01
2.782726199626922607e+02	2.969999999999999929e+01
2.807353203296661377e+02	2.973000000000000043e+01
2.831972017288208008e+02	2.973000000000000043e+01
2.856603543758392334e+02	2.976000000000000156e+01
2.881231093406677246e+02	2.976000000000000156e+01
2.905853664875030518e+02	2.976000000000000156e+01
2.930472364425659180e+02	2.976000000000000156e+01
2.955105545520782471e+02	2.982999999999999829e+01
2.979732358455657959e+02	2.980000000000000071e+01
3.004349431991577148e+02	2.976000000000000156e+01
3.028977973461151123e+02	2.980000000000000071e+01
3.053601970672607422e+02	2.980000000000000071e+01
3.078230516910552979e+02	2.980000000000000071e+01
3.102860786914825439e+02	2.976000000000000156e+01
3.127484254837036133e+02	2.976000000000000156e+01
3.152110660076141357e+02	2.980000000000000071e+01
3.176742966175079346e+02	2.976000000000000156e+01
3.201365854740142822e+02	2.976000000000000156e+01
3.225988111495971680e+02	2.976000000000000156e+01
3.250610725879669189e+02	2.976000000000000156e+01
3.275237970352172852e+02	2.976000000000000156e+01
3.299863424301147461e+02	2.976000000000000156e+01
3.324494874477386475e+02	2.976000000000000156e+01
3.349113490581512451e+02	2.980000000000000071e+01
3.373741660118103027e+02	2.976000000000000156e+01
3.398366925716400146e+02	2.982999999999999829e+01
3.423000743389129639e+02	2.982999999999999829e+01
3.447625823020935059e+02	2.982999999999999829e+01
3.472249364852905273e+02	2.980000000000000071e+01
3.496867742538452148e+02	2.980000000000000071e+01
3.521505749225616455e+02	2.982999999999999829e+01
3.546129240989685059e+02	2.980000000000000071e+01
3.570758187770843506e+02	2.980000000000000071e+01
3.595374886989593506e+02	2.976000000000000156e+01
3.620005362033843994e+02	2.976000000000000156e+01
3.644628748893737793e+02	2.973000000000000043e+01
3.669255940914154053e+02	2.976000000000000156e+01
3.693882269859313965e+02	2.976000000000000156e+01
3.718511543273925781e+02	2.976000000000000156e+01
3.743134586811065674e+02	2.976000000000000156e+01
3.767757234573364258e+02	2.976000000000000156e+01
3.792383627891540527e+02	2.980000000000000071e+01
3.817006089687347412e+02	2.976000000000000156e+01
3.841643278598785400e+02	2.980000000000000071e+01
3.866264395713806152e+02	2.976000000000000156e+01
3.890890305042266846e+02	2.980000000000000071e+01
3.915517764091491699e+02	2.976000000000000156e+01
3.940142006874084473e+02	2.976000000000000156e+01
3.964764051437377930e+02	2.980000000000000071e+01
3.989398539066314697e+02	2.980000000000000071e+01
4.014014565944671631e+02	2.980000000000000071e+01
4.038637750148773193e+02	2.976000000000000156e+01
4.063271906375885010e+02	2.980000000000000071e+01
4.087895531654357910e+02	2.976000000000000156e+01
4.112523708343505859e+02	2.980000000000000071e+01
4.137151930332183838e+02	2.976000000000000156e+01
4.161774089336395264e+02	2.980000000000000071e+01
4.186401784420013428e+02	2.980000000000000071e+01
4.211023731231689453e+02	2.980000000000000071e+01
4.235652070045471191e+02	2.980000000000000071e+01
4.260274987220764160e+02	2.976000000000000156e+01
4.284900572299957275e+02	2.980000000000000071e+01
4.309531571865081787e+02	2.980000000000000071e+01
4.334152650833129883e+02	2.980000000000000071e+01
4.358783259391784668e+02	2.976000000000000156e+01
4.383403260707855225e+02	2.976000000000000156e+01
4.408036475181579590e+02	2.980000000000000071e+01
4.432658133506774902e+02	2.976000000000000156e+01
4.457285931110382080e+02	2.976000000000000156e+01
4.481914355754852295e+02	2.976000000000000156e+01
4.506537101268768311e+02	2.976000000000000156e+01
4.531161112785339355e+02	2.976000000000000156e+01
4.555791542530059814e+02	2.973000000000000043e+01
4.580417144298553467e+02	2.976000000000000156e+01
4.605042645931243896e+02	2.980000000000000071e+01
4.629663548469543457e+02	2.980000000000000071e+01
4.654294655323028564e+02	2.976000000000000156e+01
4.678916962146759033e+02	2.980000000000000071e+01
4.703545677661895752e+02	2.980000000000000071e+01
4.728165633678436279e+02	2.980000000000000071e+01
4.752794489860534668e+02	2.980000000000000071e+01
4.777422442436218262e+02	2.980000000000000071e+01
4.802052187919616699e+02	2.980000000000000071e+01
4.826675662994384766e+02	2.980000000000000071e+01
4.851293759346008301e+02	2.980000000000000071e+01
4.875924544334411621e+02	2.976000000000000156e+01
4.900552706718444824e+02	2.973000000000000043e+01
4.925173108577728271e+02	2.976000000000000156e+01
4.949800188541412354e+02	2.973000000000000043e+01
4.974425880908966064e+02	2.976000000000000156e+01
4.999053854942321777e+02	2.976000000000000156e+01
5.023677077293395996e+02	2.976000000000000156e+01
5.048302624225616455e+02	2.976000000000000156e+01
5.072933084964752197e+02	2.980000000000000071e+01
5.097562198638916016e+02	2.976000000000000156e+01
5.122182235717773438e+02	2.980000000000000071e+01
5.146810379028320312e+02	2.982999999999999829e+01
5.171432545185089111e+02	2.980000000000000071e+01
5.196059269905090332e+02	2.980000000000000071e+01
5.220689735412597656e+02	2.980000000000000071e+01
5.245312907695770264e+02	2.976000000000000156e+01
5.269933762550354004e+02	2.976000000000000156e+01
5.294559316635131836e+02	2.976000000000000156e+01
5.319192841053009033e+02	2.976000000000000156e+01
5.343813829421997070e+02	2.976000000000000156e+01
5.368441720008850098e+02	2.976000000000000156e+01
5.393064007759094238e+02	2.973000000000000043e+01
5.417700006961822510e+02	2.976000000000000156e+01
5.442317121028900146e+02	2.980000000000000071e+01
5.466943669319152832e+02	2.980000000000000071e+01
5.491571831703186035e+02	2.980000000000000071e+01
5.516201591491699219e+02	2.980000000000000071e+01
5.540819075107574463e+02	2.980000000000000071e+01
5.565455110073089600e+02	2.976000000000000156e+01
5.590071361064910889e+02	2.980000000000000071e+01
5.614700071811676025e+02	2.976000000000000156e+01
5.639321525096893311e+02	2.976000000000000156e+01
5.663950672149658203e+02	2.973000000000000043e+01
5.688579671382904053e+02	2.976000000000000156e+01
5.713201599121093750e+02	2.976000000000000156e+01
5.737831921577453613e+02	2.976000000000000156e+01
5.762454330921173096e+02	2.976000000000000156e+01
5.787083737850189209e+02	2.973000000000000043e+01
5.811709794998168945e+02	2.976000000000000156e+01
5.836333699226379395e+02	2.976000000000000156e+01
5.860960431098937988e+02	2.980000000000000071e+01
5.885582618713378906e+02	2.980000000000000071e+01
5.910209047794342041e+02	2.980000000000000071e+01
5.934831972122192383e+02	2.982999999999999829e+01
5.959463191032409668e+02	2.976000000000000156e+01
5.984081983566284180e+02	2.980000000000000071e+01
6.008720209598541260e+02	2.980000000000000071e+01
6.033339936733245850e+02	2.980000000000000071e+01
6.057961361408233643e+02	2.976000000000000156e+01
6.082591133117675781e+02	2.976000000000000156e+01
6.107214462757110596e+02	2.976000000000000156e+01
6.131843161582946777e+02	2.976000000000000156e+01
6.156469724178314209e+02	2.976000000000000156e+01
6.181098792552947998e+02	2.976000000000000156e+01
6.205721004009246826e+02	2.976000000000000156e+01
6.230349488258361816e+02	2.976000000000000156e+01
6.254971036911010742e+02	2.976000000000000156e+01
6.279598395824432373e+02	2.976000000000000156e+01
6.304225308895111084e+02	2.980000000000000071e+01
6.328840823173522949e+02	2.976000000000000156e+01
6.353480284214019775e+02	2.976000000000000156e+01
6.378104372024536133e+02	2.976000000000000156e+01
6.402725126743316650e+02	2.982999999999999829e+01
6.427354764938354492e+02	2.976000000000000156e+01
6.451981496810913086e+02	2.976000000000000156e+01
6.476602582931518555e+02	2.976000000000000156e+01
6.501228346824645996e+02	2.976000000000000156e+01
6.525853097438812256e+02	2.976000000000000156e+01
6.550484361648559570e+02	2.980000000000000071e+01
6.575112841129302979e+02	2.980000000000000071e+01
6.599731705188751221e+02	2.980000000000000071e+01
6.624363186359405518e+02	2.982999999999999829e+01
6.648989572525024414e+02	2.980000000000000071e+01
6.673611800670623779e+02	2.980000000000000071e+01
6.698240206241607666e+02	2.982999999999999829e+01
6.722868158817291260e+02	2.982999999999999829e+01
6.747496442794799805e+02	2.980000000000000071e+01
6.772122237682342529e+02	2.980000000000000071e+01
6.796740474700927734e+02	2.980000000000000071e+01
6.821365478038787842e+02	2.980000000000000071e+01
6.845995821952819824e+02	2.973000000000000043e+01
6.870623891353607178e+02	2.976000000000000156e+01
6.895249335765838623e+02	2.973000000000000043e+01
6.919874315261840820e+02	2.969999999999999929e+01
6.944495992660522461e+02	2.973000000000000043e+01
6.969119155406951904e+02	2.973000000000000043e+01
6.993747413158416748e+02	2.976000000000000156e+01
7.018375835418701172e+02	2.976000000000000156e+01
7.043000273704528809e+02	2.976000000000000156e+01
7.067623121738433838e+02	2.976000000000000156e+01
7.092250702381134033e+02	2.980000000000000071e+01
7.116879034042358398e+02	2.976000000000000156e+01
7.141501321792602539e+02	2.982999999999999829e+01
7.166133170127868652e+02	2.982999999999999829e+01
7.190758740901947021e+02	2.982999999999999829e+01
7.215381770133972168e+02	2.980000000000000071e+01
7.240004022121429443e+02	2.980000000000000071e+01
7.264633269309997559e+02	2.980000000000000071e+01
7.289256780147552490e+02	2.980000000000000071e+01
7.313884193897247314e+02	2.976000000000000156e+01
7.338514542579650879e+02	2.980000000000000071e+01
7.363140916824340820e+02	2.976000000000000156e+01
7.387768256664276123e+02	2.976000000000000156e+01
7.412391829490661621e+02	2.973000000000000043e+01
7.437012565135955811e+02	2.976000000000000156e+01
7.461637082099914551e+02	2.976000000000000156e+01
7.486258511543273926e+02	2.976000000000000156e+01
7.510890192985534668e+02	2.976000000000000156e+01
7.535514881610870361e+02	2.976000000000000156e+01
7.560141868591308594e+02	2.980000000000000071e+01
7.584769911766052246e+02	2.982999999999999829e+01
7.609399607181549072e+02	2.980000000000000071e+01
7.634019217491149902e+02	2.985999999999999943e+01
7.658645954132080078e+02	2.980000000000000071e+01
7.683272986412048340e+02	2.982999999999999829e+01
7.707894263267517090e+02	2.980000000000000071e+01
7.732527036666870117e+02	2.982999999999999829e+01
7.757150149345397949e+02	2.980000000000000071e+01
7.781775689125061035e+02	2.973000000000000043e+01
7.806403448581695557e+02	2.980000000000000071e+01
7.831017308235168457e+02	2.976000000000000156e+01
7.855645589828491211e+02	2.976000000000000156e+01
7.880271236896514893e+02	2.976000000000000156e+01
7.904897201061248779e+02	2.973000000000000043e+01
7.929523084163665771e+02	2.973000000000000043e+01
7.954158933162689209e+02	2.976000000000000156e+01
7.978778848648071289e+02	2.976000000000000156e+01
8.003411972522735596e+02	2.980000000000000071e+01
8.028036489486694336e+02	2.982999999999999829e+01
8.052659718990325928e+02	2.982999999999999829e+01
8.077285292148590088e+02	2.976000000000000156e+01
8.101918485164642334e+02	2.980000000000000071e+01
8.126538240909576416e+02	2.980000000000000071e+01
8.151169831752777100e+02	2.980000000000000071e+01
8.175791404247283936e+02	2.980000000000000071e+01
8.200415072441101074e+02	2.980000000000000071e+01
8.225043861865997314e+02	2.980000000000000071e+01
8.249669520854949951e+02	2.976000000000000156e+01
8.274296395778656006e+02	2.980000000000000071e+01
8.298923306465148926e+02	2.976000000000000156e+01
8.323544278144836426e+02	2.973000000000000043e+01
8.348173501491546631e+02	2.973000000000000043e+01
8.372794859409332275e+02	2.973000000000000043e+01
8.397426784038543701e+02	2.976000000000000156e+01
8.422049303054809570e+02	2.976000000000000156e+01
8.446674063205718994e+02	2.976000000000000156e+01
8.471304228305816650e+02	2.976000000000000156e+01
8.495921659469604492e+02	2.976000000000000156e+01
8.520557193756103516e+02	2.980000000000000071e+01
8.545174512863159180e+02	2.976000000000000156e+01
8.569803960323333740e+02	2.976000000000000156e+01
8.594432296752929688e+02	2.976000000000000156e+01
8.619050967693328857e+02	2.980000000000000071e+01
8.643677182197570801e+02	2.982999999999999829e+01
8.668304643630981445e+02	2.980000000000000071e+01
8.692933514118194580e+02	2.976000000000000156e+01
8.717559311389923096e+02	2.980000000000000071e+01
8.742183930873870850e+02	2.976000000000000156e+01
8.766805045604705811e+02	2.980000000000000071e+01
8.791442289352416992e+02	2.982999999999999829e+01
8.816060152053833008e+02	2.976000000000000156e+01
8.840685350894927979e+02	2.976000000000000156e+01
8.865311474800109863e+02	2.973000000000000043e+01
8.889940299987792969e+02	2.980000000000000071e+01
8.914560470581054688e+02	2.976000000000000156e+01
8.939187901020050049e+02	2.973000000000000043e+01
8.963822619915008545e+02	2.973000000000000043e+01
8.988448212146759033e+02	2.976000000000000156e+01
9.013067715167999268e+02	2.976000000000000156e+01
9.037701764106750488e+02	2.980000000000000071e+01
9.062315485477447510e+02	2.980000000000000071e+01
9.086949372291564941e+02	2.980000000000000071e+01
9.111578450202941895e+02	2.980000000000000071e+01
9.136196238994598389e+02	2.980000000000000071e+01
9.160823860168457031e+02	2.982999999999999829e+01
9.185449812412261963e+02	2.982999999999999829e+01
9.210082159042358398e+02	2.982999999999999829e+01
9.234706418514251709e+02	2.980000000000000071e+01
9.259330184459686279e+02	2.976000000000000156e+01
9.283954384326934814e+02	2.976000000000000156e+01
9.308585190773010254e+02	2.980000000000000071e+01
9.333210256099700928e+02	2.973000000000000043e+01
9.357831969261169434e+02	2.969999999999999929e+01
9.382456078529357910e+02	2.973000000000000043e+01
9.407086420059204102e+02	2.976000000000000156e+01
9.431702671051025391e+02	2.969999999999999929e+01
9.456337430477142334e+02	2.976000000000000156e+01
9.480960052013397217e+02	2.973000000000000043e+01
9.505590848922729492e+02	2.976000000000000156e+01
9.530211551189422607e+02	2.976000000000000156e+01
9.554840080738067627e+02	2.976000000000000156e+01
9.579465818405151367e+02	2.980000000000000071e+01
9.604092221260070801e+02	2.982999999999999829e+01
9.628719573020935059e+02	2.980000000000000071e+01
9.653341238498687744e+02	2.980000000000000071e+01
9.677969748973846436e+02	2.980000000000000071e+01
9.702597155570983887e+02	2.982999999999999829e+01
9.727223963737487793e+02	2.980000000000000071e+01
9.751849188804626465e+02	2.980000000000000071e+01
9.776477792263031006e+02	2.980000000000000071e+01
9.801104912757873535e+02	2.980000000000000071e+01
9.825728480815887451e+02	2.976000000000000156e+01
9.850348064899444580e+02	2.976000000000000156e+01
9.874982645511627197e+02	2.976000000000000156e+01
9.899608638286590576e+02	2.976000000000000156e+01
9.924227771759033203e+02	2.976000000000000156e+01
9.948859422206878662e+02	2.980000000000000071e+01
9.973481428623199463e+02	2.973000000000000043e+01
9.998102369308471680e+02	2.980000000000000071e+01
1.002273821115493774e+03	2.980000000000000071e+01
1.004736142396926880e+03	2.980000000000000071e+01
1.007198814392089844e+03	2.980000000000000071e+01
1.009660334110260010e+03	2.982999999999999829e+01
1.012123082160949707e+03	2.985999999999999943e+01
1.014586094856262207e+03	2.980000000000000071e+01
1.017049171447753906e+03	2.982999999999999829e+01
1.019511213302612305e+03	2.976000000000000156e+01
1.021973336935043335e+03	2.980000000000000071e+01
1.024436449766159058e+03	2.980000000000000071e+01
1.026899393320083618e+03	2.980000000000000071e+01
1.029362280845642090e+03	2.976000000000000156e+01
1.031823995828628540e+03	2.976000000000000156e+01
1.034286955833435059e+03	2.976000000000000156e+01
1.036749993562698364e+03	2.976000000000000156e+01
1.039211732625961304e+03	2.976000000000000156e+01
1.041675058364868164e+03	2.976000000000000156e+01
1.044137397289276123e+03	2.976000000000000156e+01
1.046600258827209473e+03	2.976000000000000156e+01
1.049062973022460938e+03	2.973000000000000043e+01
1.051524340152740479e+03	2.976000000000000156e+01
1.053987605571746826e+03	2.976000000000000156e+01
1.056450054407119751e+03	2.976000000000000156e+01
1.058912427663803101e+03	2.976000000000000156e+01
1.061375698328018188e+03	2.976000000000000156e+01
1.063837904453277588e+03	2.976000000000000156e+01
1.066299971818923950e+03	2.976000000000000156e+01
1.068763405561447144e+03	2.982999999999999829e+01
1.071226089715957642e+03	2.976000000000000156e+01
1.073688086986541748e+03	2.976000000000000156e+01
1.076150843620300293e+03	2.976000000000000156e+01
1.078613365173339844e+03	2.980000000000000071e+01
1.081076314210891724e+03	2.982999999999999829e+01
1.083538967609405518e+03	2.980000000000000071e+01
1.086001078605651855e+03	2.985999999999999943e+01
1.088463709354400635e+03	2.982999999999999829e+01
1.090926596641540527e+03	2.980000000000000071e+01
1.093388461828231812e+03	2.982999999999999829e+01
1.095851900577545166e+03	2.976000000000000156e+01
1.098314461708068848e+03	2.976000000000000156e+01
1.100776409387588501e+03	2.980000000000000071e+01
1.103238929510116577e+03	2.976000000000000156e+01
1.105701896667480469e+03	2.976000000000000156e+01
1.108164541244506836e+03	2.973000000000000043e+01
1.110626683473587036e+03	2.973000000000000043e+01
1.113089480638504028e+03	2.976000000000000156e+01
1.115552573204040527e+03	2.973000000000000043e+01
1.118015345096588135e+03	2.973000000000000043e+01
1.120477353096008301e+03	2.976000000000000156e+01
1.122940272569656372e+03	2.976000000000000156e+01
1.125402347803115845e+03	2.980000000000000071e+01
1.127865092515945435e+03	2.980000000000000071e+01
1.130328491210937500e+03	2.980000000000000071e+01
1.132790472030639648e+03	2.980000000000000071e+01
1.135253748893737793e+03	2.982999999999999829e+01
1.137715558052062988e+03	2.982999999999999829e+01
1.140177747488021851e+03	2.982999999999999829e+01
1.142641295909881592e+03	2.982999999999999829e+01
1.145103670120239258e+03	2.982999999999999829e+01
1.147566026210784912e+03	2.980000000000000071e+01
1.150028355598449707e+03	2.982999999999999829e+01
1.152490615129470825e+03	2.982999999999999829e+01
1.154953906774520874e+03	2.980000000000000071e+01
1.157416712045669556e+03	2.976000000000000156e+01
1.159878630399703979e+03	2.976000000000000156e+01
1.162342044830322266e+03	2.973000000000000043e+01
1.164804321527481079e+03	2.976000000000000156e+01
1.167266175746917725e+03	2.976000000000000156e+01
1.169729021072387695e+03	2.980000000000000071e+01
1.172191240787506104e+03	2.976000000000000156e+01
1.174654874563217163e+03	2.980000000000000071e+01
1.177117335319519043e+03	2.980000000000000071e+01
1.179579035997390747e+03	2.982999999999999829e+01
1.182041815519332886e+03	2.982999999999999829e+01
1.184504492044448853e+03	2.980000000000000071e+01
1.186967488288879395e+03	2.980000000000000071e+01
1.189429936647415161e+03	2.980000000000000071e+01
1.191893140077590942e+03	2.982999999999999829e+01
1.194354639530181885e+03	2.982999999999999829e+01
1.196818173885345459e+03	2.980000000000000071e+01
1.199280631542205811e+03	2.976000000000000156e+01
1.201743368148803711e+03	2.982999999999999829e+01
1.204205970525741577e+03	2.982999999999999829e+01
1.206668401002883911e+03	2.982999999999999829e+01
1.209130406856536865e+03	2.980000000000000071e+01
1.211592986345291138e+03	2.980000000000000071e+01
1.214056219577789307e+03	2.980000000000000071e+01
1.216518747568130493e+03	2.976000000000000156e+01
1.218981077194213867e+03	2.976000000000000156e+01
1.221444055795669556e+03	2.976000000000000156e+01
1.223905885219573975e+03	2.976000000000000156e+01
1.226368449687957764e+03	2.973000000000000043e+01
1.228831225872039795e+03	2.976000000000000156e+01
1.231294419527053833e+03	2.973000000000000043e+01
1.233756834030151367e+03	2.980000000000000071e+01
1.236219439268112183e+03	2.973000000000000043e+01
1.238682297229766846e+03	2.980000000000000071e+01
1.241144327878952026e+03	2.980000000000000071e+01
1.243606333255767822e+03	2.976000000000000156e+01
1.246069710254669189e+03	2.976000000000000156e+01
1.248532281637191772e+03	2.982999999999999829e+01
1.250995035886764526e+03	2.980000000000000071e+01
1.253456410408020020e+03	2.980000000000000071e+01
1.255920243740081787e+03	2.980000000000000071e+01
1.258382977008819580e+03	2.976000000000000156e+01
1.260844916820526123e+03	2.976000000000000156e+01
1.263308271408081055e+03	2.976000000000000156e+01
1.265770246028900146e+03	2.976000000000000156e+01
1.268233302354812622e+03	2.980000000000000071e+01
1.270695111274719238e+03	2.976000000000000156e+01
1.273157699108123779e+03	2.980000000000000071e+01
1.275620963573455811e+03	2.982999999999999829e+01
1.278082932949066162e+03	2.976000000000000156e+01
1.280545772314071655e+03	2.980000000000000071e+01
1.283008127689361572e+03	2.980000000000000071e+01
1.285470806121826172e+03	2.976000000000000156e+01
1.287933539628982544e+03	2.980000000000000071e+01
1.290396021604537964e+03	2.980000000000000071e+01
1.292858342885971069e+03	2.976000000000000156e+01
1.295321264743804932e+03	2.976000000000000156e+01
1.297784039735794067e+03	2.980000000000000071e+01
1.300246005535125732e+03	2.980000000000000071e+01
1.302708924055099487e+03	2.980000000000000071e+01
1.305171089172363281e+03	2.980000000000000071e+01
1.307633771181106567e+03	2.980000000000000071e+01
1.310097175836563110e+03	2.980000000000000071e+01
1.312559072017669678e+03	2.982999999999999829e+01
1.315022322893142700e+03	2.976000000000000156e+01
1.317484760284423828e+03	2.976000000000000156e+01
1.319947414636611938e+03	2.976000000000000156e+01
1.322409339189529419e+03	2.973000000000000043e+01
1.324872132778167725e+03	2.976000000000000156e+01
1.327335163354873657e+03	2.976000000000000156e+01
1.329797194957733154e+03	2.980000000000000071e+01
1.332260461807250977e+03	2.976000000000000156e+01
1.334723039627075195e+03	2.980000000000000071e+01
1.337185187816619873e+03	2.980000000000000071e+01
1.339647820234298706e+03	2.980000000000000071e+01
1.342110769033432007e+03	2.980000000000000071e+01
1.344573225498199463e+03	2.980000000000000071e+01
1.347036044120788574e+03	2.976000000000000156e+01
1.349497394800186157e+03	2.980000000000000071e+01
1.351961015462875366e+03	2.980000000000000071e+01
1.354422952651977539e+03	2.982999999999999829e+01
1.356885763406753540e+03	2.980000000000000071e+01
1.359348555564880371e+03	2.976000000000000156e+01
1.361811383485794067e+03	2.980000000000000071e+01
1.364273599386215210e+03	2.980000000000000071e+01
1.366736284255981445e+03	2.973000000000000043e+01
1.369199086427688599e+03	2.973000000000000043e+01
1.371660906553268433e+03	2.976000000000000156e+01
1.374123708724975586e+03	2.982999999999999829e+01
1.376586040735244751e+03	2.982999999999999829e+01
1.379049612045288086e+03	2.976000000000000156e+01
1.381511529445648193e+03	2.976000000000000156e+01
1.383974616289138794e+03	2.976000000000000156e+01
1.386437361001968384e+03	2.976000000000000156e+01
1.388899859666824341e+03	2.976000000000000156e+01
1.391362379550933838e+03	2.976000000000000156e+01
1.393825192689895630e+03	2.980000000000000071e+01
1.396287211418151855e+03	2.976000000000000156e+01
1.398749415397644043e+03	2.976000000000000156e+01
1.401212428569793701e+03	2.976000000000000156e+01
1.403674402236938477e+03	2.982999999999999829e+01
1.406137420654296875e+03	2.982999999999999829e+01
1.408600062131881714e+03	2.982999999999999829e+01
1.411063339948654175e+03	2.982999999999999829e+01
1.413525126457214355e+03	2.980000000000000071e+01
1.415988263368606567e+03	2.980000000000000071e+01
1.418450623273849487e+03	2.980000000000000071e+01
1.420912811756134033e+03	2.976000000000000156e+01
1.423375611782073975e+03	2.976000000000000156e+01
1.425837742328643799e+03	2.973000000000000043e+01
1.428301357507705688e+03	2.973000000000000043e+01
1.430763109683990479e+03	2.976000000000000156e+01
1.433226139545440674e+03	2.969999999999999929e+01
1.435688222169876099e+03	2.973000000000000043e+01
1.438151210069656372e+03	2.973000000000000043e+01
1.440613557577133179e+03	2.973000000000000043e+01
1.443076977729797363e+03	2.976000000000000156e+01
1.445539385557174683e+03	2.980000000000000071e+01
1.448001805305480957e+03	2.980000000000000071e+01
1.450463529109954834e+03	2.976000000000000156e+01
1.452925985336303711e+03	2.980000000000000071e+01
1.455389723300933838e+03	2.980000000000000071e+01
1.457851458072662354e+03	2.985999999999999943e+01
1.460314478635787964e+03	2.982999999999999829e+01
1.462777394533157349e+03	2.982999999999999829e+01
1.465239954710006714e+03	2.982999999999999829e+01
1.467702984094619751e+03	2.985999999999999943e+01
1.470164869546890259e+03	2.980000000000000071e+01
1.472627819776535034e+03	2.980000000000000071e+01
1.475090201616287231e+03	2.976000000000000156e+01
