# 20220727
# time			temp			
0.000000000000000000e+00	2.982999999999999829e+01
2.416742086410522461e+00	2.980000000000000071e+01
4.879191637039184570e+00	2.976000000000000156e+01
7.342253208160400391e+00	2.982999999999999829e+01
9.804697751998901367e+00	2.982999999999999829e+01
1.226722764968872070e+01	2.980000000000000071e+01
1.468359112739562988e+01	2.982999999999999829e+01
1.714598464965820312e+01	2.982999999999999829e+01
1.960883712768554688e+01	2.980000000000000071e+01
2.207118940353393555e+01	2.976000000000000156e+01
2.453355360031127930e+01	2.976000000000000156e+01
2.699642229080200195e+01	2.973000000000000043e+01
2.945974946022033691e+01	2.973000000000000043e+01
3.192182254791259766e+01	2.973000000000000043e+01
3.438484954833984375e+01	2.969999999999999929e+01
3.684692430496215820e+01	2.973000000000000043e+01
3.930910205841064453e+01	2.966000000000000014e+01
4.177198553085327148e+01	2.969999999999999929e+01
4.423443508148193359e+01	2.969999999999999929e+01
4.669688725471496582e+01	2.969999999999999929e+01
4.916005945205688477e+01	2.976000000000000156e+01
5.162166357040405273e+01	2.969999999999999929e+01
5.408517336845397949e+01	2.980000000000000071e+01
5.654696726799011230e+01	2.973000000000000043e+01
5.900945305824279785e+01	2.976000000000000156e+01
6.147186803817749023e+01	2.973000000000000043e+01
6.393470382690429688e+01	2.976000000000000156e+01
6.639709806442260742e+01	2.976000000000000156e+01
6.886011815071105957e+01	2.973000000000000043e+01
7.132212638854980469e+01	2.973000000000000043e+01
7.378469133377075195e+01	2.976000000000000156e+01
7.624744129180908203e+01	2.976000000000000156e+01
7.871004748344421387e+01	2.980000000000000071e+01
8.117288112640380859e+01	2.980000000000000071e+01
8.363590145111083984e+01	2.980000000000000071e+01
8.609759879112243652e+01	2.976000000000000156e+01
8.855974769592285156e+01	2.980000000000000071e+01
9.102318787574768066e+01	2.980000000000000071e+01
9.348576498031616211e+01	2.980000000000000071e+01
9.594860887527465820e+01	2.976000000000000156e+01
9.841113781929016113e+01	2.976000000000000156e+01
1.008732450008392334e+02	2.980000000000000071e+01
1.033357012271881104e+02	2.969999999999999929e+01
1.057987928390502930e+02	2.973000000000000043e+01
1.082611231803894043e+02	2.976000000000000156e+01
1.107241461277008057e+02	2.976000000000000156e+01
1.131867654323577881e+02	2.973000000000000043e+01
1.156480906009674072e+02	2.973000000000000043e+01
1.181108560562133789e+02	2.969999999999999929e+01
1.205734329223632812e+02	2.973000000000000043e+01
1.230362310409545898e+02	2.973000000000000043e+01
1.254986824989318848e+02	2.976000000000000156e+01
1.279612538814544678e+02	2.973000000000000043e+01
1.304238288402557373e+02	2.973000000000000043e+01
1.328863046169281006e+02	2.973000000000000043e+01
1.353497455120086670e+02	2.973000000000000043e+01
1.378121030330657959e+02	2.973000000000000043e+01
1.402740914821624756e+02	2.976000000000000156e+01
1.427364814281463623e+02	2.969999999999999929e+01
1.451994383335113525e+02	2.973000000000000043e+01
1.476620607376098633e+02	2.969999999999999929e+01
1.501245417594909668e+02	2.973000000000000043e+01
1.525865244865417480e+02	2.976000000000000156e+01
1.550495936870574951e+02	2.980000000000000071e+01
1.575120050907135010e+02	2.976000000000000156e+01
1.599751489162445068e+02	2.976000000000000156e+01
1.624371027946472168e+02	2.980000000000000071e+01
1.648995056152343750e+02	2.976000000000000156e+01
1.673629469871520996e+02	2.973000000000000043e+01
1.698248226642608643e+02	2.973000000000000043e+01
1.722874276638031006e+02	2.976000000000000156e+01
1.747502653598785400e+02	2.976000000000000156e+01
1.772127575874328613e+02	2.976000000000000156e+01
1.796748871803283691e+02	2.976000000000000156e+01
1.821383879184722900e+02	2.976000000000000156e+01
1.846001212596893311e+02	2.976000000000000156e+01
1.870625207424163818e+02	2.976000000000000156e+01
1.895253226757049561e+02	2.976000000000000156e+01
1.919877133369445801e+02	2.980000000000000071e+01
1.944506690502166748e+02	2.980000000000000071e+01
1.969140210151672363e+02	2.973000000000000043e+01
1.993758263587951660e+02	2.982999999999999829e+01
2.018393075466156006e+02	2.980000000000000071e+01
2.043010473251342773e+02	2.980000000000000071e+01
2.067635569572448730e+02	2.980000000000000071e+01
2.092265555858612061e+02	2.982999999999999829e+01
2.116889126300811768e+02	2.976000000000000156e+01
2.141517677307128906e+02	2.976000000000000156e+01
2.166134510040283203e+02	2.976000000000000156e+01
2.190762929916381836e+02	2.982999999999999829e+01
2.215389585494995117e+02	2.976000000000000156e+01
2.240019421577453613e+02	2.976000000000000156e+01
2.264640145301818848e+02	2.976000000000000156e+01
2.289269213676452637e+02	2.980000000000000071e+01
2.313898797035217285e+02	2.976000000000000156e+01
2.338516581058502197e+02	2.976000000000000156e+01
2.363140306472778320e+02	2.976000000000000156e+01
2.387767860889434814e+02	2.976000000000000156e+01
2.412388117313385010e+02	2.976000000000000156e+01
2.437017312049865723e+02	2.976000000000000156e+01
2.461647269725799561e+02	2.982999999999999829e+01
2.486275305747985840e+02	2.973000000000000043e+01
2.510897727012634277e+02	2.976000000000000156e+01
2.535516197681427002e+02	2.976000000000000156e+01
2.560144057273864746e+02	2.973000000000000043e+01
2.584769365787506104e+02	2.980000000000000071e+01
2.609396815299987793e+02	2.980000000000000071e+01
2.634028999805450439e+02	2.980000000000000071e+01
2.658645715713500977e+02	2.980000000000000071e+01
2.683277866840362549e+02	2.980000000000000071e+01
2.707902140617370605e+02	2.976000000000000156e+01
2.732532715797424316e+02	2.976000000000000156e+01
2.757149658203125000e+02	2.976000000000000156e+01
2.781780014038085938e+02	2.973000000000000043e+01
2.806407463550567627e+02	2.976000000000000156e+01
2.831031262874603271e+02	2.982999999999999829e+01
2.855651881694793701e+02	2.969999999999999929e+01
2.880285851955413818e+02	2.980000000000000071e+01
2.904907419681549072e+02	2.980000000000000071e+01
2.929526147842407227e+02	2.980000000000000071e+01
2.954156842231750488e+02	2.982999999999999829e+01
2.978787164688110352e+02	2.976000000000000156e+01
3.003412191867828369e+02	2.976000000000000156e+01
3.028037705421447754e+02	2.976000000000000156e+01
3.052664334774017334e+02	2.976000000000000156e+01
3.077293355464935303e+02	2.969999999999999929e+01
3.101917855739593506e+02	2.976000000000000156e+01
3.126541063785552979e+02	2.973000000000000043e+01
3.151168606281280518e+02	2.966000000000000014e+01
3.175786056518554688e+02	2.976000000000000156e+01
3.200419197082519531e+02	2.976000000000000156e+01
3.225043344497680664e+02	2.973000000000000043e+01
3.249670243263244629e+02	2.976000000000000156e+01
3.274291160106658936e+02	2.969999999999999929e+01
3.298919975757598877e+02	2.973000000000000043e+01
3.323542735576629639e+02	2.976000000000000156e+01
3.348175632953643799e+02	2.969999999999999929e+01
3.372793726921081543e+02	2.969999999999999929e+01
3.397420818805694580e+02	2.976000000000000156e+01
3.422045500278472900e+02	2.973000000000000043e+01
3.446673479080200195e+02	2.973000000000000043e+01
3.471296298503875732e+02	2.973000000000000043e+01
3.495923509597778320e+02	2.976000000000000156e+01
3.520555567741394043e+02	2.976000000000000156e+01
3.545176689624786377e+02	2.976000000000000156e+01
3.569806451797485352e+02	2.976000000000000156e+01
3.594427378177642822e+02	2.973000000000000043e+01
3.619048707485198975e+02	2.976000000000000156e+01
3.643676781654357910e+02	2.976000000000000156e+01
3.668308563232421875e+02	2.973000000000000043e+01
3.692921156883239746e+02	2.976000000000000156e+01
3.717550501823425293e+02	2.973000000000000043e+01
3.742175469398498535e+02	2.976000000000000156e+01
3.766806588172912598e+02	2.976000000000000156e+01
3.791428081989288330e+02	2.976000000000000156e+01
3.816052882671356201e+02	2.976000000000000156e+01
3.840676853656768799e+02	2.976000000000000156e+01
3.865299210548400879e+02	2.976000000000000156e+01
3.889934530258178711e+02	2.976000000000000156e+01
3.914555218219757080e+02	2.976000000000000156e+01
3.939187605381011963e+02	2.973000000000000043e+01
3.963811094760894775e+02	2.980000000000000071e+01
3.988438258171081543e+02	2.973000000000000043e+01
4.013064718246459961e+02	2.973000000000000043e+01
4.037684142589569092e+02	2.980000000000000071e+01
4.062316174507141113e+02	2.980000000000000071e+01
4.086938247680664062e+02	2.973000000000000043e+01
4.111571507453918457e+02	2.976000000000000156e+01
4.136180899143218994e+02	2.980000000000000071e+01
4.160820806026458740e+02	2.980000000000000071e+01
4.185442810058593750e+02	2.976000000000000156e+01
4.210074093341827393e+02	2.976000000000000156e+01
4.234697847366333008e+02	2.976000000000000156e+01
4.259318215847015381e+02	2.976000000000000156e+01
4.283937878608703613e+02	2.973000000000000043e+01
4.308574998378753662e+02	2.973000000000000043e+01
4.333648197650909424e+02	2.973000000000000043e+01
4.358274152278900146e+02	2.969999999999999929e+01
4.382903232574462891e+02	2.973000000000000043e+01
4.407528867721557617e+02	2.969999999999999929e+01
