# 20220727
# time			temp			
0.000000000000000000e+00	2.992999999999999972e+01
2.463306903839111328e+00	2.989999999999999858e+01
4.926008701324462891e+00	2.989999999999999858e+01
7.388897657394409180e+00	2.989999999999999858e+01
9.851046562194824219e+00	2.985999999999999943e+01
1.231333875656127930e+01	2.989999999999999858e+01
1.477572369575500488e+01	2.989999999999999858e+01
1.723883748054504395e+01	2.989999999999999858e+01
1.970098114013671875e+01	2.985999999999999943e+01
2.216370391845703125e+01	2.985999999999999943e+01
2.462692308425903320e+01	2.989999999999999858e+01
2.708938455581665039e+01	2.989999999999999858e+01
2.955121207237243652e+01	2.989999999999999858e+01
3.201423335075378418e+01	2.985999999999999943e+01
3.447737956047058105e+01	2.989999999999999858e+01
3.693899822235107422e+01	2.992999999999999972e+01
3.940195822715759277e+01	2.985999999999999943e+01
4.186489224433898926e+01	2.989999999999999858e+01
4.432739877700805664e+01	2.989999999999999858e+01
4.679000949859619141e+01	2.985999999999999943e+01
4.925242567062377930e+01	2.985999999999999943e+01
5.171505570411682129e+01	2.985999999999999943e+01
5.417730259895324707e+01	2.985999999999999943e+01
5.664001488685607910e+01	2.985999999999999943e+01
5.910243892669677734e+01	2.982999999999999829e+01
6.156516337394714355e+01	2.985999999999999943e+01
6.402806711196899414e+01	2.982999999999999829e+01
6.649106621742248535e+01	2.982999999999999829e+01
6.895289969444274902e+01	2.982999999999999829e+01
7.141662955284118652e+01	2.980000000000000071e+01
7.387868189811706543e+01	2.982999999999999829e+01
7.634128141403198242e+01	2.982999999999999829e+01
7.880428433418273926e+01	2.985999999999999943e+01
8.126589250564575195e+01	2.985999999999999943e+01
8.372894334793090820e+01	2.982999999999999829e+01
8.619148254394531250e+01	2.985999999999999943e+01
8.865404272079467773e+01	2.985999999999999943e+01
9.111743831634521484e+01	2.992999999999999972e+01
9.358025836944580078e+01	2.989999999999999858e+01
9.604246020317077637e+01	2.985999999999999943e+01
9.850488686561584473e+01	2.982999999999999829e+01
1.009677119255065918e+02	2.982999999999999829e+01
1.034305667877197266e+02	2.982999999999999829e+01
1.058927695751190186e+02	2.989999999999999858e+01
1.083546473979949951e+02	2.985999999999999943e+01
1.108182470798492432e+02	2.985999999999999943e+01
1.132809731960296631e+02	2.989999999999999858e+01
1.157434527873992920e+02	2.989999999999999858e+01
1.182053878307342529e+02	2.992999999999999972e+01
1.206686661243438721e+02	2.989999999999999858e+01
1.231313109397888184e+02	2.985999999999999943e+01
1.255940914154052734e+02	2.985999999999999943e+01
1.280559339523315430e+02	2.985999999999999943e+01
1.305189764499664307e+02	2.989999999999999858e+01
1.329820077419281006e+02	2.982999999999999829e+01
1.354442090988159180e+02	2.985999999999999943e+01
1.379059484004974365e+02	2.985999999999999943e+01
1.403696939945220947e+02	2.985999999999999943e+01
1.428326299190521240e+02	2.985999999999999943e+01
1.452950084209442139e+02	2.985999999999999943e+01
1.477570049762725830e+02	2.985999999999999943e+01
1.502199516296386719e+02	2.985999999999999943e+01
1.526827547550201416e+02	2.985999999999999943e+01
1.551450986862182617e+02	2.982999999999999829e+01
1.576082439422607422e+02	2.985999999999999943e+01
1.600699484348297119e+02	2.982999999999999829e+01
1.625329520702362061e+02	2.982999999999999829e+01
1.649959435462951660e+02	2.985999999999999943e+01
1.674584286212921143e+02	2.982999999999999829e+01
1.699208981990814209e+02	2.985999999999999943e+01
1.723839461803436279e+02	2.982999999999999829e+01
1.748458921909332275e+02	2.985999999999999943e+01
1.773088238239288330e+02	2.985999999999999943e+01
1.797711508274078369e+02	2.985999999999999943e+01
1.822334370613098145e+02	2.985999999999999943e+01
1.846967732906341553e+02	2.992999999999999972e+01
1.871585602760314941e+02	2.985999999999999943e+01
1.896217296123504639e+02	2.985999999999999943e+01
1.920837812423706055e+02	2.982999999999999829e+01
1.945466663837432861e+02	2.985999999999999943e+01
1.970089759826660156e+02	2.982999999999999829e+01
1.994713129997253418e+02	2.982999999999999829e+01
2.019348499774932861e+02	2.985999999999999943e+01
2.043972084522247314e+02	2.985999999999999943e+01
2.068594834804534912e+02	2.985999999999999943e+01
2.093227753639221191e+02	2.985999999999999943e+01
2.117845344543457031e+02	2.989999999999999858e+01
2.142476851940155029e+02	2.985999999999999943e+01
2.167094156742095947e+02	2.985999999999999943e+01
2.191727278232574463e+02	2.985999999999999943e+01
2.216355869770050049e+02	2.989999999999999858e+01
2.240977745056152344e+02	2.985999999999999943e+01
2.265600636005401611e+02	2.985999999999999943e+01
2.290232427120208740e+02	2.989999999999999858e+01
2.314854612350463867e+02	2.985999999999999943e+01
2.339485876560211182e+02	2.989999999999999858e+01
2.364110977649688721e+02	2.985999999999999943e+01
2.388735480308532715e+02	2.989999999999999858e+01
2.413358814716339111e+02	2.985999999999999943e+01
2.437986030578613281e+02	2.989999999999999858e+01
2.462616896629333496e+02	2.989999999999999858e+01
2.487244651317596436e+02	2.989999999999999858e+01
2.511866087913513184e+02	2.985999999999999943e+01
2.536489865779876709e+02	2.985999999999999943e+01
2.561117579936981201e+02	2.985999999999999943e+01
2.585741724967956543e+02	2.985999999999999943e+01
2.610376274585723877e+02	2.982999999999999829e+01
2.635001451969146729e+02	2.985999999999999943e+01
2.659619529247283936e+02	2.982999999999999829e+01
2.684253690242767334e+02	2.982999999999999829e+01
2.708870961666107178e+02	2.985999999999999943e+01
2.733507065773010254e+02	2.985999999999999943e+01
2.758129935264587402e+02	2.982999999999999829e+01
2.782752552032470703e+02	2.985999999999999943e+01
2.807380990982055664e+02	2.985999999999999943e+01
2.832006509304046631e+02	2.989999999999999858e+01
2.856638076305389404e+02	2.989999999999999858e+01
2.881253771781921387e+02	2.989999999999999858e+01
2.905888078212738037e+02	2.989999999999999858e+01
2.930516996383666992e+02	2.989999999999999858e+01
2.955135045051574707e+02	2.992999999999999972e+01
2.979765472412109375e+02	2.989999999999999858e+01
3.004388358592987061e+02	2.985999999999999943e+01
3.029015994071960449e+02	2.982999999999999829e+01
3.053643569946289062e+02	2.985999999999999943e+01
3.078273389339447021e+02	2.985999999999999943e+01
3.102894101142883301e+02	2.985999999999999943e+01
3.127522206306457520e+02	2.989999999999999858e+01
3.152151517868041992e+02	2.989999999999999858e+01
3.176767258644104004e+02	2.989999999999999858e+01
3.201395387649536133e+02	2.985999999999999943e+01
3.226028387546539307e+02	2.985999999999999943e+01
3.250654919147491455e+02	2.985999999999999943e+01
3.275277764797210693e+02	2.989999999999999858e+01
3.299908275604248047e+02	2.985999999999999943e+01
3.324533739089965820e+02	2.985999999999999943e+01
3.349155871868133545e+02	2.989999999999999858e+01
3.373777341842651367e+02	2.989999999999999858e+01
3.398408675193786621e+02	2.989999999999999858e+01
3.423031160831451416e+02	2.989999999999999858e+01
3.447662706375122070e+02	2.989999999999999858e+01
3.472286114692687988e+02	2.989999999999999858e+01
3.496913628578186035e+02	2.989999999999999858e+01
3.521535117626190186e+02	2.989999999999999858e+01
3.546165239810943604e+02	2.985999999999999943e+01
3.570791399478912354e+02	2.989999999999999858e+01
3.595419313907623291e+02	2.989999999999999858e+01
3.620043959617614746e+02	2.985999999999999943e+01
3.644672982692718506e+02	2.989999999999999858e+01
3.669298334121704102e+02	2.989999999999999858e+01
3.693918747901916504e+02	2.989999999999999858e+01
3.718544704914093018e+02	2.985999999999999943e+01
3.743176867961883545e+02	2.985999999999999943e+01
3.767803692817687988e+02	2.985999999999999943e+01
3.792423665523529053e+02	2.985999999999999943e+01
3.817048819065093994e+02	2.985999999999999943e+01
3.841679778099060059e+02	2.985999999999999943e+01
3.866309943199157715e+02	2.985999999999999943e+01
3.890939362049102783e+02	2.985999999999999943e+01
3.915559928417205811e+02	2.982999999999999829e+01
3.940186295509338379e+02	2.985999999999999943e+01
3.964815173149108887e+02	2.985999999999999943e+01
3.989434421062469482e+02	2.985999999999999943e+01
4.014065454006195068e+02	2.982999999999999829e+01
4.038690438270568848e+02	2.982999999999999829e+01
4.063317315578460693e+02	2.989999999999999858e+01
4.087937448024749756e+02	2.985999999999999943e+01
4.112562804222106934e+02	2.985999999999999943e+01
4.137190985679626465e+02	2.989999999999999858e+01
4.161824615001678467e+02	2.985999999999999943e+01
4.186443319320678711e+02	2.985999999999999943e+01
4.211071603298187256e+02	2.985999999999999943e+01
4.235699191093444824e+02	2.989999999999999858e+01
4.260327222347259521e+02	2.982999999999999829e+01
4.284947016239166260e+02	2.985999999999999943e+01
4.309581179618835449e+02	2.985999999999999943e+01
4.334205479621887207e+02	2.985999999999999943e+01
4.358829984664916992e+02	2.985999999999999943e+01
4.383446536064147949e+02	2.985999999999999943e+01
4.408079652786254883e+02	2.985999999999999943e+01
4.432705693244934082e+02	2.985999999999999943e+01
4.457337634563446045e+02	2.989999999999999858e+01
4.481959967613220215e+02	2.989999999999999858e+01
4.506588201522827148e+02	2.985999999999999943e+01
4.531205196380615234e+02	2.992999999999999972e+01
4.555840282440185547e+02	2.989999999999999858e+01
4.580460801124572754e+02	2.985999999999999943e+01
4.605085334777832031e+02	2.982999999999999829e+01
4.629717941284179688e+02	2.989999999999999858e+01
4.654337124824523926e+02	2.989999999999999858e+01
4.678968465328216553e+02	2.985999999999999943e+01
4.703588745594024658e+02	2.982999999999999829e+01
4.728219208717346191e+02	2.985999999999999943e+01
4.752846457958221436e+02	2.992999999999999972e+01
4.777467291355133057e+02	2.982999999999999829e+01
4.802101974487304688e+02	2.989999999999999858e+01
4.826720638275146484e+02	2.989999999999999858e+01
4.851347172260284424e+02	2.989999999999999858e+01
4.875977716445922852e+02	2.989999999999999858e+01
4.900602726936340332e+02	2.989999999999999858e+01
4.925234253406524658e+02	2.989999999999999858e+01
4.949861626625061035e+02	2.989999999999999858e+01
4.974486246109008789e+02	2.989999999999999858e+01
4.999106640815734863e+02	2.989999999999999858e+01
5.023734357357025146e+02	2.989999999999999858e+01
5.048355586528778076e+02	2.989999999999999858e+01
5.072989060878753662e+02	2.989999999999999858e+01
5.097613477706909180e+02	2.989999999999999858e+01
5.122238554954528809e+02	2.996999999999999886e+01
5.146861886978149414e+02	2.989999999999999858e+01
5.171485927104949951e+02	2.989999999999999858e+01
5.196120221614837646e+02	2.989999999999999858e+01
5.220743629932403564e+02	2.989999999999999858e+01
5.245373568534851074e+02	2.985999999999999943e+01
5.269995834827423096e+02	2.989999999999999858e+01
5.294625892639160156e+02	2.985999999999999943e+01
5.319251811504364014e+02	2.989999999999999858e+01
5.343877086639404297e+02	2.989999999999999858e+01
5.368498702049255371e+02	2.985999999999999943e+01
5.393129129409790039e+02	2.989999999999999858e+01
5.417748718261718750e+02	2.989999999999999858e+01
5.442382128238677979e+02	2.989999999999999858e+01
5.467009811401367188e+02	2.989999999999999858e+01
5.491624250411987305e+02	2.985999999999999943e+01
5.516251859664916992e+02	2.989999999999999858e+01
5.540883574485778809e+02	2.989999999999999858e+01
5.565509412288665771e+02	2.982999999999999829e+01
5.590136244297027588e+02	2.985999999999999943e+01
5.614756557941436768e+02	2.985999999999999943e+01
5.639390108585357666e+02	2.989999999999999858e+01
5.664017858505249023e+02	2.985999999999999943e+01
5.688638832569122314e+02	2.985999999999999943e+01
5.713259744644165039e+02	2.985999999999999943e+01
5.737889573574066162e+02	2.989999999999999858e+01
5.762516887187957764e+02	2.985999999999999943e+01
5.787148630619049072e+02	2.982999999999999829e+01
5.811773777008056641e+02	2.985999999999999943e+01
5.836401462554931641e+02	2.985999999999999943e+01
5.861017913818359375e+02	2.982999999999999829e+01
5.885643272399902344e+02	2.982999999999999829e+01
5.910279788970947266e+02	2.985999999999999943e+01
5.934905591011047363e+02	2.985999999999999943e+01
5.959531245231628418e+02	2.985999999999999943e+01
5.984153370857238770e+02	2.985999999999999943e+01
6.008776173591613770e+02	2.985999999999999943e+01
6.033409128189086914e+02	2.982999999999999829e+01
6.058029816150665283e+02	2.985999999999999943e+01
6.082659931182861328e+02	2.985999999999999943e+01
6.107283022403717041e+02	2.985999999999999943e+01
6.131912851333618164e+02	2.982999999999999829e+01
6.156534800529479980e+02	2.985999999999999943e+01
6.181166064739227295e+02	2.985999999999999943e+01
6.205791692733764648e+02	2.982999999999999829e+01
6.230420768260955811e+02	2.985999999999999943e+01
6.255041642189025879e+02	2.982999999999999829e+01
6.279668941497802734e+02	2.980000000000000071e+01
6.304292681217193604e+02	2.985999999999999943e+01
6.328913233280181885e+02	2.980000000000000071e+01
6.353548867702484131e+02	2.982999999999999829e+01
6.378171715736389160e+02	2.982999999999999829e+01
6.402802124023437500e+02	2.985999999999999943e+01
6.427420003414154053e+02	2.985999999999999943e+01
6.452051231861114502e+02	2.985999999999999943e+01
6.476671345233917236e+02	2.989999999999999858e+01
6.501301302909851074e+02	2.985999999999999943e+01
6.525930929183959961e+02	2.985999999999999943e+01
6.550556309223175049e+02	2.992999999999999972e+01
6.575173909664154053e+02	2.985999999999999943e+01
6.599806902408599854e+02	2.985999999999999943e+01
6.624430878162384033e+02	2.985999999999999943e+01
6.649055464267730713e+02	2.985999999999999943e+01
6.673687431812286377e+02	2.985999999999999943e+01
6.698313412666320801e+02	2.985999999999999943e+01
6.722940220832824707e+02	2.989999999999999858e+01
6.747559473514556885e+02	2.985999999999999943e+01
6.772184143066406250e+02	2.985999999999999943e+01
6.796812460422515869e+02	2.989999999999999858e+01
6.821440792083740234e+02	2.989999999999999858e+01
6.846066551208496094e+02	2.985999999999999943e+01
6.870696041584014893e+02	2.985999999999999943e+01
6.895325100421905518e+02	2.985999999999999943e+01
6.919945192337036133e+02	2.982999999999999829e+01
6.944572882652282715e+02	2.985999999999999943e+01
6.969197101593017578e+02	2.982999999999999829e+01
6.993822150230407715e+02	2.985999999999999943e+01
7.018450152873992920e+02	2.982999999999999829e+01
7.043072998523712158e+02	2.982999999999999829e+01
7.067706348896026611e+02	2.982999999999999829e+01
7.092331442832946777e+02	2.982999999999999829e+01
7.116958661079406738e+02	2.982999999999999829e+01
7.141583998203277588e+02	2.982999999999999829e+01
7.166204867362976074e+02	2.982999999999999829e+01
7.190829107761383057e+02	2.982999999999999829e+01
7.215464243888854980e+02	2.982999999999999829e+01
7.240085697174072266e+02	2.982999999999999829e+01
7.264704713821411133e+02	2.980000000000000071e+01
7.289340083599090576e+02	2.982999999999999829e+01
7.313961119651794434e+02	2.982999999999999829e+01
7.338590421676635742e+02	2.985999999999999943e+01
7.363210072517395020e+02	2.985999999999999943e+01
7.387842650413513184e+02	2.985999999999999943e+01
7.412468154430389404e+02	2.989999999999999858e+01
7.437091157436370850e+02	2.985999999999999943e+01
7.461721355915069580e+02	2.989999999999999858e+01
7.486341543197631836e+02	2.985999999999999943e+01
7.510967118740081787e+02	2.989999999999999858e+01
7.535594835281372070e+02	2.985999999999999943e+01
7.560227711200714111e+02	2.989999999999999858e+01
7.584848642349243164e+02	2.989999999999999858e+01
7.609479889869689941e+02	2.985999999999999943e+01
7.634108095169067383e+02	2.989999999999999858e+01
7.658727009296417236e+02	2.985999999999999943e+01
7.683361258506774902e+02	2.982999999999999829e+01
7.707985348701477051e+02	2.989999999999999858e+01
7.732607569694519043e+02	2.985999999999999943e+01
7.757228741645812988e+02	2.985999999999999943e+01
7.781858038902282715e+02	2.989999999999999858e+01
7.806479794979095459e+02	2.985999999999999943e+01
7.831111030578613281e+02	2.985999999999999943e+01
7.855737769603729248e+02	2.989999999999999858e+01
7.880365827083587646e+02	2.989999999999999858e+01
7.904990050792694092e+02	2.985999999999999943e+01
7.929618203639984131e+02	2.982999999999999829e+01
7.954239346981048584e+02	2.985999999999999943e+01
7.978864908218383789e+02	2.989999999999999858e+01
8.003487815856933594e+02	2.985999999999999943e+01
8.028120219707489014e+02	2.989999999999999858e+01
8.052749037742614746e+02	2.982999999999999829e+01
8.077377276420593262e+02	2.982999999999999829e+01
8.102000131607055664e+02	2.982999999999999829e+01
8.126620233058929443e+02	2.989999999999999858e+01
8.151250910758972168e+02	2.985999999999999943e+01
8.175878446102142334e+02	2.989999999999999858e+01
8.200507614612579346e+02	2.985999999999999943e+01
8.225132427215576172e+02	2.985999999999999943e+01
8.249756507873535156e+02	2.985999999999999943e+01
8.274386706352233887e+02	2.985999999999999943e+01
8.299010536670684814e+02	2.989999999999999858e+01
8.323640513420104980e+02	2.985999999999999943e+01
8.348260083198547363e+02	2.985999999999999943e+01
8.372888014316558838e+02	2.989999999999999858e+01
8.397516379356384277e+02	2.989999999999999858e+01
8.422138164043426514e+02	2.989999999999999858e+01
8.446768469810485840e+02	2.985999999999999943e+01
8.471392884254455566e+02	2.985999999999999943e+01
8.496018362045288086e+02	2.982999999999999829e+01
8.520646793842315674e+02	2.982999999999999829e+01
8.545267207622528076e+02	2.985999999999999943e+01
8.569897499084472656e+02	2.985999999999999943e+01
8.594518344402313232e+02	2.985999999999999943e+01
8.619150431156158447e+02	2.982999999999999829e+01
8.643772149085998535e+02	2.985999999999999943e+01
8.668402271270751953e+02	2.989999999999999858e+01
8.693020462989807129e+02	2.985999999999999943e+01
8.717647986412048340e+02	2.982999999999999829e+01
8.742284517288208008e+02	2.982999999999999829e+01
8.766906762123107910e+02	2.982999999999999829e+01
8.791527357101440430e+02	2.989999999999999858e+01
8.816156644821166992e+02	2.985999999999999943e+01
8.840786218643188477e+02	2.989999999999999858e+01
8.865411524772644043e+02	2.982999999999999829e+01
8.890035939216613770e+02	2.985999999999999943e+01
8.914659368991851807e+02	2.982999999999999829e+01
8.939289772510528564e+02	2.985999999999999943e+01
8.963920598030090332e+02	2.985999999999999943e+01
8.988536226749420166e+02	2.985999999999999943e+01
9.013167092800140381e+02	2.985999999999999943e+01
9.037790842056274414e+02	2.982999999999999829e+01
9.062420799732208252e+02	2.985999999999999943e+01
9.087038402557373047e+02	2.985999999999999943e+01
9.111666243076324463e+02	2.985999999999999943e+01
9.136293437480926514e+02	2.985999999999999943e+01
9.160920038223266602e+02	2.985999999999999943e+01
9.185549879074096680e+02	2.989999999999999858e+01
9.210178682804107666e+02	2.985999999999999943e+01
9.234798421859741211e+02	2.989999999999999858e+01
9.259424436092376709e+02	2.985999999999999943e+01
9.284048943519592285e+02	2.985999999999999943e+01
9.308683667182922363e+02	2.985999999999999943e+01
9.333308832645416260e+02	2.985999999999999943e+01
9.357925667762756348e+02	2.989999999999999858e+01
9.382554371356964111e+02	2.985999999999999943e+01
9.407184431552886963e+02	2.989999999999999858e+01
9.431810402870178223e+02	2.982999999999999829e+01
9.456437082290649414e+02	2.985999999999999943e+01
9.481056253910064697e+02	2.985999999999999943e+01
9.505694143772125244e+02	2.989999999999999858e+01
9.530316159725189209e+02	2.982999999999999829e+01
9.554938101768493652e+02	2.985999999999999943e+01
9.579567580223083496e+02	2.985999999999999943e+01
9.604193644523620605e+02	2.985999999999999943e+01
9.628817996978759766e+02	2.989999999999999858e+01
9.653440656661987305e+02	2.985999999999999943e+01
9.678069727420806885e+02	2.985999999999999943e+01
9.702700128555297852e+02	2.982999999999999829e+01
9.727318289279937744e+02	2.982999999999999829e+01
9.751950244903564453e+02	2.980000000000000071e+01
9.776577386856079102e+02	2.982999999999999829e+01
9.801204922199249268e+02	2.982999999999999829e+01
9.825832679271697998e+02	2.985999999999999943e+01
9.850454630851745605e+02	2.982999999999999829e+01
9.875083746910095215e+02	2.982999999999999829e+01
9.899704644680023193e+02	2.982999999999999829e+01
9.924336125850677490e+02	2.982999999999999829e+01
9.948950445652008057e+02	2.982999999999999829e+01
9.973580892086029053e+02	2.982999999999999829e+01
9.998207969665527344e+02	2.985999999999999943e+01
1.002283138990402222e+03	2.989999999999999858e+01
1.004746437549591064e+03	2.985999999999999943e+01
1.007209078788757324e+03	2.985999999999999943e+01
1.009671403646469116e+03	2.985999999999999943e+01
1.012134278297424316e+03	2.989999999999999858e+01
1.014596682310104370e+03	2.985999999999999943e+01
1.017059181213378906e+03	2.989999999999999858e+01
1.019521974802017212e+03	2.985999999999999943e+01
1.021984467267990112e+03	2.989999999999999858e+01
1.024446698665618896e+03	2.985999999999999943e+01
1.026909677982330322e+03	2.985999999999999943e+01
1.029372180938720703e+03	2.985999999999999943e+01
1.031834771633148193e+03	2.989999999999999858e+01
1.034297294378280640e+03	2.985999999999999943e+01
1.036760931730270386e+03	2.989999999999999858e+01
1.039222598075866699e+03	2.989999999999999858e+01
1.041685421705245972e+03	2.989999999999999858e+01
1.044148480892181396e+03	2.989999999999999858e+01
1.046610957622528076e+03	2.989999999999999858e+01
1.049072917938232422e+03	2.989999999999999858e+01
1.051536018133163452e+03	2.989999999999999858e+01
1.053999047279357910e+03	2.989999999999999858e+01
1.056461685180664062e+03	2.989999999999999858e+01
1.058923443555831909e+03	2.985999999999999943e+01
1.061386337757110596e+03	2.985999999999999943e+01
1.063849328517913818e+03	2.985999999999999943e+01
1.066311919212341309e+03	2.985999999999999943e+01
1.068774143457412720e+03	2.989999999999999858e+01
1.071236860036849976e+03	2.989999999999999858e+01
1.073699258804321289e+03	2.985999999999999943e+01
1.076162004947662354e+03	2.989999999999999858e+01
1.078624612569808960e+03	2.985999999999999943e+01
1.081087110280990601e+03	2.982999999999999829e+01
1.083549963951110840e+03	2.985999999999999943e+01
1.086012021780014038e+03	2.989999999999999858e+01
1.088475489616394043e+03	2.985999999999999943e+01
1.090938009977340698e+03	2.985999999999999943e+01
1.093399533987045288e+03	2.992999999999999972e+01
1.095862703561782837e+03	2.992999999999999972e+01
1.098325793027877808e+03	2.985999999999999943e+01
1.100788088321685791e+03	2.985999999999999943e+01
1.103250512361526489e+03	2.989999999999999858e+01
1.105713443279266357e+03	2.989999999999999858e+01
1.108176578998565674e+03	2.989999999999999858e+01
1.110638883113861084e+03	2.989999999999999858e+01
1.113101641416549683e+03	2.989999999999999858e+01
1.115563856601715088e+03	2.992999999999999972e+01
1.118026813507080078e+03	2.985999999999999943e+01
1.120488528013229370e+03	2.985999999999999943e+01
1.122952398777008057e+03	2.985999999999999943e+01
1.125413980484008789e+03	2.985999999999999943e+01
1.127877564430236816e+03	2.982999999999999829e+01
1.130339933156967163e+03	2.982999999999999829e+01
1.132802029609680176e+03	2.982999999999999829e+01
1.135265105724334717e+03	2.980000000000000071e+01
1.137727859973907471e+03	2.982999999999999829e+01
1.140189743995666504e+03	2.980000000000000071e+01
1.142652746915817261e+03	2.982999999999999829e+01
1.145115776300430298e+03	2.985999999999999943e+01
1.147577972888946533e+03	2.982999999999999829e+01
1.150040492534637451e+03	2.980000000000000071e+01
1.152502957582473755e+03	2.982999999999999829e+01
1.154966207981109619e+03	2.982999999999999829e+01
1.157428009986877441e+03	2.989999999999999858e+01
1.159891452789306641e+03	2.985999999999999943e+01
1.162354120254516602e+03	2.985999999999999943e+01
1.164816139936447144e+03	2.982999999999999829e+01
1.167278824090957642e+03	2.989999999999999858e+01
1.169741047382354736e+03	2.989999999999999858e+01
1.172203685045242310e+03	2.985999999999999943e+01
1.174666795015335083e+03	2.989999999999999858e+01
1.177128665208816528e+03	2.985999999999999943e+01
1.179592089414596558e+03	2.989999999999999858e+01
1.182054071187973022e+03	2.989999999999999858e+01
1.184517397880554199e+03	2.992999999999999972e+01
1.186979313135147095e+03	2.985999999999999943e+01
1.189442140340805054e+03	2.992999999999999972e+01
1.191905048131942749e+03	2.985999999999999943e+01
1.194368031740188599e+03	2.985999999999999943e+01
1.196830572605133057e+03	2.985999999999999943e+01
1.199292939662933350e+03	2.985999999999999943e+01
1.201755883455276489e+03	2.989999999999999858e+01
1.204218448400497437e+03	2.982999999999999829e+01
1.206680619001388550e+03	2.985999999999999943e+01
1.209143545150756836e+03	2.985999999999999943e+01
1.211605823278427124e+03	2.985999999999999943e+01
1.214068765163421631e+03	2.985999999999999943e+01
1.216530568838119507e+03	2.989999999999999858e+01
1.218992816448211670e+03	2.985999999999999943e+01
1.221455949783325195e+03	2.982999999999999829e+01
1.223919237375259399e+03	2.982999999999999829e+01
1.226380864143371582e+03	2.982999999999999829e+01
1.228843921661376953e+03	2.982999999999999829e+01
1.231307123899459839e+03	2.985999999999999943e+01
1.233769425630569458e+03	2.985999999999999943e+01
1.236232100009918213e+03	2.982999999999999829e+01
1.238694142580032349e+03	2.980000000000000071e+01
1.241156593322753906e+03	2.985999999999999943e+01
1.243619993686676025e+03	2.989999999999999858e+01
1.246082765817642212e+03	2.989999999999999858e+01
1.248544379949569702e+03	2.985999999999999943e+01
1.251007649898529053e+03	2.989999999999999858e+01
1.253470698833465576e+03	2.989999999999999858e+01
1.255933375597000122e+03	2.989999999999999858e+01
1.258395055532455444e+03	2.989999999999999858e+01
1.260857633113861084e+03	2.989999999999999858e+01
1.263320268630981445e+03	2.992999999999999972e+01
1.265783731937408447e+03	2.989999999999999858e+01
1.268246460199356079e+03	2.992999999999999972e+01
1.270707615613937378e+03	2.992999999999999972e+01
1.273171636343002319e+03	2.989999999999999858e+01
1.275634180068969727e+03	2.989999999999999858e+01
1.278096732854843140e+03	2.985999999999999943e+01
1.280558677434921265e+03	2.985999999999999943e+01
1.283021420240402222e+03	2.985999999999999943e+01
1.285484434604644775e+03	2.985999999999999943e+01
1.287947040319442749e+03	2.985999999999999943e+01
1.290409843683242798e+03	2.982999999999999829e+01
1.292871805906295776e+03	2.985999999999999943e+01
1.295334420442581177e+03	2.982999999999999829e+01
1.297797576665878296e+03	2.985999999999999943e+01
1.300259584188461304e+03	2.985999999999999943e+01
1.302722856283187866e+03	2.985999999999999943e+01
1.305185364484786987e+03	2.985999999999999943e+01
1.307647792577743530e+03	2.985999999999999943e+01
1.310110729694366455e+03	2.985999999999999943e+01
1.312573128938674927e+03	2.989999999999999858e+01
1.315035584211349487e+03	2.985999999999999943e+01
1.317498763561248779e+03	2.985999999999999943e+01
1.319960961580276489e+03	2.989999999999999858e+01
1.322423406839370728e+03	2.989999999999999858e+01
1.324886007547378540e+03	2.989999999999999858e+01
1.327348547220230103e+03	2.989999999999999858e+01
1.329811499118804932e+03	2.989999999999999858e+01
1.332274435520172119e+03	2.985999999999999943e+01
1.334736456155776978e+03	2.985999999999999943e+01
1.337199288368225098e+03	2.985999999999999943e+01
1.339661219120025635e+03	2.982999999999999829e+01
1.342124507904052734e+03	2.980000000000000071e+01
1.344586798667907715e+03	2.982999999999999829e+01
1.347049904823303223e+03	2.982999999999999829e+01
1.349511760711669922e+03	2.980000000000000071e+01
1.351974299907684326e+03	2.980000000000000071e+01
1.354437071800231934e+03	2.982999999999999829e+01
1.356900325536727905e+03	2.982999999999999829e+01
1.359362143754959106e+03	2.982999999999999829e+01
1.361825688123703003e+03	2.985999999999999943e+01
1.364287619590759277e+03	2.980000000000000071e+01
1.366749959468841553e+03	2.982999999999999829e+01
1.369212934017181396e+03	2.985999999999999943e+01
1.371675251722335815e+03	2.985999999999999943e+01
1.374138679265975952e+03	2.985999999999999943e+01
1.376600642919540405e+03	2.989999999999999858e+01
1.379063009262084961e+03	2.989999999999999858e+01
1.381526834726333618e+03	2.989999999999999858e+01
1.383989044427871704e+03	2.992999999999999972e+01
1.386451913833618164e+03	2.989999999999999858e+01
1.388914204359054565e+03	2.992999999999999972e+01
1.391376325607299805e+03	2.992999999999999972e+01
1.393838748216629028e+03	2.989999999999999858e+01
1.396302122116088867e+03	2.989999999999999858e+01
1.398764197349548340e+03	2.992999999999999972e+01
1.401227390766143799e+03	2.989999999999999858e+01
1.403689710378646851e+03	2.989999999999999858e+01
1.406152625322341919e+03	2.989999999999999858e+01
1.408614868402481079e+03	2.992999999999999972e+01
1.411078121662139893e+03	2.989999999999999858e+01
1.413540530920028687e+03	2.989999999999999858e+01
1.416002689838409424e+03	2.989999999999999858e+01
1.418465246200561523e+03	2.989999999999999858e+01
1.420927930593490601e+03	2.985999999999999943e+01
1.423390756607055664e+03	2.985999999999999943e+01
1.425853859424591064e+03	2.992999999999999972e+01
1.428316456794738770e+03	2.989999999999999858e+01
1.430779333591461182e+03	2.992999999999999972e+01
1.433241291522979736e+03	2.989999999999999858e+01
1.435704133749008179e+03	2.982999999999999829e+01
1.438166668415069580e+03	2.985999999999999943e+01
1.440629160404205322e+03	2.985999999999999943e+01
1.443092056989669800e+03	2.989999999999999858e+01
1.445554609060287476e+03	2.985999999999999943e+01
1.448016610145568848e+03	2.985999999999999943e+01
1.450479608297348022e+03	2.985999999999999943e+01
1.452943040370941162e+03	2.985999999999999943e+01
1.455405174255371094e+03	2.985999999999999943e+01
1.457868285894393921e+03	2.989999999999999858e+01
1.460330095052719116e+03	2.982999999999999829e+01
1.462793350696563721e+03	2.985999999999999943e+01
1.465255082130432129e+03	2.985999999999999943e+01
1.467717953443527222e+03	2.989999999999999858e+01
1.470180438280105591e+03	2.985999999999999943e+01
1.472642868280410767e+03	2.982999999999999829e+01
1.475105743885040283e+03	2.982999999999999829e+01
