# 20220728
# time			temp			
0.000000000000000000e+00	2.976000000000000156e+01
2.463225603103637695e+00	2.982999999999999829e+01
4.926351070404052734e+00	2.980000000000000071e+01
7.388785839080810547e+00	2.976000000000000156e+01
9.850706100463867188e+00	2.982999999999999829e+01
1.231354880332946777e+01	2.982999999999999829e+01
1.477604413032531738e+01	2.982999999999999829e+01
1.723844838142395020e+01	2.980000000000000071e+01
1.970102119445800781e+01	2.980000000000000071e+01
2.216441583633422852e+01	2.982999999999999829e+01
2.462657809257507324e+01	2.982999999999999829e+01
2.708936691284179688e+01	2.980000000000000071e+01
2.955126619338989258e+01	2.980000000000000071e+01
3.201442575454711914e+01	2.980000000000000071e+01
3.447731995582580566e+01	2.980000000000000071e+01
3.693974828720092773e+01	2.980000000000000071e+01
3.940189552307128906e+01	2.982999999999999829e+01
4.186499047279357910e+01	2.980000000000000071e+01
4.432754945755004883e+01	2.980000000000000071e+01
4.678951716423034668e+01	2.980000000000000071e+01
4.925237250328063965e+01	2.982999999999999829e+01
5.171557593345642090e+01	2.982999999999999829e+01
5.417719721794128418e+01	2.980000000000000071e+01
5.664032983779907227e+01	2.980000000000000071e+01
5.910257601737976074e+01	2.980000000000000071e+01
6.156485819816589355e+01	2.982999999999999829e+01
6.402839088439941406e+01	2.982999999999999829e+01
6.649026918411254883e+01	2.985999999999999943e+01
6.895338606834411621e+01	2.980000000000000071e+01
7.141613268852233887e+01	2.982999999999999829e+01
7.387828493118286133e+01	2.985999999999999943e+01
7.634042382240295410e+01	2.982999999999999829e+01
7.880330562591552734e+01	2.980000000000000071e+01
8.126647734642028809e+01	2.976000000000000156e+01
8.372794413566589355e+01	2.980000000000000071e+01
8.619060349464416504e+01	2.982999999999999829e+01
8.865368628501892090e+01	2.976000000000000156e+01
9.111624765396118164e+01	2.980000000000000071e+01
9.357878661155700684e+01	2.980000000000000071e+01
9.604072737693786621e+01	2.980000000000000071e+01
9.850442123413085938e+01	2.980000000000000071e+01
1.009661595821380615e+02	2.980000000000000071e+01
1.034289720058441162e+02	2.980000000000000071e+01
1.058915936946868896e+02	2.980000000000000071e+01
1.083539981842041016e+02	2.982999999999999829e+01
1.108163511753082275e+02	2.982999999999999829e+01
1.132796273231506348e+02	2.985999999999999943e+01
1.157425577640533447e+02	2.980000000000000071e+01
1.182050926685333252e+02	2.982999999999999829e+01
1.206673192977905273e+02	2.980000000000000071e+01
1.231305558681488037e+02	2.980000000000000071e+01
1.255931994915008545e+02	2.980000000000000071e+01
1.280542626380920410e+02	2.982999999999999829e+01
1.305176861286163330e+02	2.976000000000000156e+01
1.329802548885345459e+02	2.980000000000000071e+01
1.354434120655059814e+02	2.976000000000000156e+01
1.379052951335906982e+02	2.973000000000000043e+01
1.403683626651763916e+02	2.982999999999999829e+01
1.428302950859069824e+02	2.976000000000000156e+01
1.452935056686401367e+02	2.980000000000000071e+01
1.477558825016021729e+02	2.980000000000000071e+01
1.502184202671051025e+02	2.982999999999999829e+01
1.526812839508056641e+02	2.982999999999999829e+01
1.551438062191009521e+02	2.982999999999999829e+01
1.576064085960388184e+02	2.980000000000000071e+01
1.600685551166534424e+02	2.982999999999999829e+01
1.625315530300140381e+02	2.982999999999999829e+01
1.649945964813232422e+02	2.982999999999999829e+01
1.674567856788635254e+02	2.982999999999999829e+01
1.699190530776977539e+02	2.976000000000000156e+01
1.723822138309478760e+02	2.980000000000000071e+01
1.748446977138519287e+02	2.982999999999999829e+01
1.773063297271728516e+02	2.980000000000000071e+01
1.797696394920349121e+02	2.980000000000000071e+01
1.822324092388153076e+02	2.982999999999999829e+01
1.846942861080169678e+02	2.980000000000000071e+01
1.871576063632965088e+02	2.982999999999999829e+01
1.896204276084899902e+02	2.982999999999999829e+01
1.920827009677886963e+02	2.980000000000000071e+01
1.945451362133026123e+02	2.982999999999999829e+01
1.970074071884155273e+02	2.982999999999999829e+01
1.994696993827819824e+02	2.980000000000000071e+01
2.019323649406433105e+02	2.980000000000000071e+01
2.043957483768463135e+02	2.982999999999999829e+01
2.068585989475250244e+02	2.982999999999999829e+01
2.093200478553771973e+02	2.980000000000000071e+01
2.117828948497772217e+02	2.982999999999999829e+01
2.142456285953521729e+02	2.982999999999999829e+01
2.167088170051574707e+02	2.982999999999999829e+01
2.191711494922637939e+02	2.982999999999999829e+01
2.216334490776062012e+02	2.980000000000000071e+01
2.240959320068359375e+02	2.976000000000000156e+01
2.265592637062072754e+02	2.980000000000000071e+01
2.290212421417236328e+02	2.976000000000000156e+01
2.314835941791534424e+02	2.980000000000000071e+01
2.339470608234405518e+02	2.980000000000000071e+01
2.364085786342620850e+02	2.980000000000000071e+01
2.388722076416015625e+02	2.980000000000000071e+01
2.413346049785614014e+02	2.982999999999999829e+01
2.437972767353057861e+02	2.982999999999999829e+01
2.462598383426666260e+02	2.982999999999999829e+01
2.487215785980224609e+02	2.982999999999999829e+01
2.511847219467163086e+02	2.985999999999999943e+01
2.536472632884979248e+02	2.982999999999999829e+01
2.561104328632354736e+02	2.982999999999999829e+01
2.585729241371154785e+02	2.982999999999999829e+01
2.610347132682800293e+02	2.985999999999999943e+01
2.634974842071533203e+02	2.982999999999999829e+01
2.659605355262756348e+02	2.982999999999999829e+01
2.684232273101806641e+02	2.982999999999999829e+01
2.708854603767395020e+02	2.982999999999999829e+01
2.733484759330749512e+02	2.982999999999999829e+01
2.758108379840850830e+02	2.976000000000000156e+01
2.782733190059661865e+02	2.980000000000000071e+01
2.807357368469238281e+02	2.980000000000000071e+01
2.831989951133728027e+02	2.976000000000000156e+01
2.856605188846588135e+02	2.980000000000000071e+01
2.881229808330535889e+02	2.976000000000000156e+01
2.905863585472106934e+02	2.980000000000000071e+01
2.930484297275543213e+02	2.982999999999999829e+01
2.955117113590240479e+02	2.982999999999999829e+01
2.979744727611541748e+02	2.982999999999999829e+01
3.004363460540771484e+02	2.980000000000000071e+01
3.028988289833068848e+02	2.982999999999999829e+01
3.053621456623077393e+02	2.982999999999999829e+01
3.078237206935882568e+02	2.982999999999999829e+01
3.102869727611541748e+02	2.982999999999999829e+01
3.127493588924407959e+02	2.982999999999999829e+01
3.152118079662322998e+02	2.982999999999999829e+01
3.176742358207702637e+02	2.985999999999999943e+01
3.201371824741363525e+02	2.989999999999999858e+01
3.225997233390808105e+02	2.982999999999999829e+01
3.250626869201660156e+02	2.985999999999999943e+01
3.275249140262603760e+02	2.982999999999999829e+01
3.299873173236846924e+02	2.982999999999999829e+01
3.324505572319030762e+02	2.982999999999999829e+01
3.349125869274139404e+02	2.980000000000000071e+01
3.373747217655181885e+02	2.980000000000000071e+01
3.398385462760925293e+02	2.980000000000000071e+01
3.423000504970550537e+02	2.973000000000000043e+01
3.447633035182952881e+02	2.980000000000000071e+01
3.472259385585784912e+02	2.976000000000000156e+01
3.496888208389282227e+02	2.976000000000000156e+01
3.521511616706848145e+02	2.976000000000000156e+01
3.546130461692810059e+02	2.982999999999999829e+01
3.570756268501281738e+02	2.982999999999999829e+01
3.595390264987945557e+02	2.982999999999999829e+01
3.620008831024169922e+02	2.982999999999999829e+01
3.644641172885894775e+02	2.982999999999999829e+01
3.669263401031494141e+02	2.985999999999999943e+01
3.693887987136840820e+02	2.985999999999999943e+01
3.718512902259826660e+02	2.985999999999999943e+01
3.743141260147094727e+02	2.982999999999999829e+01
3.767766578197479248e+02	2.982999999999999829e+01
3.792397923469543457e+02	2.980000000000000071e+01
3.817018821239471436e+02	2.985999999999999943e+01
3.841646990776062012e+02	2.980000000000000071e+01
3.866276459693908691e+02	2.976000000000000156e+01
3.890891857147216797e+02	2.976000000000000156e+01
3.915528929233551025e+02	2.976000000000000156e+01
3.940147013664245605e+02	2.976000000000000156e+01
3.964771122932434082e+02	2.973000000000000043e+01
3.989394884109497070e+02	2.976000000000000156e+01
4.014031817913055420e+02	2.976000000000000156e+01
4.038647637367248535e+02	2.980000000000000071e+01
4.063282217979431152e+02	2.980000000000000071e+01
4.087908875942230225e+02	2.982999999999999829e+01
4.112521190643310547e+02	2.982999999999999829e+01
4.137155587673187256e+02	2.980000000000000071e+01
4.161785449981689453e+02	2.982999999999999829e+01
4.186403162479400635e+02	2.982999999999999829e+01
4.211031165122985840e+02	2.982999999999999829e+01
4.235654456615447998e+02	2.985999999999999943e+01
4.260285019874572754e+02	2.985999999999999943e+01
4.284917721748352051e+02	2.985999999999999943e+01
4.309533896446228027e+02	2.982999999999999829e+01
4.334167654514312744e+02	2.982999999999999829e+01
4.358792650699615479e+02	2.980000000000000071e+01
4.383414359092712402e+02	2.982999999999999829e+01
4.408043563365936279e+02	2.980000000000000071e+01
4.432669396400451660e+02	2.980000000000000071e+01
4.457290670871734619e+02	2.980000000000000071e+01
4.481921675205230713e+02	2.982999999999999829e+01
4.506548385620117188e+02	2.980000000000000071e+01
4.531165082454681396e+02	2.976000000000000156e+01
4.555792248249053955e+02	2.980000000000000071e+01
4.580425739288330078e+02	2.980000000000000071e+01
4.605049130916595459e+02	2.980000000000000071e+01
4.629673514366149902e+02	2.982999999999999829e+01
4.654302263259887695e+02	2.985999999999999943e+01
4.678928546905517578e+02	2.982999999999999829e+01
4.703549206256866455e+02	2.989999999999999858e+01
4.728171553611755371e+02	2.989999999999999858e+01
4.752802908420562744e+02	2.985999999999999943e+01
4.777435936927795410e+02	2.982999999999999829e+01
4.802055380344390869e+02	2.982999999999999829e+01
4.826679987907409668e+02	2.982999999999999829e+01
4.851308207511901855e+02	2.982999999999999829e+01
4.875939388275146484e+02	2.982999999999999829e+01
4.900565173625946045e+02	2.982999999999999829e+01
4.925189123153686523e+02	2.982999999999999829e+01
4.949811615943908691e+02	2.982999999999999829e+01
4.974438829421997070e+02	2.982999999999999829e+01
4.999059422016143799e+02	2.976000000000000156e+01
5.023692986965179443e+02	2.980000000000000071e+01
5.048312654495239258e+02	2.976000000000000156e+01
5.072932028770446777e+02	2.980000000000000071e+01
5.097554869651794434e+02	2.980000000000000071e+01
5.122189617156982422e+02	2.980000000000000071e+01
5.146811547279357910e+02	2.980000000000000071e+01
5.171437604427337646e+02	2.982999999999999829e+01
5.196071069240570068e+02	2.982999999999999829e+01
5.220692212581634521e+02	2.982999999999999829e+01
5.245317080020904541e+02	2.980000000000000071e+01
5.269945812225341797e+02	2.982999999999999829e+01
5.294570734500885010e+02	2.982999999999999829e+01
5.319201016426086426e+02	2.982999999999999829e+01
5.343815133571624756e+02	2.982999999999999829e+01
5.368447399139404297e+02	2.980000000000000071e+01
5.393080673217773438e+02	2.985999999999999943e+01
5.417698380947113037e+02	2.985999999999999943e+01
5.442331683635711670e+02	2.982999999999999829e+01
5.466952252388000488e+02	2.980000000000000071e+01
5.491584565639495850e+02	2.976000000000000156e+01
5.516210069656372070e+02	2.982999999999999829e+01
5.540826244354248047e+02	2.980000000000000071e+01
5.565460019111633301e+02	2.976000000000000156e+01
5.590088276863098145e+02	2.976000000000000156e+01
5.614704775810241699e+02	2.976000000000000156e+01
5.639332096576690674e+02	2.980000000000000071e+01
5.663966560363769531e+02	2.980000000000000071e+01
5.688587889671325684e+02	2.982999999999999829e+01
5.713201980590820312e+02	2.980000000000000071e+01
5.737840251922607422e+02	2.982999999999999829e+01
5.762464952468872070e+02	2.982999999999999829e+01
5.787089517116546631e+02	2.982999999999999829e+01
5.811715676784515381e+02	2.982999999999999829e+01
5.836335265636444092e+02	2.982999999999999829e+01
5.860969085693359375e+02	2.982999999999999829e+01
5.885595960617065430e+02	2.985999999999999943e+01
5.910226111412048340e+02	2.980000000000000071e+01
5.934846260547637939e+02	2.982999999999999829e+01
5.959476022720336914e+02	2.980000000000000071e+01
5.984100248813629150e+02	2.980000000000000071e+01
6.008717391490936279e+02	2.980000000000000071e+01
6.033345105648040771e+02	2.980000000000000071e+01
6.057971091270446777e+02	2.980000000000000071e+01
6.082605681419372559e+02	2.976000000000000156e+01
6.107231450080871582e+02	2.976000000000000156e+01
6.131855666637420654e+02	2.980000000000000071e+01
6.156483981609344482e+02	2.980000000000000071e+01
6.181110153198242188e+02	2.985999999999999943e+01
6.205731668472290039e+02	2.982999999999999829e+01
6.230359668731689453e+02	2.982999999999999829e+01
6.254986872673034668e+02	2.985999999999999943e+01
6.279611256122589111e+02	2.989999999999999858e+01
6.304227678775787354e+02	2.982999999999999829e+01
6.328859655857086182e+02	2.985999999999999943e+01
6.353483579158782959e+02	2.982999999999999829e+01
6.378115327358245850e+02	2.982999999999999829e+01
6.402733378410339355e+02	2.982999999999999829e+01
6.427365610599517822e+02	2.980000000000000071e+01
6.451984786987304688e+02	2.982999999999999829e+01
6.476618936061859131e+02	2.980000000000000071e+01
6.501239728927612305e+02	2.982999999999999829e+01
6.525869488716125488e+02	2.982999999999999829e+01
6.550496747493743896e+02	2.980000000000000071e+01
6.575118703842163086e+02	2.982999999999999829e+01
6.599741907119750977e+02	2.985999999999999943e+01
6.624365491867065430e+02	2.982999999999999829e+01
6.648996782302856445e+02	2.985999999999999943e+01
6.673625285625457764e+02	2.982999999999999829e+01
6.698243925571441650e+02	2.985999999999999943e+01
6.722870707511901855e+02	2.985999999999999943e+01
6.747506220340728760e+02	2.985999999999999943e+01
6.772131056785583496e+02	2.980000000000000071e+01
6.796752295494079590e+02	2.980000000000000071e+01
6.821370525360107422e+02	2.980000000000000071e+01
6.846005523204803467e+02	2.973000000000000043e+01
6.870635738372802734e+02	2.976000000000000156e+01
6.895260884761810303e+02	2.980000000000000071e+01
6.919887611865997314e+02	2.980000000000000071e+01
6.944509379863739014e+02	2.980000000000000071e+01
6.969132962226867676e+02	2.980000000000000071e+01
6.993756155967712402e+02	2.982999999999999829e+01
7.018390409946441650e+02	2.980000000000000071e+01
7.043005013465881348e+02	2.982999999999999829e+01
7.067641775608062744e+02	2.982999999999999829e+01
7.092259814739227295e+02	2.980000000000000071e+01
7.116893000602722168e+02	2.985999999999999943e+01
7.141514585018157959e+02	2.985999999999999943e+01
7.166146173477172852e+02	2.982999999999999829e+01
7.190770792961120605e+02	2.982999999999999829e+01
7.215388362407684326e+02	2.982999999999999829e+01
7.240018351078033447e+02	2.985999999999999943e+01
7.264650297164916992e+02	2.980000000000000071e+01
7.289266002178192139e+02	2.980000000000000071e+01
7.313892893791198730e+02	2.980000000000000071e+01
7.338520202636718750e+02	2.976000000000000156e+01
7.363145232200622559e+02	2.976000000000000156e+01
7.387775988578796387e+02	2.976000000000000156e+01
7.412396254539489746e+02	2.976000000000000156e+01
7.437021186351776123e+02	2.976000000000000156e+01
7.461650862693786621e+02	2.980000000000000071e+01
7.486272616386413574e+02	2.980000000000000071e+01
7.510904450416564941e+02	2.976000000000000156e+01
7.535530977249145508e+02	2.980000000000000071e+01
7.560151982307434082e+02	2.980000000000000071e+01
7.584775536060333252e+02	2.982999999999999829e+01
7.609411997795104980e+02	2.985999999999999943e+01
7.634032082557678223e+02	2.985999999999999943e+01
7.658658423423767090e+02	2.982999999999999829e+01
7.683282132148742676e+02	2.985999999999999943e+01
7.707915759086608887e+02	2.985999999999999943e+01
7.732533781528472900e+02	2.985999999999999943e+01
7.757164282798767090e+02	2.982999999999999829e+01
7.781784951686859131e+02	2.982999999999999829e+01
7.806409740447998047e+02	2.980000000000000071e+01
7.831036734580993652e+02	2.982999999999999829e+01
7.855664899349212646e+02	2.980000000000000071e+01
7.880286424160003662e+02	2.976000000000000156e+01
7.904919457435607910e+02	2.980000000000000071e+01
7.929545707702636719e+02	2.980000000000000071e+01
7.954174795150756836e+02	2.980000000000000071e+01
7.978794913291931152e+02	2.980000000000000071e+01
8.003424732685089111e+02	2.980000000000000071e+01
8.028038659095764160e+02	2.980000000000000071e+01
8.052674579620361328e+02	2.985999999999999943e+01
8.077300293445587158e+02	2.985999999999999943e+01
8.101925327777862549e+02	2.982999999999999829e+01
8.126548614501953125e+02	2.982999999999999829e+01
8.151176564693450928e+02	2.985999999999999943e+01
8.175802845954895020e+02	2.985999999999999943e+01
8.200427498817443848e+02	2.982999999999999829e+01
8.225054531097412109e+02	2.985999999999999943e+01
8.249679296016693115e+02	2.985999999999999943e+01
8.274302942752838135e+02	2.985999999999999943e+01
8.298928177356719971e+02	2.982999999999999829e+01
8.323555943965911865e+02	2.982999999999999829e+01
8.348190958499908447e+02	2.982999999999999829e+01
8.372817354202270508e+02	2.980000000000000071e+01
8.397432615756988525e+02	2.976000000000000156e+01
8.422061803340911865e+02	2.976000000000000156e+01
8.446686210632324219e+02	2.976000000000000156e+01
8.471317811012268066e+02	2.976000000000000156e+01
8.495940036773681641e+02	2.976000000000000156e+01
8.520564248561859131e+02	2.976000000000000156e+01
8.545191061496734619e+02	2.982999999999999829e+01
8.569822950363159180e+02	2.980000000000000071e+01
8.594440305233001709e+02	2.980000000000000071e+01
8.619066846370697021e+02	2.982999999999999829e+01
8.643691694736480713e+02	2.982999999999999829e+01
8.668318324089050293e+02	2.989999999999999858e+01
8.692953236103057861e+02	2.985999999999999943e+01
8.717568881511688232e+02	2.985999999999999943e+01
8.742194945812225342e+02	2.982999999999999829e+01
8.766823198795318604e+02	2.982999999999999829e+01
8.791454875469207764e+02	2.982999999999999829e+01
8.816072168350219727e+02	2.985999999999999943e+01
8.840707552433013916e+02	2.982999999999999829e+01
8.865327107906341553e+02	2.982999999999999829e+01
8.889953260421752930e+02	2.982999999999999829e+01
8.914571273326873779e+02	2.980000000000000071e+01
8.939202547073364258e+02	2.980000000000000071e+01
8.963833196163177490e+02	2.976000000000000156e+01
8.988463020324707031e+02	2.980000000000000071e+01
9.013080978393554688e+02	2.980000000000000071e+01
9.037704770565032959e+02	2.982999999999999829e+01
9.062338790893554688e+02	2.985999999999999943e+01
9.086961576938629150e+02	2.982999999999999829e+01
9.111582491397857666e+02	2.980000000000000071e+01
9.136215708255767822e+02	2.980000000000000071e+01
9.160844550132751465e+02	2.980000000000000071e+01
9.185463511943817139e+02	2.980000000000000071e+01
9.210085191726684570e+02	2.980000000000000071e+01
9.234721553325653076e+02	2.980000000000000071e+01
9.259340167045593262e+02	2.980000000000000071e+01
9.283969764709472656e+02	2.976000000000000156e+01
9.308597440719604492e+02	2.980000000000000071e+01
9.333216874599456787e+02	2.976000000000000156e+01
9.357842583656311035e+02	2.980000000000000071e+01
9.382469263076782227e+02	2.980000000000000071e+01
9.407093806266784668e+02	2.982999999999999829e+01
9.431720185279846191e+02	2.982999999999999829e+01
9.456345317363739014e+02	2.982999999999999829e+01
9.480969319343566895e+02	2.980000000000000071e+01
9.505598139762878418e+02	2.985999999999999943e+01
9.530228245258331299e+02	2.982999999999999829e+01
9.554846615791320801e+02	2.985999999999999943e+01
9.579481902122497559e+02	2.985999999999999943e+01
9.604108533859252930e+02	2.982999999999999829e+01
9.628732230663299561e+02	2.985999999999999943e+01
9.653356220722198486e+02	2.985999999999999943e+01
9.677976889610290527e+02	2.980000000000000071e+01
9.702613062858581543e+02	2.982999999999999829e+01
9.727229950428009033e+02	2.985999999999999943e+01
9.751863565444946289e+02	2.982999999999999829e+01
9.776485433578491211e+02	2.982999999999999829e+01
9.801117417812347412e+02	2.982999999999999829e+01
9.825733418464660645e+02	2.982999999999999829e+01
9.850363779067993164e+02	2.980000000000000071e+01
9.874993388652801514e+02	2.980000000000000071e+01
9.899614918231964111e+02	2.980000000000000071e+01
9.924242222309112549e+02	2.976000000000000156e+01
9.948867523670196533e+02	2.980000000000000071e+01
9.973498594760894775e+02	2.982999999999999829e+01
9.998122041225433350e+02	2.982999999999999829e+01
1.002274919509887695e+03	2.982999999999999829e+01
1.004737189054489136e+03	2.982999999999999829e+01
1.007199905395507812e+03	2.985999999999999943e+01
1.009662014961242676e+03	2.982999999999999829e+01
1.012125212907791138e+03	2.980000000000000071e+01
1.014587306737899780e+03	2.982999999999999829e+01
1.017050474166870117e+03	2.982999999999999829e+01
1.019512714147567749e+03	2.982999999999999829e+01
1.021974385261535645e+03	2.980000000000000071e+01
1.024437475442886353e+03	2.980000000000000071e+01
1.026900826692581177e+03	2.982999999999999829e+01
1.029363298892974854e+03	2.980000000000000071e+01
1.031825232982635498e+03	2.980000000000000071e+01
1.034287674188613892e+03	2.980000000000000071e+01
1.036750362157821655e+03	2.982999999999999829e+01
1.039213473081588745e+03	2.982999999999999829e+01
1.041675395965576172e+03	2.982999999999999829e+01
1.044138958215713501e+03	2.985999999999999943e+01
1.046601095199584961e+03	2.980000000000000071e+01
1.049063253641128540e+03	2.982999999999999829e+01
1.051525765895843506e+03	2.980000000000000071e+01
1.053988245725631714e+03	2.980000000000000071e+01
1.056450477838516235e+03	2.976000000000000156e+01
1.058913162946701050e+03	2.980000000000000071e+01
1.061377030372619629e+03	2.980000000000000071e+01
1.063839161872863770e+03	2.980000000000000071e+01
1.066302450180053711e+03	2.980000000000000071e+01
1.068764165401458740e+03	2.980000000000000071e+01
1.071227039337158203e+03	2.980000000000000071e+01
1.073689399480819702e+03	2.980000000000000071e+01
1.076151906967163086e+03	2.982999999999999829e+01
1.078615093946456909e+03	2.982999999999999829e+01
1.081077055215835571e+03	2.982999999999999829e+01
1.083539360046386719e+03	2.985999999999999943e+01
1.086002108812332153e+03	2.989999999999999858e+01
1.088465903282165527e+03	2.982999999999999829e+01
1.090927927494049072e+03	2.985999999999999943e+01
1.093390217542648315e+03	2.985999999999999943e+01
1.095852890491485596e+03	2.982999999999999829e+01
1.098315860271453857e+03	2.982999999999999829e+01
1.100777844667434692e+03	2.985999999999999943e+01
1.103241183280944824e+03	2.982999999999999829e+01
1.105702769756317139e+03	2.980000000000000071e+01
1.108165953636169434e+03	2.980000000000000071e+01
1.110628846645355225e+03	2.980000000000000071e+01
1.113091245889663696e+03	2.982999999999999829e+01
1.115554134130477905e+03	2.982999999999999829e+01
1.118015581607818604e+03	2.973000000000000043e+01
1.120478856325149536e+03	2.973000000000000043e+01
1.122941413879394531e+03	2.980000000000000071e+01
1.125403597354888916e+03	2.980000000000000071e+01
1.127866673469543457e+03	2.980000000000000071e+01
1.130329727888107300e+03	2.980000000000000071e+01
1.132791513204574585e+03	2.982999999999999829e+01
1.135254538536071777e+03	2.980000000000000071e+01
1.137716952323913574e+03	2.980000000000000071e+01
1.140179484844207764e+03	2.982999999999999829e+01
1.142642638444900513e+03	2.985999999999999943e+01
1.145104747056961060e+03	2.982999999999999829e+01
1.147566945791244507e+03	2.985999999999999943e+01
1.150030508518218994e+03	2.982999999999999829e+01
1.152492534160614014e+03	2.985999999999999943e+01
1.154955659389495850e+03	2.985999999999999943e+01
1.157417828083038330e+03	2.985999999999999943e+01
1.159880738973617554e+03	2.982999999999999829e+01
1.162342600345611572e+03	2.985999999999999943e+01
1.164805613994598389e+03	2.982999999999999829e+01
1.167267893314361572e+03	2.980000000000000071e+01
1.169730805873870850e+03	2.976000000000000156e+01
1.172193668127059937e+03	2.980000000000000071e+01
1.174655883789062500e+03	2.976000000000000156e+01
1.177118561506271362e+03	2.976000000000000156e+01
1.179581041574478149e+03	2.980000000000000071e+01
1.182044010877609253e+03	2.980000000000000071e+01
1.184506724119186401e+03	2.980000000000000071e+01
1.186968711853027344e+03	2.976000000000000156e+01
1.189431478261947632e+03	2.980000000000000071e+01
1.191894232511520386e+03	2.982999999999999829e+01
1.194356613874435425e+03	2.982999999999999829e+01
1.196818902015686035e+03	2.982999999999999829e+01
1.199281785011291504e+03	2.982999999999999829e+01
1.201744026899337769e+03	2.982999999999999829e+01
1.204206564664840698e+03	2.980000000000000071e+01
1.206670088291168213e+03	2.982999999999999829e+01
1.209131970167160034e+03	2.982999999999999829e+01
1.211594495534896851e+03	2.980000000000000071e+01
1.214057454586029053e+03	2.980000000000000071e+01
1.216519830942153931e+03	2.980000000000000071e+01
1.218982245683670044e+03	2.982999999999999829e+01
1.221445059061050415e+03	2.980000000000000071e+01
1.223907356977462769e+03	2.980000000000000071e+01
1.226370290756225586e+03	2.980000000000000071e+01
1.228832863330841064e+03	2.982999999999999829e+01
1.231295515775680542e+03	2.985999999999999943e+01
1.233757944822311401e+03	2.982999999999999829e+01
1.236220502614974976e+03	2.982999999999999829e+01
1.238682934045791626e+03	2.980000000000000071e+01
1.241146197795867920e+03	2.985999999999999943e+01
1.243608051300048828e+03	2.980000000000000071e+01
1.246071560621261597e+03	2.985999999999999943e+01
1.248533877372741699e+03	2.980000000000000071e+01
1.250996127605438232e+03	2.982999999999999829e+01
1.253457820177078247e+03	2.982999999999999829e+01
1.255921548128128052e+03	2.980000000000000071e+01
1.258383935213088989e+03	2.980000000000000071e+01
1.260846662998199463e+03	2.980000000000000071e+01
1.263308794975280762e+03	2.976000000000000156e+01
1.265772392511367798e+03	2.980000000000000071e+01
1.268234854936599731e+03	2.985999999999999943e+01
1.270696658372879028e+03	2.982999999999999829e+01
1.273159934759140015e+03	2.980000000000000071e+01
1.275622272014617920e+03	2.982999999999999829e+01
1.278085515499114990e+03	2.982999999999999829e+01
1.280547573328018188e+03	2.980000000000000071e+01
1.283009954452514648e+03	2.982999999999999829e+01
1.285473015069961548e+03	2.980000000000000071e+01
1.287935577630996704e+03	2.973000000000000043e+01
1.290397955656051636e+03	2.980000000000000071e+01
1.292860717058181763e+03	2.976000000000000156e+01
1.295323124885559082e+03	2.976000000000000156e+01
1.297786043167114258e+03	2.976000000000000156e+01
1.300248522281646729e+03	2.980000000000000071e+01
1.302710894823074341e+03	2.980000000000000071e+01
1.305173663854598999e+03	2.976000000000000156e+01
1.307636635780334473e+03	2.976000000000000156e+01
1.310099187612533569e+03	2.976000000000000156e+01
1.312561625003814697e+03	2.980000000000000071e+01
1.315023838043212891e+03	2.976000000000000156e+01
1.317487027883529663e+03	2.982999999999999829e+01
1.319948798894882202e+03	2.982999999999999829e+01
1.322411293506622314e+03	2.982999999999999829e+01
1.324874434471130371e+03	2.980000000000000071e+01
1.327336392879486084e+03	2.982999999999999829e+01
1.329799833774566650e+03	2.985999999999999943e+01
1.332262056350708008e+03	2.982999999999999829e+01
1.334724590301513672e+03	2.982999999999999829e+01
1.337187658071517944e+03	2.980000000000000071e+01
1.339650058031082153e+03	2.980000000000000071e+01
1.342112825870513916e+03	2.980000000000000071e+01
1.344574856758117676e+03	2.980000000000000071e+01
1.347036954402923584e+03	2.976000000000000156e+01
1.349500403165817261e+03	2.980000000000000071e+01
1.351962824821472168e+03	2.982999999999999829e+01
1.354425084590911865e+03	2.980000000000000071e+01
1.356888139486312866e+03	2.982999999999999829e+01
1.359350463151931763e+03	2.982999999999999829e+01
1.361812525510787964e+03	2.982999999999999829e+01
1.364275389671325684e+03	2.982999999999999829e+01
1.366737647533416748e+03	2.982999999999999829e+01
1.369201376676559448e+03	2.982999999999999829e+01
1.371664090394973755e+03	2.980000000000000071e+01
1.374126199007034302e+03	2.982999999999999829e+01
1.376589214801788330e+03	2.985999999999999943e+01
1.379050846099853516e+03	2.985999999999999943e+01
1.381513844966888428e+03	2.989999999999999858e+01
1.383976454257965088e+03	2.985999999999999943e+01
1.386439640045166016e+03	2.989999999999999858e+01
1.388901960134506226e+03	2.985999999999999943e+01
1.391364726066589355e+03	2.989999999999999858e+01
1.393826456308364868e+03	2.985999999999999943e+01
1.396290057897567749e+03	2.982999999999999829e+01
1.398752845287322998e+03	2.980000000000000071e+01
1.401215270042419434e+03	2.980000000000000071e+01
1.403677276611328125e+03	2.980000000000000071e+01
1.406139812707901001e+03	2.976000000000000156e+01
1.408602402210235596e+03	2.976000000000000156e+01
1.411064838171005249e+03	2.976000000000000156e+01
1.413528094291687012e+03	2.976000000000000156e+01
1.415990883111953735e+03	2.973000000000000043e+01
1.418453476905822754e+03	2.980000000000000071e+01
1.420915445804595947e+03	2.976000000000000156e+01
1.423378142833709717e+03	2.980000000000000071e+01
1.425840120553970337e+03	2.976000000000000156e+01
1.428303806304931641e+03	2.982999999999999829e+01
1.430766205072402954e+03	2.980000000000000071e+01
1.433228274106979370e+03	2.980000000000000071e+01
1.435691201925277710e+03	2.982999999999999829e+01
1.438153878211975098e+03	2.980000000000000071e+01
1.440616029500961304e+03	2.982999999999999829e+01
1.443078715801239014e+03	2.985999999999999943e+01
1.445541496753692627e+03	2.985999999999999943e+01
1.448004292488098145e+03	2.982999999999999829e+01
1.450466260910034180e+03	2.985999999999999943e+01
1.452928730010986328e+03	2.985999999999999943e+01
1.455391319036483765e+03	2.982999999999999829e+01
1.457854832649230957e+03	2.982999999999999829e+01
1.460316939592361450e+03	2.980000000000000071e+01
1.462779858589172363e+03	2.980000000000000071e+01
1.465241893768310547e+03	2.982999999999999829e+01
1.467704487562179565e+03	2.982999999999999829e+01
1.470167606830596924e+03	2.980000000000000071e+01
1.472629788160324097e+03	2.980000000000000071e+01
1.475092761516571045e+03	2.980000000000000071e+01
