# 20220727
# time			temp			
0.000000000000000000e+00	3.000000000000000000e+01
2.462536096572875977e+00	3.000000000000000000e+01
4.925730228424072266e+00	3.000000000000000000e+01
7.387759208679199219e+00	3.000000000000000000e+01
9.850866317749023438e+00	3.000000000000000000e+01
1.231324434280395508e+01	3.000000000000000000e+01
1.477675747871398926e+01	3.003000000000000114e+01
1.723873686790466309e+01	3.000000000000000000e+01
1.970181250572204590e+01	3.003000000000000114e+01
2.216427993774414062e+01	3.000000000000000000e+01
2.462659597396850586e+01	3.003000000000000114e+01
2.709018039703369141e+01	2.996999999999999886e+01
2.955214476585388184e+01	3.003000000000000114e+01
3.201509737968444824e+01	3.003000000000000114e+01
3.447763085365295410e+01	3.003000000000000114e+01
3.694055652618408203e+01	3.000000000000000000e+01
3.940218710899353027e+01	3.003000000000000114e+01
4.186520195007324219e+01	3.007000000000000028e+01
4.432857632637023926e+01	3.007000000000000028e+01
4.679089570045471191e+01	3.007000000000000028e+01
4.925266599655151367e+01	3.007000000000000028e+01
5.171644282341003418e+01	3.007000000000000028e+01
5.417828726768493652e+01	3.007000000000000028e+01
5.664157342910766602e+01	3.003000000000000114e+01
5.910388827323913574e+01	3.003000000000000114e+01
6.156724047660827637e+01	3.010000000000000142e+01
6.402878451347351074e+01	3.007000000000000028e+01
6.649092650413513184e+01	3.010000000000000142e+01
6.895351719856262207e+01	3.007000000000000028e+01
7.141621708869934082e+01	3.007000000000000028e+01
7.387849879264831543e+01	3.003000000000000114e+01
7.634208726882934570e+01	3.007000000000000028e+01
7.880510520935058594e+01	3.000000000000000000e+01
8.126724696159362793e+01	3.000000000000000000e+01
8.372981691360473633e+01	2.996999999999999886e+01
8.619317579269409180e+01	3.007000000000000028e+01
8.865559434890747070e+01	3.000000000000000000e+01
9.111826276779174805e+01	3.003000000000000114e+01
9.358072137832641602e+01	3.000000000000000000e+01
9.604381489753723145e+01	2.996999999999999886e+01
9.850651025772094727e+01	2.996999999999999886e+01
1.009693167209625244e+02	2.996999999999999886e+01
1.034317879676818848e+02	3.003000000000000114e+01
1.058944110870361328e+02	3.003000000000000114e+01
1.083563823699951172e+02	3.003000000000000114e+01
1.108195729255676270e+02	3.007000000000000028e+01
1.132821872234344482e+02	3.003000000000000114e+01
1.157455193996429443e+02	3.007000000000000028e+01
1.182074561119079590e+02	3.003000000000000114e+01
1.206707119941711426e+02	3.003000000000000114e+01
1.231324806213378906e+02	3.003000000000000114e+01
1.255958492755889893e+02	3.007000000000000028e+01
1.280574338436126709e+02	3.007000000000000028e+01
1.305205771923065186e+02	3.007000000000000028e+01
1.329836230278015137e+02	3.003000000000000114e+01
1.354457201957702637e+02	3.003000000000000114e+01
1.379084334373474121e+02	3.007000000000000028e+01
1.403701224327087402e+02	3.003000000000000114e+01
1.428334016799926758e+02	3.003000000000000114e+01
1.452964432239532471e+02	3.007000000000000028e+01
1.477596416473388672e+02	3.003000000000000114e+01
1.502214322090148926e+02	3.003000000000000114e+01
1.526844568252563477e+02	3.000000000000000000e+01
1.551470785140991211e+02	3.000000000000000000e+01
1.576101191043853760e+02	3.000000000000000000e+01
1.600725030899047852e+02	3.000000000000000000e+01
1.625342695713043213e+02	3.007000000000000028e+01
1.649964313507080078e+02	3.010000000000000142e+01
1.674591965675354004e+02	3.007000000000000028e+01
1.699224789142608643e+02	3.003000000000000114e+01
1.723846304416656494e+02	3.003000000000000114e+01
1.748476769924163818e+02	3.007000000000000028e+01
1.773100080490112305e+02	3.003000000000000114e+01
1.797729396820068359e+02	3.003000000000000114e+01
1.822347171306610107e+02	3.003000000000000114e+01
1.846985728740692139e+02	3.007000000000000028e+01
1.871604580879211426e+02	3.007000000000000028e+01
1.896235861778259277e+02	3.007000000000000028e+01
1.920859613418579102e+02	3.003000000000000114e+01
1.945481159687042236e+02	3.003000000000000114e+01
1.970120518207550049e+02	3.003000000000000114e+01
1.994734361171722412e+02	3.003000000000000114e+01
2.019364428520202637e+02	3.003000000000000114e+01
2.043996737003326416e+02	3.007000000000000028e+01
2.068617560863494873e+02	3.007000000000000028e+01
2.093244872093200684e+02	3.007000000000000028e+01
2.117867045402526855e+02	3.007000000000000028e+01
2.142492148876190186e+02	3.007000000000000028e+01
2.167131414413452148e+02	3.007000000000000028e+01
2.191745719909667969e+02	3.007000000000000028e+01
2.216374583244323730e+02	3.003000000000000114e+01
2.241001658439636230e+02	3.007000000000000028e+01
2.265629239082336426e+02	3.007000000000000028e+01
2.290251979827880859e+02	3.007000000000000028e+01
2.314873456954956055e+02	3.007000000000000028e+01
2.339503495693206787e+02	3.014000000000000057e+01
2.364132678508758545e+02	3.007000000000000028e+01
2.388760311603546143e+02	3.000000000000000000e+01
2.413385977745056152e+02	3.007000000000000028e+01
2.438013913631439209e+02	3.007000000000000028e+01
2.462634601593017578e+02	3.003000000000000114e+01
2.487262492179870605e+02	3.003000000000000114e+01
2.511890537738800049e+02	3.003000000000000114e+01
2.536512773036956787e+02	3.007000000000000028e+01
2.561135213375091553e+02	3.003000000000000114e+01
2.585762572288513184e+02	3.007000000000000028e+01
2.610385415554046631e+02	3.007000000000000028e+01
2.635015432834625244e+02	3.003000000000000114e+01
2.659639215469360352e+02	3.000000000000000000e+01
2.684272422790527344e+02	3.003000000000000114e+01
2.708894634246826172e+02	3.000000000000000000e+01
2.733524181842803955e+02	3.000000000000000000e+01
2.758154170513153076e+02	3.000000000000000000e+01
2.782772607803344727e+02	3.003000000000000114e+01
2.807411391735076904e+02	3.007000000000000028e+01
2.832031171321868896e+02	3.000000000000000000e+01
2.856661589145660400e+02	3.007000000000000028e+01
2.881281676292419434e+02	2.996999999999999886e+01
2.905910551548004150e+02	3.007000000000000028e+01
2.930542113780975342e+02	3.003000000000000114e+01
2.955166909694671631e+02	3.007000000000000028e+01
2.979789555072784424e+02	3.007000000000000028e+01
3.004414339065551758e+02	3.007000000000000028e+01
3.029043972492218018e+02	3.003000000000000114e+01
3.053674571514129639e+02	3.003000000000000114e+01
3.078301260471343994e+02	3.007000000000000028e+01
3.102925643920898438e+02	3.007000000000000028e+01
3.127551140785217285e+02	3.000000000000000000e+01
3.152178127765655518e+02	3.000000000000000000e+01
3.176802775859832764e+02	3.000000000000000000e+01
3.201432771682739258e+02	3.003000000000000114e+01
3.226051476001739502e+02	3.003000000000000114e+01
3.250682742595672607e+02	3.003000000000000114e+01
3.275312933921813965e+02	2.996999999999999886e+01
3.299935986995697021e+02	2.996999999999999886e+01
3.324565973281860352e+02	3.003000000000000114e+01
3.349192152023315430e+02	2.992999999999999972e+01
3.373816390037536621e+02	3.000000000000000000e+01
3.398445079326629639e+02	3.000000000000000000e+01
3.423067905902862549e+02	3.000000000000000000e+01
3.447695417404174805e+02	3.003000000000000114e+01
3.472325184345245361e+02	3.003000000000000114e+01
3.496954042911529541e+02	3.003000000000000114e+01
3.521578302383422852e+02	3.003000000000000114e+01
3.546198501586914062e+02	3.007000000000000028e+01
3.570823225975036621e+02	3.007000000000000028e+01
3.595449900627136230e+02	3.007000000000000028e+01
3.620084095001220703e+02	3.007000000000000028e+01
3.644707710742950439e+02	3.007000000000000028e+01
3.669332480430603027e+02	3.007000000000000028e+01
3.693961243629455566e+02	3.007000000000000028e+01
3.718585960865020752e+02	3.003000000000000114e+01
3.743208868503570557e+02	3.007000000000000028e+01
3.767836747169494629e+02	3.007000000000000028e+01
3.792467408180236816e+02	3.003000000000000114e+01
3.817086210250854492e+02	3.007000000000000028e+01
3.841712720394134521e+02	3.003000000000000114e+01
3.866344668865203857e+02	3.000000000000000000e+01
3.890968444347381592e+02	3.003000000000000114e+01
3.915593907833099365e+02	3.010000000000000142e+01
3.940221643447875977e+02	3.000000000000000000e+01
3.964842033386230469e+02	3.000000000000000000e+01
3.989481360912322998e+02	3.003000000000000114e+01
4.014101769924163818e+02	3.003000000000000114e+01
4.038731071949005127e+02	3.007000000000000028e+01
4.063352212905883789e+02	3.007000000000000028e+01
4.087983512878417969e+02	3.003000000000000114e+01
4.112600798606872559e+02	3.007000000000000028e+01
4.137232761383056641e+02	3.003000000000000114e+01
4.161862266063690186e+02	3.007000000000000028e+01
4.186492063999176025e+02	3.003000000000000114e+01
4.211119344234466553e+02	3.007000000000000028e+01
4.235733587741851807e+02	3.000000000000000000e+01
4.260364627838134766e+02	3.000000000000000000e+01
4.284985766410827637e+02	3.003000000000000114e+01
4.309619092941284180e+02	3.003000000000000114e+01
4.334244081974029541e+02	3.003000000000000114e+01
4.358870196342468262e+02	3.003000000000000114e+01
4.383496742248535156e+02	3.003000000000000114e+01
4.408122889995574951e+02	3.000000000000000000e+01
4.432754120826721191e+02	3.003000000000000114e+01
4.457375915050506592e+02	3.003000000000000114e+01
4.481998782157897949e+02	3.003000000000000114e+01
4.506629307270050049e+02	3.003000000000000114e+01
4.531258847713470459e+02	3.003000000000000114e+01
4.555882828235626221e+02	3.003000000000000114e+01
4.580513048171997070e+02	3.003000000000000114e+01
4.605129022598266602e+02	3.003000000000000114e+01
4.629764056205749512e+02	3.007000000000000028e+01
4.654390089511871338e+02	3.007000000000000028e+01
4.679013085365295410e+02	3.010000000000000142e+01
4.703640112876892090e+02	3.003000000000000114e+01
4.728263645172119141e+02	3.007000000000000028e+01
4.752892718315124512e+02	3.007000000000000028e+01
4.777522461414337158e+02	3.000000000000000000e+01
4.802147834300994873e+02	3.000000000000000000e+01
4.826768317222595215e+02	3.003000000000000114e+01
4.851401524543762207e+02	3.000000000000000000e+01
4.876025979518890381e+02	3.003000000000000114e+01
4.900646524429321289e+02	3.003000000000000114e+01
4.925281028747558594e+02	3.003000000000000114e+01
4.949896640777587891e+02	3.003000000000000114e+01
4.974522771835327148e+02	3.000000000000000000e+01
4.999151465892791748e+02	3.000000000000000000e+01
5.023785662651062012e+02	3.003000000000000114e+01
5.048411207199096680e+02	2.996999999999999886e+01
5.073037245273590088e+02	3.007000000000000028e+01
5.097658343315124512e+02	3.000000000000000000e+01
5.122287573814392090e+02	3.000000000000000000e+01
5.146914384365081787e+02	3.003000000000000114e+01
5.171540670394897461e+02	3.000000000000000000e+01
5.196161379814147949e+02	3.003000000000000114e+01
5.220798423290252686e+02	3.000000000000000000e+01
5.245425367355346680e+02	3.000000000000000000e+01
5.270051183700561523e+02	3.000000000000000000e+01
5.294676737785339355e+02	3.003000000000000114e+01
5.319300611019134521e+02	3.003000000000000114e+01
5.343927705287933350e+02	3.000000000000000000e+01
5.368556008338928223e+02	3.003000000000000114e+01
5.393179998397827148e+02	3.007000000000000028e+01
5.417801623344421387e+02	3.000000000000000000e+01
5.442434051036834717e+02	3.003000000000000114e+01
5.467062482833862305e+02	3.003000000000000114e+01
5.491686327457427979e+02	3.000000000000000000e+01
5.516317100524902344e+02	2.996999999999999886e+01
5.540939652919769287e+02	3.000000000000000000e+01
5.565565907955169678e+02	3.003000000000000114e+01
5.590196874141693115e+02	3.003000000000000114e+01
5.614814612865447998e+02	3.003000000000000114e+01
5.639449913501739502e+02	3.000000000000000000e+01
5.664066832065582275e+02	3.000000000000000000e+01
5.688696269989013672e+02	3.003000000000000114e+01
5.713323526382446289e+02	3.007000000000000028e+01
5.737953157424926758e+02	3.010000000000000142e+01
5.762573943138122559e+02	3.010000000000000142e+01
5.787205991744995117e+02	3.007000000000000028e+01
5.811835842132568359e+02	3.010000000000000142e+01
5.836453316211700439e+02	3.010000000000000142e+01
5.861075279712677002e+02	3.014000000000000057e+01
5.885698888301849365e+02	3.007000000000000028e+01
5.910325579643249512e+02	3.007000000000000028e+01
5.934957807064056396e+02	3.003000000000000114e+01
5.959585289955139160e+02	3.007000000000000028e+01
5.984212870597839355e+02	2.996999999999999886e+01
6.008834192752838135e+02	2.996999999999999886e+01
6.033457710742950439e+02	3.000000000000000000e+01
6.058097796440124512e+02	3.000000000000000000e+01
6.082716760635375977e+02	3.000000000000000000e+01
6.107341964244842529e+02	3.003000000000000114e+01
6.131975829601287842e+02	3.003000000000000114e+01
6.156602499485015869e+02	3.003000000000000114e+01
6.181223990917205811e+02	3.000000000000000000e+01
6.205851099491119385e+02	3.007000000000000028e+01
6.230475084781646729e+02	3.003000000000000114e+01
6.255106215476989746e+02	3.003000000000000114e+01
6.279729204177856445e+02	3.003000000000000114e+01
6.304353704452514648e+02	3.003000000000000114e+01
6.328979640007019043e+02	3.003000000000000114e+01
6.353609066009521484e+02	3.007000000000000028e+01
6.378232662677764893e+02	3.003000000000000114e+01
6.402857797145843506e+02	3.007000000000000028e+01
6.427489502429962158e+02	2.996999999999999886e+01
6.452116801738739014e+02	3.000000000000000000e+01
6.476746225357055664e+02	3.003000000000000114e+01
6.501374592781066895e+02	3.000000000000000000e+01
6.526003026962280273e+02	3.000000000000000000e+01
6.550626211166381836e+02	3.000000000000000000e+01
6.575248837471008301e+02	3.003000000000000114e+01
6.599872779846191406e+02	3.003000000000000114e+01
6.624503602981567383e+02	3.000000000000000000e+01
6.649135024547576904e+02	3.000000000000000000e+01
6.673750998973846436e+02	3.000000000000000000e+01
6.698377280235290527e+02	3.003000000000000114e+01
6.723002901077270508e+02	3.003000000000000114e+01
6.747634370326995850e+02	3.000000000000000000e+01
6.772258677482604980e+02	3.003000000000000114e+01
6.796887187957763672e+02	3.000000000000000000e+01
6.821516509056091309e+02	3.003000000000000114e+01
6.846145594120025635e+02	3.007000000000000028e+01
6.870768563747406006e+02	3.003000000000000114e+01
6.895393447875976562e+02	3.003000000000000114e+01
6.920018231868743896e+02	3.003000000000000114e+01
6.944644873142242432e+02	3.003000000000000114e+01
6.969271440505981445e+02	3.007000000000000028e+01
6.993900349140167236e+02	3.010000000000000142e+01
7.018532662391662598e+02	3.010000000000000142e+01
7.043148338794708252e+02	3.010000000000000142e+01
7.067774882316589355e+02	3.007000000000000028e+01
7.092404031753540039e+02	3.007000000000000028e+01
7.117023530006408691e+02	3.014000000000000057e+01
7.141651642322540283e+02	3.003000000000000114e+01
7.166302571296691895e+02	3.010000000000000142e+01
7.190898444652557373e+02	3.003000000000000114e+01
7.215532014369964600e+02	3.007000000000000028e+01
7.240164785385131836e+02	3.007000000000000028e+01
7.264784080982208252e+02	3.000000000000000000e+01
7.289411892890930176e+02	3.003000000000000114e+01
7.314035072326660156e+02	2.996999999999999886e+01
7.338671212196350098e+02	3.000000000000000000e+01
7.363289661407470703e+02	3.003000000000000114e+01
7.387916769981384277e+02	2.996999999999999886e+01
7.412538087368011475e+02	2.996999999999999886e+01
7.437170290946960449e+02	3.000000000000000000e+01
7.461795880794525146e+02	2.996999999999999886e+01
7.486420106887817383e+02	3.000000000000000000e+01
7.511052393913269043e+02	3.000000000000000000e+01
7.535679283142089844e+02	3.000000000000000000e+01
7.560306756496429443e+02	3.003000000000000114e+01
7.584930548667907715e+02	3.000000000000000000e+01
7.609564187526702881e+02	2.996999999999999886e+01
7.634182331562042236e+02	2.996999999999999886e+01
7.658812851905822754e+02	3.000000000000000000e+01
7.683438959121704102e+02	3.007000000000000028e+01
7.708060989379882812e+02	3.003000000000000114e+01
7.732688422203063965e+02	3.000000000000000000e+01
7.757317438125610352e+02	3.000000000000000000e+01
7.781945822238922119e+02	3.007000000000000028e+01
7.806579713821411133e+02	3.010000000000000142e+01
7.831200039386749268e+02	3.007000000000000028e+01
7.855826053619384766e+02	3.007000000000000028e+01
7.880451283454895020e+02	3.003000000000000114e+01
7.905085012912750244e+02	3.003000000000000114e+01
7.929708759784698486e+02	3.007000000000000028e+01
7.954334516525268555e+02	3.007000000000000028e+01
7.978958337306976318e+02	3.003000000000000114e+01
8.003586008548736572e+02	3.007000000000000028e+01
8.028204612731933594e+02	3.007000000000000028e+01
8.052837200164794922e+02	2.996999999999999886e+01
8.077465095520019531e+02	3.003000000000000114e+01
8.102088272571563721e+02	3.003000000000000114e+01
8.126718623638153076e+02	2.996999999999999886e+01
8.151340601444244385e+02	3.000000000000000000e+01
8.175974967479705811e+02	3.003000000000000114e+01
8.200596072673797607e+02	3.003000000000000114e+01
8.225229103565216064e+02	3.000000000000000000e+01
8.249845764636993408e+02	3.007000000000000028e+01
8.274476716518402100e+02	3.007000000000000028e+01
8.299098265171051025e+02	3.003000000000000114e+01
8.323726027011871338e+02	3.007000000000000028e+01
8.348353655338287354e+02	3.007000000000000028e+01
8.372972538471221924e+02	3.007000000000000028e+01
8.397604403495788574e+02	3.003000000000000114e+01
8.422235646247863770e+02	3.003000000000000114e+01
8.446856272220611572e+02	3.003000000000000114e+01
8.471486043930053711e+02	3.003000000000000114e+01
8.496102297306060791e+02	3.003000000000000114e+01
8.520731976032257080e+02	3.003000000000000114e+01
8.545362722873687744e+02	3.007000000000000028e+01
8.569992780685424805e+02	3.007000000000000028e+01
8.594617755413055420e+02	3.007000000000000028e+01
8.619245741367340088e+02	3.003000000000000114e+01
8.643871061801910400e+02	3.003000000000000114e+01
8.668490624427795410e+02	3.007000000000000028e+01
8.693123400211334229e+02	3.000000000000000000e+01
8.717751860618591309e+02	3.000000000000000000e+01
8.742373948097229004e+02	3.003000000000000114e+01
8.766999397277832031e+02	3.003000000000000114e+01
8.791619863510131836e+02	2.996999999999999886e+01
8.816253044605255127e+02	3.000000000000000000e+01
8.840875513553619385e+02	3.007000000000000028e+01
8.865501506328582764e+02	3.003000000000000114e+01
8.890135142803192139e+02	3.003000000000000114e+01
8.914759664535522461e+02	3.003000000000000114e+01
8.939388260841369629e+02	3.007000000000000028e+01
8.964011411666870117e+02	3.003000000000000114e+01
8.988641345500946045e+02	3.003000000000000114e+01
9.013264913558959961e+02	3.000000000000000000e+01
9.037894711494445801e+02	3.003000000000000114e+01
9.062515208721160889e+02	3.007000000000000028e+01
9.087139096260070801e+02	3.007000000000000028e+01
9.111775870323181152e+02	3.003000000000000114e+01
9.136401751041412354e+02	3.003000000000000114e+01
9.161027209758758545e+02	3.003000000000000114e+01
9.185655348300933838e+02	3.007000000000000028e+01
9.210275409221649170e+02	3.003000000000000114e+01
9.234908010959625244e+02	3.007000000000000028e+01
9.259529662132263184e+02	3.003000000000000114e+01
9.284162280559539795e+02	3.007000000000000028e+01
9.308778686523437500e+02	3.007000000000000028e+01
9.333413283824920654e+02	3.007000000000000028e+01
9.358037428855895996e+02	3.010000000000000142e+01
9.382665588855743408e+02	3.007000000000000028e+01
9.407288174629211426e+02	3.007000000000000028e+01
9.431914367675781250e+02	3.003000000000000114e+01
9.456542255878448486e+02	3.010000000000000142e+01
9.481164696216583252e+02	3.007000000000000028e+01
9.505793523788452148e+02	3.010000000000000142e+01
9.530420086383819580e+02	3.007000000000000028e+01
9.555042908191680908e+02	3.007000000000000028e+01
9.579665222167968750e+02	3.007000000000000028e+01
9.604293258190155029e+02	3.003000000000000114e+01
9.628919718265533447e+02	3.003000000000000114e+01
9.653539271354675293e+02	3.003000000000000114e+01
9.678170683383941650e+02	3.000000000000000000e+01
9.702800579071044922e+02	3.000000000000000000e+01
9.727426097393035889e+02	3.003000000000000114e+01
9.752055704593658447e+02	3.007000000000000028e+01
9.776684672832489014e+02	3.000000000000000000e+01
9.801302533149719238e+02	3.003000000000000114e+01
9.825935201644897461e+02	3.003000000000000114e+01
9.850566918849945068e+02	3.000000000000000000e+01
9.875186362266540527e+02	3.003000000000000114e+01
9.899813258647918701e+02	3.003000000000000114e+01
9.924440388679504395e+02	3.003000000000000114e+01
9.949066212177276611e+02	3.000000000000000000e+01
9.973701062202453613e+02	3.000000000000000000e+01
9.998319823741912842e+02	3.000000000000000000e+01
1.002294869422912598e+03	3.000000000000000000e+01
1.004757463693618774e+03	3.000000000000000000e+01
1.007220155239105225e+03	3.003000000000000114e+01
1.009682924032211304e+03	3.000000000000000000e+01
1.012146092176437378e+03	3.000000000000000000e+01
1.014608030557632446e+03	3.000000000000000000e+01
1.017070641756057739e+03	3.003000000000000114e+01
1.019533909559249878e+03	2.992999999999999972e+01
1.021996959447860718e+03	3.003000000000000114e+01
1.024459019422531128e+03	3.003000000000000114e+01
1.026922455787658691e+03	3.003000000000000114e+01
1.029384404182434082e+03	3.007000000000000028e+01
1.031847669601440430e+03	3.000000000000000000e+01
1.034309872865676880e+03	3.007000000000000028e+01
1.036772461891174316e+03	3.007000000000000028e+01
1.039235631704330444e+03	3.000000000000000000e+01
1.041698122739791870e+03	3.007000000000000028e+01
1.044161204338073730e+03	3.007000000000000028e+01
1.046623156547546387e+03	3.007000000000000028e+01
1.049086339473724365e+03	3.010000000000000142e+01
1.051547903537750244e+03	3.010000000000000142e+01
1.054010549306869507e+03	3.007000000000000028e+01
1.056473958253860474e+03	3.010000000000000142e+01
1.058936480045318604e+03	3.003000000000000114e+01
1.061398173332214355e+03	3.007000000000000028e+01
1.063861454486846924e+03	3.003000000000000114e+01
1.066323341369628906e+03	3.003000000000000114e+01
1.068785662889480591e+03	3.007000000000000028e+01
1.071248724937438965e+03	3.007000000000000028e+01
1.073711986541748047e+03	3.000000000000000000e+01
1.076173987627029419e+03	3.007000000000000028e+01
1.078636683702468872e+03	3.000000000000000000e+01
1.081099655389785767e+03	3.000000000000000000e+01
1.083561696290969849e+03	3.003000000000000114e+01
1.086024544715881348e+03	3.000000000000000000e+01
1.088488100051879883e+03	3.000000000000000000e+01
1.090950704813003540e+03	3.003000000000000114e+01
1.093413270473480225e+03	3.003000000000000114e+01
1.095875882863998413e+03	3.000000000000000000e+01
1.098338711500167847e+03	3.000000000000000000e+01
1.100801277399063110e+03	3.007000000000000028e+01
1.103263725042343140e+03	3.007000000000000028e+01
1.105726663112640381e+03	3.003000000000000114e+01
1.108188912153244019e+03	3.003000000000000114e+01
1.110651191473007202e+03	3.000000000000000000e+01
1.113114265918731689e+03	3.003000000000000114e+01
1.115576074123382568e+03	3.007000000000000028e+01
1.118038615703582764e+03	3.003000000000000114e+01
1.120501333236694336e+03	3.007000000000000028e+01
1.122963579893112183e+03	3.007000000000000028e+01
1.125425900936126709e+03	3.007000000000000028e+01
1.127889688491821289e+03	3.007000000000000028e+01
1.130351829051971436e+03	3.010000000000000142e+01
1.132815247535705566e+03	3.003000000000000114e+01
1.135277358531951904e+03	3.007000000000000028e+01
1.137739908695220947e+03	3.003000000000000114e+01
1.140201561450958252e+03	3.007000000000000028e+01
1.142664286613464355e+03	3.007000000000000028e+01
1.145127120256423950e+03	3.007000000000000028e+01
1.147590442895889282e+03	3.007000000000000028e+01
1.150052382469177246e+03	3.003000000000000114e+01
1.152515096187591553e+03	3.007000000000000028e+01
1.154979193687438965e+03	3.007000000000000028e+01
1.157440829753875732e+03	3.003000000000000114e+01
1.159902842998504639e+03	3.010000000000000142e+01
1.162366205692291260e+03	3.000000000000000000e+01
1.164828547954559326e+03	3.003000000000000114e+01
1.167291304588317871e+03	3.007000000000000028e+01
1.169754506826400757e+03	3.003000000000000114e+01
1.172216252326965332e+03	3.007000000000000028e+01
1.174678333997726440e+03	3.003000000000000114e+01
1.177141222476959229e+03	3.003000000000000114e+01
1.179604967355728149e+03	3.003000000000000114e+01
1.182067102432250977e+03	3.007000000000000028e+01
1.184529797792434692e+03	3.003000000000000114e+01
1.186992569208145142e+03	3.003000000000000114e+01
1.189455442905426025e+03	3.003000000000000114e+01
1.191917282819747925e+03	2.992999999999999972e+01
1.194379709005355835e+03	3.003000000000000114e+01
1.196842350721359253e+03	3.000000000000000000e+01
1.199305135726928711e+03	3.000000000000000000e+01
1.201768208742141724e+03	3.003000000000000114e+01
1.204230378866195679e+03	3.000000000000000000e+01
1.206692921638488770e+03	3.003000000000000114e+01
1.209155913591384888e+03	3.000000000000000000e+01
1.211618268728256226e+03	3.003000000000000114e+01
1.214082275867462158e+03	3.003000000000000114e+01
1.216544390201568604e+03	3.000000000000000000e+01
1.219006223440170288e+03	3.000000000000000000e+01
1.221470026493072510e+03	3.003000000000000114e+01
1.223933118820190430e+03	3.000000000000000000e+01
1.226395010232925415e+03	3.000000000000000000e+01
1.228857935190200806e+03	3.000000000000000000e+01
1.231320874214172363e+03	3.000000000000000000e+01
1.233783864736557007e+03	3.000000000000000000e+01
1.236245801925659180e+03	3.000000000000000000e+01
1.238708360910415649e+03	3.000000000000000000e+01
1.241171123266220093e+03	3.003000000000000114e+01
1.243634159564971924e+03	3.000000000000000000e+01
1.246096355915069580e+03	3.000000000000000000e+01
1.248558737516403198e+03	3.000000000000000000e+01
1.251022497892379761e+03	3.007000000000000028e+01
1.253484944343566895e+03	3.000000000000000000e+01
1.255947430133819580e+03	3.000000000000000000e+01
1.258409648895263672e+03	3.000000000000000000e+01
1.260873388767242432e+03	3.003000000000000114e+01
1.263335323095321655e+03	3.000000000000000000e+01
1.265798584461212158e+03	3.000000000000000000e+01
1.268260941267013550e+03	3.000000000000000000e+01
1.270723709106445312e+03	2.996999999999999886e+01
1.273186001539230347e+03	3.000000000000000000e+01
1.275649177312850952e+03	3.000000000000000000e+01
1.278111907720565796e+03	2.996999999999999886e+01
1.280574936151504517e+03	2.996999999999999886e+01
1.283037096738815308e+03	3.000000000000000000e+01
1.285500217914581299e+03	3.000000000000000000e+01
1.287962469577789307e+03	3.000000000000000000e+01
1.290424888610839844e+03	3.003000000000000114e+01
1.292887352943420410e+03	3.003000000000000114e+01
1.295349843740463257e+03	3.003000000000000114e+01
1.297813219070434570e+03	2.996999999999999886e+01
1.300274814844131470e+03	3.003000000000000114e+01
1.302738212585449219e+03	3.000000000000000000e+01
1.305201136827468872e+03	3.000000000000000000e+01
1.307663696289062500e+03	3.003000000000000114e+01
1.310127006053924561e+03	3.003000000000000114e+01
1.312588565587997437e+03	3.000000000000000000e+01
1.315052172899246216e+03	3.000000000000000000e+01
1.317514295339584351e+03	2.996999999999999886e+01
1.319977128267288208e+03	3.003000000000000114e+01
1.322440083026885986e+03	3.000000000000000000e+01
1.324902117490768433e+03	3.000000000000000000e+01
1.327365624904632568e+03	3.003000000000000114e+01
1.329828103542327881e+03	2.996999999999999886e+01
1.332290642976760864e+03	3.000000000000000000e+01
1.334752928256988525e+03	3.003000000000000114e+01
1.337216099739074707e+03	3.003000000000000114e+01
1.339678875684738159e+03	3.003000000000000114e+01
1.342141576766967773e+03	3.003000000000000114e+01
1.344603241682052612e+03	3.003000000000000114e+01
1.347066201448440552e+03	3.003000000000000114e+01
1.349529568910598755e+03	3.007000000000000028e+01
1.351992168426513672e+03	3.003000000000000114e+01
1.354454206705093384e+03	3.007000000000000028e+01
1.356916564941406250e+03	3.003000000000000114e+01
1.359379720449447632e+03	3.003000000000000114e+01
1.361841745615005493e+03	3.003000000000000114e+01
1.364304727077484131e+03	3.003000000000000114e+01
1.366767879724502563e+03	3.007000000000000028e+01
1.369230451583862305e+03	3.007000000000000028e+01
1.371692504882812500e+03	3.007000000000000028e+01
1.374155298233032227e+03	3.007000000000000028e+01
1.376617722272872925e+03	3.007000000000000028e+01
1.379079868555068970e+03	3.003000000000000114e+01
1.381542621612548828e+03	3.007000000000000028e+01
1.384005555868148804e+03	3.003000000000000114e+01
1.386468129634857178e+03	3.000000000000000000e+01
1.388930474996566772e+03	3.007000000000000028e+01
1.391393728733062744e+03	3.003000000000000114e+01
1.393856270313262939e+03	3.010000000000000142e+01
1.396319088935852051e+03	3.003000000000000114e+01
1.398780690431594849e+03	3.007000000000000028e+01
1.401244443416595459e+03	3.007000000000000028e+01
1.403706113100051880e+03	3.003000000000000114e+01
1.406168851852416992e+03	3.003000000000000114e+01
1.408631795406341553e+03	3.010000000000000142e+01
1.411094952106475830e+03	3.003000000000000114e+01
1.413556436300277710e+03	3.003000000000000114e+01
1.416019451618194580e+03	3.003000000000000114e+01
1.418481770038604736e+03	3.003000000000000114e+01
1.420944361448287964e+03	3.000000000000000000e+01
1.423407698154449463e+03	3.003000000000000114e+01
1.425869604349136353e+03	3.003000000000000114e+01
1.428331535100936890e+03	3.007000000000000028e+01
1.430794867753982544e+03	3.003000000000000114e+01
1.433257852315902710e+03	3.003000000000000114e+01
1.435720657348632812e+03	3.003000000000000114e+01
1.438183318138122559e+03	3.007000000000000028e+01
1.440645494699478149e+03	3.003000000000000114e+01
1.443107931852340698e+03	3.007000000000000028e+01
1.445570281028747559e+03	3.003000000000000114e+01
1.448032807111740112e+03	3.007000000000000028e+01
1.450495623350143433e+03	3.007000000000000028e+01
1.452958607435226440e+03	3.007000000000000028e+01
1.455421476602554321e+03	3.007000000000000028e+01
1.457883370876312256e+03	3.007000000000000028e+01
1.460345722198486328e+03	3.007000000000000028e+01
1.462808813810348511e+03	3.003000000000000114e+01
1.465271606683731079e+03	3.007000000000000028e+01
1.467734844446182251e+03	3.010000000000000142e+01
1.470196714401245117e+03	3.003000000000000114e+01
1.472659476995468140e+03	3.000000000000000000e+01
1.475121962785720825e+03	3.000000000000000000e+01
