# 20220728
# time			temp			
0.000000000000000000e+00	2.980000000000000071e+01
2.462563514709472656e+00	2.976000000000000156e+01
4.924508810043334961e+00	2.985999999999999943e+01
7.388284444808959961e+00	2.982999999999999829e+01
9.850330352783203125e+00	2.982999999999999829e+01
1.231308031082153320e+01	2.982999999999999829e+01
1.477542018890380859e+01	2.980000000000000071e+01
1.723807072639465332e+01	2.980000000000000071e+01
1.970049691200256348e+01	2.976000000000000156e+01
2.216362667083740234e+01	2.976000000000000156e+01
2.462592339515686035e+01	2.976000000000000156e+01
2.708914136886596680e+01	2.973000000000000043e+01
2.955103802680969238e+01	2.973000000000000043e+01
3.201453661918640137e+01	2.976000000000000156e+01
3.447641253471374512e+01	2.973000000000000043e+01
3.693877339363098145e+01	2.976000000000000156e+01
3.940139651298522949e+01	2.976000000000000156e+01
4.186474108695983887e+01	2.982999999999999829e+01
4.432735562324523926e+01	2.980000000000000071e+01
4.678910160064697266e+01	2.980000000000000071e+01
4.925195193290710449e+01	2.982999999999999829e+01
5.171433234214782715e+01	2.982999999999999829e+01
5.417735385894775391e+01	2.980000000000000071e+01
5.663964939117431641e+01	2.980000000000000071e+01
5.910203933715820312e+01	2.980000000000000071e+01
6.156497883796691895e+01	2.976000000000000156e+01
6.402778887748718262e+01	2.980000000000000071e+01
6.648997998237609863e+01	2.976000000000000156e+01
6.895291209220886230e+01	2.973000000000000043e+01
7.141573023796081543e+01	2.976000000000000156e+01
7.387770318984985352e+01	2.969999999999999929e+01
7.634006214141845703e+01	2.973000000000000043e+01
7.880363082885742188e+01	2.973000000000000043e+01
8.126636624336242676e+01	2.973000000000000043e+01
8.372825551033020020e+01	2.973000000000000043e+01
8.619152307510375977e+01	2.973000000000000043e+01
8.865404963493347168e+01	2.976000000000000156e+01
9.111572098731994629e+01	2.976000000000000156e+01
9.357879519462585449e+01	2.976000000000000156e+01
9.604100131988525391e+01	2.982999999999999829e+01
9.850447821617126465e+01	2.976000000000000156e+01
1.009664978981018066e+02	2.980000000000000071e+01
1.034292750358581543e+02	2.982999999999999829e+01
1.058912687301635742e+02	2.985999999999999943e+01
1.083543190956115723e+02	2.980000000000000071e+01
1.108172056674957275e+02	2.982999999999999829e+01
1.132792227268218994e+02	2.982999999999999829e+01
1.157425029277801514e+02	2.980000000000000071e+01
1.182045190334320068e+02	2.980000000000000071e+01
1.206672914028167725e+02	2.982999999999999829e+01
1.231296832561492920e+02	2.980000000000000071e+01
1.255923485755920410e+02	2.980000000000000071e+01
1.280546734333038330e+02	2.976000000000000156e+01
1.305176594257354736e+02	2.976000000000000156e+01
1.329805700778961182e+02	2.976000000000000156e+01
1.354427113533020020e+02	2.976000000000000156e+01
1.379054577350616455e+02	2.976000000000000156e+01
1.403681063652038574e+02	2.976000000000000156e+01
1.428306114673614502e+02	2.976000000000000156e+01
1.452934000492095947e+02	2.980000000000000071e+01
1.477557952404022217e+02	2.980000000000000071e+01
1.502181768417358398e+02	2.976000000000000156e+01
1.526809384822845459e+02	2.980000000000000071e+01
1.551430406570434570e+02	2.976000000000000156e+01
1.576063694953918457e+02	2.980000000000000071e+01
1.600685360431671143e+02	2.982999999999999829e+01
1.625313804149627686e+02	2.980000000000000071e+01
1.649929597377777100e+02	2.980000000000000071e+01
1.674563348293304443e+02	2.980000000000000071e+01
1.699194154739379883e+02	2.980000000000000071e+01
1.723810775279998779e+02	2.980000000000000071e+01
1.748445878028869629e+02	2.976000000000000156e+01
1.773063888549804688e+02	2.976000000000000156e+01
1.797691860198974609e+02	2.976000000000000156e+01
1.822322874069213867e+02	2.973000000000000043e+01
1.846949617862701416e+02	2.980000000000000071e+01
1.871574666500091553e+02	2.976000000000000156e+01
1.896192133426666260e+02	2.980000000000000071e+01
1.920818102359771729e+02	2.976000000000000156e+01
1.945447044372558594e+02	2.980000000000000071e+01
1.970075318813323975e+02	2.980000000000000071e+01
1.994703264236450195e+02	2.980000000000000071e+01
2.019323439598083496e+02	2.980000000000000071e+01
2.043957436084747314e+02	2.980000000000000071e+01
2.068579556941986084e+02	2.980000000000000071e+01
2.093202764987945557e+02	2.980000000000000071e+01
2.117830965518951416e+02	2.976000000000000156e+01
2.142452254295349121e+02	2.973000000000000043e+01
2.167083430290222168e+02	2.976000000000000156e+01
2.191703307628631592e+02	2.973000000000000043e+01
2.216336846351623535e+02	2.976000000000000156e+01
2.240955524444580078e+02	2.976000000000000156e+01
2.265583429336547852e+02	2.980000000000000071e+01
2.290205190181732178e+02	2.976000000000000156e+01
2.314841215610504150e+02	2.980000000000000071e+01
2.339468185901641846e+02	2.976000000000000156e+01
2.364095299243927002e+02	2.976000000000000156e+01
2.388716306686401367e+02	2.980000000000000071e+01
2.413345963954925537e+02	2.976000000000000156e+01
2.437971501350402832e+02	2.980000000000000071e+01
2.462600531578063965e+02	2.980000000000000071e+01
2.487221052646636963e+02	2.980000000000000071e+01
2.511849620342254639e+02	2.982999999999999829e+01
2.536468720436096191e+02	2.976000000000000156e+01
2.561093215942382812e+02	2.976000000000000156e+01
2.585729546546936035e+02	2.980000000000000071e+01
2.610351974964141846e+02	2.976000000000000156e+01
2.634969344139099121e+02	2.976000000000000156e+01
2.659604954719543457e+02	2.976000000000000156e+01
2.684226431846618652e+02	2.980000000000000071e+01
2.708856132030487061e+02	2.973000000000000043e+01
2.733483240604400635e+02	2.980000000000000071e+01
2.758107643127441406e+02	2.973000000000000043e+01
2.782732710838317871e+02	2.976000000000000156e+01
2.807358176708221436e+02	2.976000000000000156e+01
2.831982402801513672e+02	2.976000000000000156e+01
2.856604578495025635e+02	2.982999999999999829e+01
2.881232910156250000e+02	2.980000000000000071e+01
2.905858261585235596e+02	2.980000000000000071e+01
2.930489134788513184e+02	2.980000000000000071e+01
2.955112197399139404e+02	2.982999999999999829e+01
2.979736304283142090e+02	2.980000000000000071e+01
3.004366340637207031e+02	2.980000000000000071e+01
3.028985946178436279e+02	2.980000000000000071e+01
3.053612153530120850e+02	2.980000000000000071e+01
3.078235764503479004e+02	2.982999999999999829e+01
3.102863030433654785e+02	2.976000000000000156e+01
3.127488143444061279e+02	2.980000000000000071e+01
3.152114078998565674e+02	2.976000000000000156e+01
3.176745014190673828e+02	2.969999999999999929e+01
3.201369373798370361e+02	2.973000000000000043e+01
3.225998101234436035e+02	2.973000000000000043e+01
3.250622224807739258e+02	2.976000000000000156e+01
3.275252621173858643e+02	2.973000000000000043e+01
3.299873306751251221e+02	2.980000000000000071e+01
3.324494469165802002e+02	2.976000000000000156e+01
3.349127738475799561e+02	2.976000000000000156e+01
3.373755011558532715e+02	2.980000000000000071e+01
3.398373193740844727e+02	2.976000000000000156e+01
3.423000268936157227e+02	2.976000000000000156e+01
3.447625718116760254e+02	2.982999999999999829e+01
3.472259032726287842e+02	2.980000000000000071e+01
3.496884474754333496e+02	2.980000000000000071e+01
3.521508960723876953e+02	2.980000000000000071e+01
3.546134247779846191e+02	2.982999999999999829e+01
3.570763435363769531e+02	2.982999999999999829e+01
3.595390000343322754e+02	2.982999999999999829e+01
3.620010778903961182e+02	2.982999999999999829e+01
3.644638073444366455e+02	2.985999999999999943e+01
3.669266269207000732e+02	2.982999999999999829e+01
3.693881392478942871e+02	2.980000000000000071e+01
3.718509075641632080e+02	2.976000000000000156e+01
3.743137271404266357e+02	2.973000000000000043e+01
3.767761826515197754e+02	2.976000000000000156e+01
3.792392134666442871e+02	2.976000000000000156e+01
3.817015047073364258e+02	2.973000000000000043e+01
3.841637039184570312e+02	2.976000000000000156e+01
3.866263167858123779e+02	2.980000000000000071e+01
3.890894153118133545e+02	2.976000000000000156e+01
3.915518128871917725e+02	2.980000000000000071e+01
3.940145883560180664e+02	2.980000000000000071e+01
3.964769747257232666e+02	2.980000000000000071e+01
3.989400269985198975e+02	2.980000000000000071e+01
4.014029827117919922e+02	2.982999999999999829e+01
4.038654720783233643e+02	2.982999999999999829e+01
4.063279590606689453e+02	2.980000000000000071e+01
4.087900123596191406e+02	2.982999999999999829e+01
4.112529091835021973e+02	2.982999999999999829e+01
4.137151358127593994e+02	2.976000000000000156e+01
4.161785612106323242e+02	2.976000000000000156e+01
4.186405644416809082e+02	2.976000000000000156e+01
4.211026966571807861e+02	2.976000000000000156e+01
4.235655183792114258e+02	2.973000000000000043e+01
4.260280368328094482e+02	2.973000000000000043e+01
4.284906690120697021e+02	2.973000000000000043e+01
4.309522600173950195e+02	2.976000000000000156e+01
4.334158670902252197e+02	2.973000000000000043e+01
4.358774983882904053e+02	2.973000000000000043e+01
4.383400466442108154e+02	2.980000000000000071e+01
4.408026502132415771e+02	2.980000000000000071e+01
4.432656755447387695e+02	2.980000000000000071e+01
4.457282621860504150e+02	2.982999999999999829e+01
4.481908452510833740e+02	2.980000000000000071e+01
4.506535968780517578e+02	2.982999999999999829e+01
4.531155683994293213e+02	2.980000000000000071e+01
4.555785379409790039e+02	2.982999999999999829e+01
4.580415489673614502e+02	2.980000000000000071e+01
4.605035047531127930e+02	2.980000000000000071e+01
4.629665215015411377e+02	2.976000000000000156e+01
4.654285397529602051e+02	2.980000000000000071e+01
4.678915393352508545e+02	2.976000000000000156e+01
4.703545284271240234e+02	2.976000000000000156e+01
4.728165357112884521e+02	2.980000000000000071e+01
4.752788453102111816e+02	2.976000000000000156e+01
4.777418258190155029e+02	2.976000000000000156e+01
4.802050857543945312e+02	2.976000000000000156e+01
4.826669642925262451e+02	2.976000000000000156e+01
4.851301887035369873e+02	2.980000000000000071e+01
4.875931403636932373e+02	2.980000000000000071e+01
4.900561301708221436e+02	2.976000000000000156e+01
4.925177438259124756e+02	2.980000000000000071e+01
4.949803769588470459e+02	2.980000000000000071e+01
4.974434895515441895e+02	2.982999999999999829e+01
4.999058742523193359e+02	2.982999999999999829e+01
5.023688402175903320e+02	2.980000000000000071e+01
5.048316304683685303e+02	2.980000000000000071e+01
5.072938055992126465e+02	2.980000000000000071e+01
5.097565712928771973e+02	2.973000000000000043e+01
5.122193174362182617e+02	2.976000000000000156e+01
5.146816132068634033e+02	2.976000000000000156e+01
5.171439328193664551e+02	2.973000000000000043e+01
5.196071603298187256e+02	2.976000000000000156e+01
5.220690672397613525e+02	2.973000000000000043e+01
5.245316643714904785e+02	2.973000000000000043e+01
5.269951119422912598e+02	2.976000000000000156e+01
5.294568452835083008e+02	2.973000000000000043e+01
5.319191279411315918e+02	2.973000000000000043e+01
5.343820688724517822e+02	2.976000000000000156e+01
5.368447556495666504e+02	2.976000000000000156e+01
5.393079888820648193e+02	2.976000000000000156e+01
5.417706778049468994e+02	2.976000000000000156e+01
5.442320761680603027e+02	2.976000000000000156e+01
5.466956970691680908e+02	2.976000000000000156e+01
5.491579124927520752e+02	2.982999999999999829e+01
5.516204683780670166e+02	2.976000000000000156e+01
5.540828876495361328e+02	2.980000000000000071e+01
5.565455510616302490e+02	2.976000000000000156e+01
5.590086758136749268e+02	2.976000000000000156e+01
5.614708552360534668e+02	2.980000000000000071e+01
5.639335074424743652e+02	2.980000000000000071e+01
5.663957653045654297e+02	2.982999999999999829e+01
5.688592305183410645e+02	2.985999999999999943e+01
5.713215727806091309e+02	2.982999999999999829e+01
5.737836811542510986e+02	2.985999999999999943e+01
5.762465941905975342e+02	2.980000000000000071e+01
5.787087514400482178e+02	2.980000000000000071e+01
5.811712834835052490e+02	2.976000000000000156e+01
5.836346113681793213e+02	2.973000000000000043e+01
5.860968210697174072e+02	2.976000000000000156e+01
5.885591459274291992e+02	2.973000000000000043e+01
5.910219349861145020e+02	2.973000000000000043e+01
5.934840450286865234e+02	2.973000000000000043e+01
5.959476096630096436e+02	2.973000000000000043e+01
5.984101462364196777e+02	2.980000000000000071e+01
6.008727600574493408e+02	2.980000000000000071e+01
6.033347175121307373e+02	2.976000000000000156e+01
6.057977943420410156e+02	2.980000000000000071e+01
6.082603671550750732e+02	2.980000000000000071e+01
6.107223231792449951e+02	2.980000000000000071e+01
6.131852667331695557e+02	2.980000000000000071e+01
6.156477115154266357e+02	2.980000000000000071e+01
6.181103975772857666e+02	2.982999999999999829e+01
6.205731341838836670e+02	2.980000000000000071e+01
6.230355577468872070e+02	2.980000000000000071e+01
6.254971477985382080e+02	2.980000000000000071e+01
6.279610819816589355e+02	2.976000000000000156e+01
6.304238231182098389e+02	2.980000000000000071e+01
6.328856596946716309e+02	2.973000000000000043e+01
6.353478903770446777e+02	2.976000000000000156e+01
6.378109252452850342e+02	2.976000000000000156e+01
6.402735025882720947e+02	2.973000000000000043e+01
6.427359597682952881e+02	2.973000000000000043e+01
6.451991376876831055e+02	2.973000000000000043e+01
6.476615426540374756e+02	2.980000000000000071e+01
6.501235249042510986e+02	2.980000000000000071e+01
6.525863709449768066e+02	2.980000000000000071e+01
6.550492081642150879e+02	2.980000000000000071e+01
6.575120112895965576e+02	2.976000000000000156e+01
6.599747478961944580e+02	2.980000000000000071e+01
6.624366769790649414e+02	2.976000000000000156e+01
6.648989737033843994e+02	2.980000000000000071e+01
6.673617134094238281e+02	2.980000000000000071e+01
6.698246951103210449e+02	2.982999999999999829e+01
6.722869591712951660e+02	2.980000000000000071e+01
6.747505300045013428e+02	2.976000000000000156e+01
6.772124307155609131e+02	2.976000000000000156e+01
6.796750783920288086e+02	2.980000000000000071e+01
6.821381616592407227e+02	2.976000000000000156e+01
6.846006884574890137e+02	2.980000000000000071e+01
6.870626199245452881e+02	2.976000000000000156e+01
6.895250144004821777e+02	2.982999999999999829e+01
6.919884030818939209e+02	2.976000000000000156e+01
6.944504339694976807e+02	2.976000000000000156e+01
6.969138228893280029e+02	2.976000000000000156e+01
6.993754880428314209e+02	2.982999999999999829e+01
7.018385481834411621e+02	2.980000000000000071e+01
7.043009166717529297e+02	2.980000000000000071e+01
7.067637419700622559e+02	2.982999999999999829e+01
7.092265686988830566e+02	2.980000000000000071e+01
7.116890451908111572e+02	2.976000000000000156e+01
7.141520063877105713e+02	2.976000000000000156e+01
7.166134798526763916e+02	2.976000000000000156e+01
7.190760347843170166e+02	2.976000000000000156e+01
7.215386705398559570e+02	2.973000000000000043e+01
7.240008053779602051e+02	2.976000000000000156e+01
7.264642670154571533e+02	2.976000000000000156e+01
7.289272825717926025e+02	2.976000000000000156e+01
7.313888483047485352e+02	2.976000000000000156e+01
7.338522124290466309e+02	2.976000000000000156e+01
7.363141152858734131e+02	2.980000000000000071e+01
7.387770814895629883e+02	2.980000000000000071e+01
7.412395241260528564e+02	2.976000000000000156e+01
7.437027091979980469e+02	2.976000000000000156e+01
7.461644885540008545e+02	2.980000000000000071e+01
7.486280698776245117e+02	2.980000000000000071e+01
7.510904369354248047e+02	2.980000000000000071e+01
7.535524895191192627e+02	2.980000000000000071e+01
7.560157663822174072e+02	2.980000000000000071e+01
7.584781303405761719e+02	2.976000000000000156e+01
7.609398233890533447e+02	2.980000000000000071e+01
7.634025454521179199e+02	2.980000000000000071e+01
7.658652017116546631e+02	2.976000000000000156e+01
7.683282668590545654e+02	2.980000000000000071e+01
7.707909350395202637e+02	2.973000000000000043e+01
7.732527055740356445e+02	2.973000000000000043e+01
7.757161378860473633e+02	2.976000000000000156e+01
7.781784319877624512e+02	2.976000000000000156e+01
7.806405780315399170e+02	2.973000000000000043e+01
7.831037187576293945e+02	2.980000000000000071e+01
7.855659351348876953e+02	2.982999999999999829e+01
7.880288538932800293e+02	2.976000000000000156e+01
7.904911606311798096e+02	2.980000000000000071e+01
7.929537250995635986e+02	2.982999999999999829e+01
7.954165608882904053e+02	2.980000000000000071e+01
7.978789329528808594e+02	2.985999999999999943e+01
8.003417451381683350e+02	2.982999999999999829e+01
8.028039438724517822e+02	2.982999999999999829e+01
8.052669208049774170e+02	2.982999999999999829e+01
8.077294890880584717e+02	2.982999999999999829e+01
8.101921014785766602e+02	2.982999999999999829e+01
8.126548292636871338e+02	2.982999999999999829e+01
8.151172602176666260e+02	2.976000000000000156e+01
8.175800864696502686e+02	2.976000000000000156e+01
8.200427405834197998e+02	2.973000000000000043e+01
8.225051958560943604e+02	2.973000000000000043e+01
8.249669542312622070e+02	2.973000000000000043e+01
8.274299712181091309e+02	2.976000000000000156e+01
8.298926093578338623e+02	2.976000000000000156e+01
8.323554949760437012e+02	2.973000000000000043e+01
8.348181877136230469e+02	2.976000000000000156e+01
8.372804324626922607e+02	2.976000000000000156e+01
8.397427203655242920e+02	2.980000000000000071e+01
8.422055964469909668e+02	2.980000000000000071e+01
8.446683771610260010e+02	2.980000000000000071e+01
8.471312537193298340e+02	2.980000000000000071e+01
8.495938658714294434e+02	2.982999999999999829e+01
8.520565528869628906e+02	2.980000000000000071e+01
8.545182802677154541e+02	2.980000000000000071e+01
8.569809670448303223e+02	2.980000000000000071e+01
8.594437129497528076e+02	2.976000000000000156e+01
8.619061696529388428e+02	2.980000000000000071e+01
8.643694238662719727e+02	2.973000000000000043e+01
8.668316004276275635e+02	2.976000000000000156e+01
8.692944424152374268e+02	2.969999999999999929e+01
8.717563426494598389e+02	2.973000000000000043e+01
8.742198114395141602e+02	2.973000000000000043e+01
8.766817004680633545e+02	2.973000000000000043e+01
8.791438667774200439e+02	2.973000000000000043e+01
8.816070187091827393e+02	2.973000000000000043e+01
8.840697653293609619e+02	2.976000000000000156e+01
8.865323357582092285e+02	2.980000000000000071e+01
8.889949202537536621e+02	2.982999999999999829e+01
8.914580078125000000e+02	2.976000000000000156e+01
8.939195055961608887e+02	2.980000000000000071e+01
8.963818919658660889e+02	2.980000000000000071e+01
8.988454346656799316e+02	2.982999999999999829e+01
9.013077201843261719e+02	2.982999999999999829e+01
9.037695240974426270e+02	2.980000000000000071e+01
9.062327513694763184e+02	2.982999999999999829e+01
9.086960744857788086e+02	2.982999999999999829e+01
9.111585812568664551e+02	2.982999999999999829e+01
9.136207740306854248e+02	2.976000000000000156e+01
9.160825896263122559e+02	2.973000000000000043e+01
9.185456547737121582e+02	2.976000000000000156e+01
9.210085232257843018e+02	2.973000000000000043e+01
9.234718635082244873e+02	2.973000000000000043e+01
9.259340975284576416e+02	2.973000000000000043e+01
9.283963921070098877e+02	2.969999999999999929e+01
9.308585228919982910e+02	2.973000000000000043e+01
9.333211059570312500e+02	2.973000000000000043e+01
9.357840363979339600e+02	2.973000000000000043e+01
9.382465956211090088e+02	2.976000000000000156e+01
9.407095508575439453e+02	2.973000000000000043e+01
9.431725285053253174e+02	2.976000000000000156e+01
9.456341841220855713e+02	2.976000000000000156e+01
9.480965902805328369e+02	2.980000000000000071e+01
9.505601999759674072e+02	2.980000000000000071e+01
9.530226337909698486e+02	2.980000000000000071e+01
9.554846174716949463e+02	2.980000000000000071e+01
9.579471335411071777e+02	2.980000000000000071e+01
9.604092233180999756e+02	2.982999999999999829e+01
9.628729007244110107e+02	2.980000000000000071e+01
9.653347783088684082e+02	2.980000000000000071e+01
9.677976572513580322e+02	2.982999999999999829e+01
9.702606728076934814e+02	2.976000000000000156e+01
9.727232751846313477e+02	2.973000000000000043e+01
9.751861057281494141e+02	2.980000000000000071e+01
9.776477799415588379e+02	2.976000000000000156e+01
9.801107397079467773e+02	2.973000000000000043e+01
9.825738589763641357e+02	2.976000000000000156e+01
9.850365419387817383e+02	2.980000000000000071e+01
9.874980769157409668e+02	2.976000000000000156e+01
9.899605836868286133e+02	2.980000000000000071e+01
9.924239180088043213e+02	2.980000000000000071e+01
9.948863334655761719e+02	2.980000000000000071e+01
9.973489553928375244e+02	2.980000000000000071e+01
9.998116745948791504e+02	2.980000000000000071e+01
1.002274642229080200e+03	2.980000000000000071e+01
1.004737386465072632e+03	2.982999999999999829e+01
1.007198945760726929e+03	2.980000000000000071e+01
1.009662354707717896e+03	2.980000000000000071e+01
1.012124159812927246e+03	2.980000000000000071e+01
1.014587111234664917e+03	2.980000000000000071e+01
1.017049383163452148e+03	2.982999999999999829e+01
1.019512083768844604e+03	2.980000000000000071e+01
1.021975491762161255e+03	2.980000000000000071e+01
1.024436944484710693e+03	2.980000000000000071e+01
1.026899755716323853e+03	2.973000000000000043e+01
1.029362917423248291e+03	2.976000000000000156e+01
1.031824911594390869e+03	2.973000000000000043e+01
1.034287786722183228e+03	2.973000000000000043e+01
1.036750259637832642e+03	2.969999999999999929e+01
1.039213223218917847e+03	2.973000000000000043e+01
1.041676056623458862e+03	2.973000000000000043e+01
1.044138340711593628e+03	2.969999999999999929e+01
1.046600887775421143e+03	2.976000000000000156e+01
1.049063986063003540e+03	2.976000000000000156e+01
1.051526787757873535e+03	2.980000000000000071e+01
1.053988507270812988e+03	2.976000000000000156e+01
1.056450797557830811e+03	2.980000000000000071e+01
1.058914197206497192e+03	2.982999999999999829e+01
1.061376699924468994e+03	2.980000000000000071e+01
1.063838944435119629e+03	2.982999999999999829e+01
1.066301416635513306e+03	2.982999999999999829e+01
1.068763954639434814e+03	2.985999999999999943e+01
1.071227362632751465e+03	2.980000000000000071e+01
1.073688901901245117e+03	2.982999999999999829e+01
1.076152406215667725e+03	2.980000000000000071e+01
1.078614349126815796e+03	2.980000000000000071e+01
1.081077415227890015e+03	2.980000000000000071e+01
1.083539060115814209e+03	2.980000000000000071e+01
1.086001896142959595e+03	2.976000000000000156e+01
1.088464397668838501e+03	2.973000000000000043e+01
1.090926976442337036e+03	2.973000000000000043e+01
1.093390387535095215e+03	2.976000000000000156e+01
1.095852480888366699e+03	2.973000000000000043e+01
1.098315792798995972e+03	2.973000000000000043e+01
1.100777734756469727e+03	2.973000000000000043e+01
1.103241011142730713e+03	2.973000000000000043e+01
1.105702656507492065e+03	2.976000000000000156e+01
1.108165718793869019e+03	2.980000000000000071e+01
1.110627646923065186e+03	2.980000000000000071e+01
1.113089966535568237e+03	2.980000000000000071e+01
1.115553350687026978e+03	2.982999999999999829e+01
1.118016361713409424e+03	2.980000000000000071e+01
1.120478894710540771e+03	2.980000000000000071e+01
1.122940912008285522e+03	2.980000000000000071e+01
1.125403616428375244e+03	2.980000000000000071e+01
1.127866994142532349e+03	2.980000000000000071e+01
1.130329348564147949e+03	2.976000000000000156e+01
1.132791090965270996e+03	2.980000000000000071e+01
1.135254302740097046e+03	2.982999999999999829e+01
1.137716925382614136e+03	2.980000000000000071e+01
1.140179163932800293e+03	2.973000000000000043e+01
1.142642327547073364e+03	2.976000000000000156e+01
1.145104250669479370e+03	2.980000000000000071e+01
1.147566632509231567e+03	2.980000000000000071e+01
1.150029856681823730e+03	2.973000000000000043e+01
1.152491961956024170e+03	2.973000000000000043e+01
1.154955058336257935e+03	2.969999999999999929e+01
1.157417729854583740e+03	2.976000000000000156e+01
1.159880107641220093e+03	2.976000000000000156e+01
1.162343065500259399e+03	2.976000000000000156e+01
1.164805466413497925e+03	2.976000000000000156e+01
1.167267437696456909e+03	2.982999999999999829e+01
1.169730419158935547e+03	2.982999999999999829e+01
1.172192884683609009e+03	2.980000000000000071e+01
1.174655397891998291e+03	2.982999999999999829e+01
1.177118651628494263e+03	2.982999999999999829e+01
1.179580600738525391e+03	2.985999999999999943e+01
1.182043816566467285e+03	2.982999999999999829e+01
1.184506061315536499e+03	2.982999999999999829e+01
1.186968137025833130e+03	2.980000000000000071e+01
1.189431288242340088e+03	2.980000000000000071e+01
1.191893153905868530e+03	2.976000000000000156e+01
1.194356816768646240e+03	2.976000000000000156e+01
1.196818850755691528e+03	2.973000000000000043e+01
1.199281229019165039e+03	2.976000000000000156e+01
1.201744528770446777e+03	2.969999999999999929e+01
1.204206254243850708e+03	2.973000000000000043e+01
1.206669473171234131e+03	2.973000000000000043e+01
1.209131739854812622e+03	2.969999999999999929e+01
1.211593957901000977e+03	2.973000000000000043e+01
1.214056673288345337e+03	2.976000000000000156e+01
1.216519113063812256e+03	2.976000000000000156e+01
1.218982127904891968e+03	2.980000000000000071e+01
1.221445022344589233e+03	2.980000000000000071e+01
1.223907497406005859e+03	2.980000000000000071e+01
1.226369817018508911e+03	2.980000000000000071e+01
1.228832949876785278e+03	2.980000000000000071e+01
1.231295234203338623e+03	2.982999999999999829e+01
1.233757703304290771e+03	2.980000000000000071e+01
1.236220871925354004e+03	2.980000000000000071e+01
1.238681897163391113e+03	2.982999999999999829e+01
1.241144460678100586e+03	2.982999999999999829e+01
1.243607482910156250e+03	2.982999999999999829e+01
1.246070503711700439e+03	2.982999999999999829e+01
1.248532172441482544e+03	2.976000000000000156e+01
1.250994932174682617e+03	2.980000000000000071e+01
1.253458731412887573e+03	2.976000000000000156e+01
1.255920664072036743e+03	2.976000000000000156e+01
1.258383959770202637e+03	2.976000000000000156e+01
1.260845854282379150e+03	2.973000000000000043e+01
1.263308980464935303e+03	2.976000000000000156e+01
1.265771474599838257e+03	2.973000000000000043e+01
1.268233783721923828e+03	2.980000000000000071e+01
1.270696970224380493e+03	2.976000000000000156e+01
1.273159441471099854e+03	2.976000000000000156e+01
1.275621159076690674e+03	2.976000000000000156e+01
1.278084009885787964e+03	2.980000000000000071e+01
1.280547289609909058e+03	2.980000000000000071e+01
1.283009563922882080e+03	2.980000000000000071e+01
1.285471727132797241e+03	2.980000000000000071e+01
1.287934385538101196e+03	2.980000000000000071e+01
1.290397093772888184e+03	2.982999999999999829e+01
1.292859185218811035e+03	2.980000000000000071e+01
1.295322597503662109e+03	2.980000000000000071e+01
1.297784427642822266e+03	2.976000000000000156e+01
1.300247990131378174e+03	2.976000000000000156e+01
1.302709974527359009e+03	2.980000000000000071e+01
1.305172448635101318e+03	2.980000000000000071e+01
1.307634946107864380e+03	2.976000000000000156e+01
1.310097043514251709e+03	2.976000000000000156e+01
1.312560461997985840e+03	2.976000000000000156e+01
1.315022897720336914e+03	2.982999999999999829e+01
1.317485271930694580e+03	2.980000000000000071e+01
1.319947817802429199e+03	2.980000000000000071e+01
1.322410972356796265e+03	2.980000000000000071e+01
1.324873235225677490e+03	2.980000000000000071e+01
1.327335657358169556e+03	2.976000000000000156e+01
1.329798033952713013e+03	2.976000000000000156e+01
1.332260074377059937e+03	2.973000000000000043e+01
1.334723409414291382e+03	2.973000000000000043e+01
1.337185896635055542e+03	2.973000000000000043e+01
1.339648648262023926e+03	2.976000000000000156e+01
1.342111389636993408e+03	2.973000000000000043e+01
1.344574039697647095e+03	2.973000000000000043e+01
1.347036486625671387e+03	2.969999999999999929e+01
1.349498874425888062e+03	2.976000000000000156e+01
1.351961499929428101e+03	2.976000000000000156e+01
1.354424077033996582e+03	2.973000000000000043e+01
1.356886942386627197e+03	2.976000000000000156e+01
1.359349834680557251e+03	2.976000000000000156e+01
1.361812653779983521e+03	2.976000000000000156e+01
1.364275094747543335e+03	2.982999999999999829e+01
1.366737515449523926e+03	2.976000000000000156e+01
1.369199824571609497e+03	2.980000000000000071e+01
1.371662578344345093e+03	2.980000000000000071e+01
1.374124533653259277e+03	2.980000000000000071e+01
1.376587080478668213e+03	2.980000000000000071e+01
1.379049926757812500e+03	2.976000000000000156e+01
1.381513568639755249e+03	2.976000000000000156e+01
1.383976118564605713e+03	2.976000000000000156e+01
1.386437779664993286e+03	2.976000000000000156e+01
1.388900283813476562e+03	2.980000000000000071e+01
1.391363262891769409e+03	2.976000000000000156e+01
1.393825763940811157e+03	2.980000000000000071e+01
1.396288021802902222e+03	2.976000000000000156e+01
1.398750867605209351e+03	2.980000000000000071e+01
1.401213333606719971e+03	2.982999999999999829e+01
1.403676510572433472e+03	2.982999999999999829e+01
1.406138394355773926e+03	2.982999999999999829e+01
1.408601223230361938e+03	2.982999999999999829e+01
1.411064033746719360e+03	2.980000000000000071e+01
1.413525762081146240e+03	2.980000000000000071e+01
1.415989109277725220e+03	2.976000000000000156e+01
1.418452233791351318e+03	2.976000000000000156e+01
1.420914763212203979e+03	2.980000000000000071e+01
1.423376590490341187e+03	2.976000000000000156e+01
1.425839026689529419e+03	2.973000000000000043e+01
1.428302784204483032e+03	2.976000000000000156e+01
1.430764468669891357e+03	2.976000000000000156e+01
1.433227662563323975e+03	2.976000000000000156e+01
1.435690157413482666e+03	2.976000000000000156e+01
1.438153027296066284e+03	2.980000000000000071e+01
1.440615683555603027e+03	2.980000000000000071e+01
1.443077230453491211e+03	2.980000000000000071e+01
1.445540619850158691e+03	2.982999999999999829e+01
1.448003652095794678e+03	2.980000000000000071e+01
1.450465292215347290e+03	2.980000000000000071e+01
1.452928375720977783e+03	2.980000000000000071e+01
1.455390819072723389e+03	2.980000000000000071e+01
1.457853576183319092e+03	2.980000000000000071e+01
1.460315383434295654e+03	2.982999999999999829e+01
1.462778208732604980e+03	2.985999999999999943e+01
1.465241408586502075e+03	2.980000000000000071e+01
1.467703786611557007e+03	2.976000000000000156e+01
1.470166172742843628e+03	2.976000000000000156e+01
1.472629184722900391e+03	2.973000000000000043e+01
1.475091642379760742e+03	2.976000000000000156e+01
