# 20220728
# time			temp			
0.000000000000000000e+00	2.976000000000000156e+01
2.462600231170654297e+00	2.973000000000000043e+01
4.926050662994384766e+00	2.973000000000000043e+01
7.388249397277832031e+00	2.973000000000000043e+01
9.851065874099731445e+00	2.976000000000000156e+01
1.231349396705627441e+01	2.976000000000000156e+01
1.477646470069885254e+01	2.976000000000000156e+01
1.723848009109497070e+01	2.982999999999999829e+01
1.970134711265563965e+01	2.982999999999999829e+01
2.216378545761108398e+01	2.980000000000000071e+01
2.462682962417602539e+01	2.985999999999999943e+01
2.708889102935791016e+01	2.982999999999999829e+01
2.955140042304992676e+01	2.989999999999999858e+01
3.201394534111022949e+01	2.982999999999999829e+01
3.447714066505432129e+01	2.982999999999999829e+01
3.693903756141662598e+01	2.982999999999999829e+01
3.940235042572021484e+01	2.985999999999999943e+01
4.186435294151306152e+01	2.982999999999999829e+01
4.432663226127624512e+01	2.985999999999999943e+01
4.678967165946960449e+01	2.982999999999999829e+01
4.925259494781494141e+01	2.982999999999999829e+01
5.171489596366882324e+01	2.982999999999999829e+01
5.417778706550598145e+01	2.980000000000000071e+01
5.664009881019592285e+01	2.982999999999999829e+01
5.910261797904968262e+01	2.980000000000000071e+01
6.156591749191284180e+01	2.980000000000000071e+01
6.402790498733520508e+01	2.980000000000000071e+01
6.649107694625854492e+01	2.976000000000000156e+01
6.895262408256530762e+01	2.976000000000000156e+01
7.141568136215209961e+01	2.980000000000000071e+01
7.387790751457214355e+01	2.976000000000000156e+01
7.634077596664428711e+01	2.976000000000000156e+01
7.880419921875000000e+01	2.980000000000000071e+01
8.126608252525329590e+01	2.980000000000000071e+01
8.372835350036621094e+01	2.982999999999999829e+01
8.619082784652709961e+01	2.982999999999999829e+01
8.865457916259765625e+01	2.985999999999999943e+01
9.111714696884155273e+01	2.985999999999999943e+01
9.357965612411499023e+01	2.985999999999999943e+01
9.604171729087829590e+01	2.989999999999999858e+01
9.850487208366394043e+01	2.982999999999999829e+01
1.009662313461303711e+02	2.982999999999999829e+01
1.034293949604034424e+02	2.982999999999999829e+01
1.058917956352233887e+02	2.985999999999999943e+01
1.083552308082580566e+02	2.982999999999999829e+01
1.108171389102935791e+02	2.980000000000000071e+01
1.132793266773223877e+02	2.976000000000000156e+01
1.157426478862762451e+02	2.976000000000000156e+01
1.182050802707672119e+02	2.976000000000000156e+01
1.206681210994720459e+02	2.980000000000000071e+01
1.231304121017456055e+02	2.976000000000000156e+01
1.255927875041961670e+02	2.976000000000000156e+01
1.280553591251373291e+02	2.980000000000000071e+01
1.305178987979888916e+02	2.980000000000000071e+01
1.329801979064941406e+02	2.980000000000000071e+01
1.354431097507476807e+02	2.982999999999999829e+01
1.379062008857727051e+02	2.980000000000000071e+01
1.403685004711151123e+02	2.985999999999999943e+01
1.428303794860839844e+02	2.985999999999999943e+01
1.452939274311065674e+02	2.985999999999999943e+01
1.477561054229736328e+02	2.982999999999999829e+01
1.502187929153442383e+02	2.989999999999999858e+01
1.526812303066253662e+02	2.982999999999999829e+01
1.551436491012573242e+02	2.982999999999999829e+01
1.576068506240844727e+02	2.980000000000000071e+01
1.600688216686248779e+02	2.980000000000000071e+01
1.625317742824554443e+02	2.985999999999999943e+01
1.649947142601013184e+02	2.980000000000000071e+01
1.674564421176910400e+02	2.980000000000000071e+01
1.699190690517425537e+02	2.982999999999999829e+01
1.723819069862365723e+02	2.980000000000000071e+01
1.748443667888641357e+02	2.982999999999999829e+01
1.773067784309387207e+02	2.982999999999999829e+01
1.797696025371551514e+02	2.985999999999999943e+01
1.822318768501281738e+02	2.985999999999999943e+01
1.846948797702789307e+02	2.980000000000000071e+01
1.871575226783752441e+02	2.985999999999999943e+01
1.896203899383544922e+02	2.989999999999999858e+01
1.920833189487457275e+02	2.982999999999999829e+01
1.945446829795837402e+02	2.985999999999999943e+01
1.970078132152557373e+02	2.985999999999999943e+01
1.994702832698822021e+02	2.980000000000000071e+01
2.019329614639282227e+02	2.982999999999999829e+01
2.043949215412139893e+02	2.982999999999999829e+01
2.068580067157745361e+02	2.980000000000000071e+01
2.093212766647338867e+02	2.976000000000000156e+01
2.117840561866760254e+02	2.980000000000000071e+01
2.142456908226013184e+02	2.980000000000000071e+01
2.167087340354919434e+02	2.976000000000000156e+01
2.191719241142272949e+02	2.980000000000000071e+01
2.216341319084167480e+02	2.980000000000000071e+01
2.240962526798248291e+02	2.980000000000000071e+01
2.265598535537719727e+02	2.985999999999999943e+01
2.290218930244445801e+02	2.985999999999999943e+01
2.314849205017089844e+02	2.982999999999999829e+01
2.339475209712982178e+02	2.982999999999999829e+01
2.364097204208374023e+02	2.980000000000000071e+01
2.388727409839630127e+02	2.982999999999999829e+01
2.413349366188049316e+02	2.982999999999999829e+01
2.437970273494720459e+02	2.982999999999999829e+01
2.462598080635070801e+02	2.980000000000000071e+01
2.487223186492919922e+02	2.980000000000000071e+01
2.511855301856994629e+02	2.980000000000000071e+01
2.536477167606353760e+02	2.980000000000000071e+01
2.561108062267303467e+02	2.982999999999999829e+01
2.585733766555786133e+02	2.982999999999999829e+01
2.610350914001464844e+02	2.980000000000000071e+01
2.634979145526885986e+02	2.982999999999999829e+01
2.659610013961791992e+02	2.982999999999999829e+01
2.684229447841644287e+02	2.982999999999999829e+01
2.708860957622528076e+02	2.982999999999999829e+01
2.733487694263458252e+02	2.985999999999999943e+01
2.758112618923187256e+02	2.982999999999999829e+01
2.782738325595855713e+02	2.982999999999999829e+01
2.807359967231750488e+02	2.982999999999999829e+01
2.831992223262786865e+02	2.982999999999999829e+01
2.856607756614685059e+02	2.982999999999999829e+01
2.881240189075469971e+02	2.976000000000000156e+01
2.905861630439758301e+02	2.982999999999999829e+01
2.930488922595977783e+02	2.980000000000000071e+01
2.955116932392120361e+02	2.980000000000000071e+01
2.979746224880218506e+02	2.980000000000000071e+01
3.004360918998718262e+02	2.982999999999999829e+01
3.028998088836669922e+02	2.982999999999999829e+01
3.053622264862060547e+02	2.982999999999999829e+01
3.078245034217834473e+02	2.982999999999999829e+01
3.102879002094268799e+02	2.985999999999999943e+01
3.127497701644897461e+02	2.982999999999999829e+01
3.152123467922210693e+02	2.982999999999999829e+01
3.176743724346160889e+02	2.985999999999999943e+01
3.201379194259643555e+02	2.982999999999999829e+01
3.226004738807678223e+02	2.982999999999999829e+01
3.250621452331542969e+02	2.982999999999999829e+01
3.275254142284393311e+02	2.980000000000000071e+01
3.299877734184265137e+02	2.980000000000000071e+01
3.324500188827514648e+02	2.980000000000000071e+01
3.349126236438751221e+02	2.976000000000000156e+01
3.373754885196685791e+02	2.976000000000000156e+01
3.398385474681854248e+02	2.976000000000000156e+01
3.423008484840393066e+02	2.980000000000000071e+01
3.447636990547180176e+02	2.980000000000000071e+01
3.472259459495544434e+02	2.980000000000000071e+01
3.496884880065917969e+02	2.976000000000000156e+01
3.521512775421142578e+02	2.982999999999999829e+01
3.546133799552917480e+02	2.980000000000000071e+01
3.570767457485198975e+02	2.980000000000000071e+01
3.595387320518493652e+02	2.985999999999999943e+01
3.620018124580383301e+02	2.985999999999999943e+01
3.644638888835906982e+02	2.985999999999999943e+01
3.669265766143798828e+02	2.982999999999999829e+01
3.693890874385833740e+02	2.980000000000000071e+01
3.718515381813049316e+02	2.982999999999999829e+01
3.743147246837615967e+02	2.982999999999999829e+01
3.767770013809204102e+02	2.980000000000000071e+01
3.792400760650634766e+02	2.980000000000000071e+01
3.817020316123962402e+02	2.980000000000000071e+01
3.841650400161743164e+02	2.980000000000000071e+01
3.866270356178283691e+02	2.980000000000000071e+01
3.890903232097625732e+02	2.976000000000000156e+01
3.915522060394287109e+02	2.982999999999999829e+01
3.940150721073150635e+02	2.976000000000000156e+01
3.964773993492126465e+02	2.980000000000000071e+01
3.989405846595764160e+02	2.980000000000000071e+01
4.014029216766357422e+02	2.980000000000000071e+01
4.038647511005401611e+02	2.982999999999999829e+01
4.063277094364166260e+02	2.980000000000000071e+01
4.087907104492187500e+02	2.985999999999999943e+01
4.112531156539916992e+02	2.982999999999999829e+01
4.137152171134948730e+02	2.982999999999999829e+01
4.161788659095764160e+02	2.980000000000000071e+01
4.186409776210784912e+02	2.980000000000000071e+01
4.211033594608306885e+02	2.982999999999999829e+01
4.235663828849792480e+02	2.980000000000000071e+01
4.260287156105041504e+02	2.980000000000000071e+01
4.284917876720428467e+02	2.980000000000000071e+01
4.309542648792266846e+02	2.976000000000000156e+01
4.334166941642761230e+02	2.980000000000000071e+01
4.358791065216064453e+02	2.980000000000000071e+01
4.383424656391143799e+02	2.980000000000000071e+01
4.408045687675476074e+02	2.980000000000000071e+01
4.432668344974517822e+02	2.980000000000000071e+01
4.457289178371429443e+02	2.980000000000000071e+01
4.481922104358673096e+02	2.980000000000000071e+01
4.506547231674194336e+02	2.980000000000000071e+01
4.531174163818359375e+02	2.982999999999999829e+01
4.555798113346099854e+02	2.980000000000000071e+01
4.580429339408874512e+02	2.980000000000000071e+01
4.605048401355743408e+02	2.980000000000000071e+01
4.629680235385894775e+02	2.980000000000000071e+01
4.654298400878906250e+02	2.980000000000000071e+01
4.678934118747711182e+02	2.980000000000000071e+01
4.703557095527648926e+02	2.980000000000000071e+01
4.728181729316711426e+02	2.980000000000000071e+01
4.752812952995300293e+02	2.982999999999999829e+01
4.777439873218536377e+02	2.985999999999999943e+01
4.802063765525817871e+02	2.980000000000000071e+01
4.826683473587036133e+02	2.980000000000000071e+01
4.851307628154754639e+02	2.980000000000000071e+01
4.875932145118713379e+02	2.980000000000000071e+01
4.900558993816375732e+02	2.982999999999999829e+01
4.925191354751586914e+02	2.980000000000000071e+01
4.949808580875396729e+02	2.980000000000000071e+01
4.974438118934631348e+02	2.980000000000000071e+01
4.999063742160797119e+02	2.980000000000000071e+01
5.023688955307006836e+02	2.980000000000000071e+01
5.048315150737762451e+02	2.976000000000000156e+01
5.072947709560394287e+02	2.982999999999999829e+01
5.097568819522857666e+02	2.982999999999999829e+01
5.122197616100311279e+02	2.980000000000000071e+01
5.146819152832031250e+02	2.985999999999999943e+01
5.171448447704315186e+02	2.982999999999999829e+01
5.196079068183898926e+02	2.982999999999999829e+01
5.220699174404144287e+02	2.985999999999999943e+01
5.245330004692077637e+02	2.982999999999999829e+01
5.269944496154785156e+02	2.980000000000000071e+01
5.294573390483856201e+02	2.980000000000000071e+01
5.319199147224426270e+02	2.980000000000000071e+01
5.343822855949401855e+02	2.980000000000000071e+01
5.368457689285278320e+02	2.976000000000000156e+01
5.393083484172821045e+02	2.980000000000000071e+01
5.417708346843719482e+02	2.980000000000000071e+01
5.442329657077789307e+02	2.980000000000000071e+01
5.466960978507995605e+02	2.980000000000000071e+01
5.491577329635620117e+02	2.980000000000000071e+01
5.516209142208099365e+02	2.982999999999999829e+01
5.540840046405792236e+02	2.982999999999999829e+01
5.565461726188659668e+02	2.985999999999999943e+01
5.590084664821624756e+02	2.982999999999999829e+01
5.614712114334106445e+02	2.982999999999999829e+01
5.639341659545898438e+02	2.982999999999999829e+01
5.663964536190032959e+02	2.982999999999999829e+01
5.688588287830352783e+02	2.980000000000000071e+01
5.713219385147094727e+02	2.980000000000000071e+01
5.737845630645751953e+02	2.982999999999999829e+01
5.762467865943908691e+02	2.980000000000000071e+01
5.787088341712951660e+02	2.980000000000000071e+01
5.811719055175781250e+02	2.976000000000000156e+01
5.836344602108001709e+02	2.976000000000000156e+01
5.860978701114654541e+02	2.973000000000000043e+01
5.885591533184051514e+02	2.980000000000000071e+01
5.910230615139007568e+02	2.980000000000000071e+01
5.934858491420745850e+02	2.982999999999999829e+01
5.959478764533996582e+02	2.982999999999999829e+01
5.984105100631713867e+02	2.982999999999999829e+01
6.008723912239074707e+02	2.982999999999999829e+01
6.033359253406524658e+02	2.982999999999999829e+01
6.057978222370147705e+02	2.982999999999999829e+01
6.082601256370544434e+02	2.982999999999999829e+01
6.107233817577362061e+02	2.985999999999999943e+01
6.131860044002532959e+02	2.982999999999999829e+01
6.156490788459777832e+02	2.980000000000000071e+01
6.181105625629425049e+02	2.982999999999999829e+01
6.205736672878265381e+02	2.982999999999999829e+01
6.230367600917816162e+02	2.982999999999999829e+01
6.254988415241241455e+02	2.982999999999999829e+01
6.279617340564727783e+02	2.980000000000000071e+01
6.304239943027496338e+02	2.980000000000000071e+01
6.328870792388916016e+02	2.980000000000000071e+01
6.353489701747894287e+02	2.982999999999999829e+01
6.378112692832946777e+02	2.982999999999999829e+01
6.402748718261718750e+02	2.980000000000000071e+01
6.427376031875610352e+02	2.980000000000000071e+01
6.451993498802185059e+02	2.980000000000000071e+01
6.476616914272308350e+02	2.976000000000000156e+01
6.501240479946136475e+02	2.980000000000000071e+01
6.525877971649169922e+02	2.980000000000000071e+01
6.550495009422302246e+02	2.980000000000000071e+01
6.575122878551483154e+02	2.982999999999999829e+01
6.599749469757080078e+02	2.982999999999999829e+01
6.624375891685485840e+02	2.982999999999999829e+01
6.648997244834899902e+02	2.982999999999999829e+01
6.673621833324432373e+02	2.980000000000000071e+01
6.698247592449188232e+02	2.985999999999999943e+01
6.722879304885864258e+02	2.982999999999999829e+01
6.747500650882720947e+02	2.985999999999999943e+01
6.772136855125427246e+02	2.985999999999999943e+01
6.796752994060516357e+02	2.985999999999999943e+01
6.821386187076568604e+02	2.980000000000000071e+01
6.846011879444122314e+02	2.976000000000000156e+01
6.870640950202941895e+02	2.976000000000000156e+01
6.895255324840545654e+02	2.980000000000000071e+01
6.919890115261077881e+02	2.976000000000000156e+01
6.944513728618621826e+02	2.980000000000000071e+01
6.969135026931762695e+02	2.980000000000000071e+01
6.993770031929016113e+02	2.976000000000000156e+01
7.018397395610809326e+02	2.980000000000000071e+01
7.043014829158782959e+02	2.980000000000000071e+01
7.067647619247436523e+02	2.985999999999999943e+01
7.092275466918945312e+02	2.982999999999999829e+01
7.116897318363189697e+02	2.985999999999999943e+01
7.141516957283020020e+02	2.985999999999999943e+01
7.166143820285797119e+02	2.985999999999999943e+01
7.190771527290344238e+02	2.985999999999999943e+01
7.215398907661437988e+02	2.985999999999999943e+01
7.240023210048675537e+02	2.985999999999999943e+01
7.264656672477722168e+02	2.982999999999999829e+01
7.289269814491271973e+02	2.980000000000000071e+01
7.313897736072540283e+02	2.976000000000000156e+01
7.338527388572692871e+02	2.982999999999999829e+01
7.363150513172149658e+02	2.982999999999999829e+01
7.387783296108245850e+02	2.976000000000000156e+01
7.412408921718597412e+02	2.980000000000000071e+01
7.437034699916839600e+02	2.976000000000000156e+01
7.461654167175292969e+02	2.976000000000000156e+01
7.486282637119293213e+02	2.980000000000000071e+01
7.510902879238128662e+02	2.980000000000000071e+01
7.535530359745025635e+02	2.980000000000000071e+01
7.560157546997070312e+02	2.980000000000000071e+01
7.584788241386413574e+02	2.980000000000000071e+01
7.609413645267486572e+02	2.982999999999999829e+01
7.634033949375152588e+02	2.980000000000000071e+01
7.658666615486145020e+02	2.985999999999999943e+01
7.683285627365112305e+02	2.985999999999999943e+01
7.707919337749481201e+02	2.985999999999999943e+01
7.732545125484466553e+02	2.982999999999999829e+01
7.757173936367034912e+02	2.985999999999999943e+01
7.781796646118164062e+02	2.985999999999999943e+01
7.806421442031860352e+02	2.980000000000000071e+01
7.831043877601623535e+02	2.982999999999999829e+01
7.855674726963043213e+02	2.982999999999999829e+01
7.880301465988159180e+02	2.980000000000000071e+01
7.904919288158416748e+02	2.985999999999999943e+01
7.929548211097717285e+02	2.982999999999999829e+01
7.954177677631378174e+02	2.982999999999999829e+01
7.978802850246429443e+02	2.982999999999999829e+01
8.003430988788604736e+02	2.980000000000000071e+01
8.028047728538513184e+02	2.976000000000000156e+01
8.052684187889099121e+02	2.980000000000000071e+01
8.077301661968231201e+02	2.980000000000000071e+01
8.101935768127441406e+02	2.976000000000000156e+01
8.126557514667510986e+02	2.976000000000000156e+01
8.151186885833740234e+02	2.980000000000000071e+01
8.175815968513488770e+02	2.976000000000000156e+01
8.200432734489440918e+02	2.980000000000000071e+01
8.225065472126007080e+02	2.980000000000000071e+01
8.249682908058166504e+02	2.980000000000000071e+01
8.274319365024566650e+02	2.980000000000000071e+01
8.298935971260070801e+02	2.985999999999999943e+01
8.323572514057159424e+02	2.982999999999999829e+01
8.348195867538452148e+02	2.985999999999999943e+01
8.372815415859222412e+02	2.980000000000000071e+01
8.397442100048065186e+02	2.982999999999999829e+01
8.422075128555297852e+02	2.982999999999999829e+01
8.446701009273529053e+02	2.982999999999999829e+01
8.471325733661651611e+02	2.980000000000000071e+01
8.495951738357543945e+02	2.980000000000000071e+01
8.520578906536102295e+02	2.980000000000000071e+01
8.545196235179901123e+02	2.980000000000000071e+01
8.569828503131866455e+02	2.980000000000000071e+01
8.594446732997894287e+02	2.980000000000000071e+01
8.619075388908386230e+02	2.976000000000000156e+01
8.643698494434356689e+02	2.973000000000000043e+01
8.668333437442779541e+02	2.976000000000000156e+01
8.692957701683044434e+02	2.980000000000000071e+01
8.717578096389770508e+02	2.982999999999999829e+01
8.742204051017761230e+02	2.985999999999999943e+01
8.766830809116363525e+02	2.982999999999999829e+01
8.791454970836639404e+02	2.982999999999999829e+01
8.816086783409118652e+02	2.982999999999999829e+01
8.840713610649108887e+02	2.982999999999999829e+01
8.865335063934326172e+02	2.982999999999999829e+01
8.889957301616668701e+02	2.982999999999999829e+01
8.914585628509521484e+02	2.982999999999999829e+01
8.939218313694000244e+02	2.982999999999999829e+01
8.963841054439544678e+02	2.980000000000000071e+01
8.988465068340301514e+02	2.980000000000000071e+01
9.013096127510070801e+02	2.980000000000000071e+01
9.037716386318206787e+02	2.976000000000000156e+01
9.062342019081115723e+02	2.976000000000000156e+01
9.086964964866638184e+02	2.980000000000000071e+01
9.111593568325042725e+02	2.976000000000000156e+01
9.136223254203796387e+02	2.980000000000000071e+01
9.160853645801544189e+02	2.980000000000000071e+01
9.185473153591156006e+02	2.982999999999999829e+01
9.210104455947875977e+02	2.982999999999999829e+01
9.234723596572875977e+02	2.980000000000000071e+01
9.259346549510955811e+02	2.980000000000000071e+01
9.283973457813262939e+02	2.980000000000000071e+01
9.308603510856628418e+02	2.980000000000000071e+01
9.333224513530731201e+02	2.980000000000000071e+01
9.357852404117584229e+02	2.980000000000000071e+01
9.382486660480499268e+02	2.982999999999999829e+01
9.407107133865356445e+02	2.980000000000000071e+01
9.431727230548858643e+02	2.980000000000000071e+01
9.456363143920898438e+02	2.982999999999999829e+01
9.480982396602630615e+02	2.980000000000000071e+01
9.505611739158630371e+02	2.976000000000000156e+01
9.530240671634674072e+02	2.982999999999999829e+01
9.554865603446960449e+02	2.982999999999999829e+01
9.579484350681304932e+02	2.982999999999999829e+01
9.604113757610321045e+02	2.982999999999999829e+01
9.628743884563446045e+02	2.980000000000000071e+01
9.653355953693389893e+02	2.985999999999999943e+01
9.677989020347595215e+02	2.982999999999999829e+01
9.702621839046478271e+02	2.982999999999999829e+01
9.727248980998992920e+02	2.985999999999999943e+01
9.751864240169525146e+02	2.980000000000000071e+01
9.776497943401336670e+02	2.982999999999999829e+01
9.801124200820922852e+02	2.982999999999999829e+01
9.825751922130584717e+02	2.980000000000000071e+01
9.850370101928710938e+02	2.980000000000000071e+01
9.874996833801269531e+02	2.982999999999999829e+01
9.899630279541015625e+02	2.980000000000000071e+01
9.924254331588745117e+02	2.980000000000000071e+01
9.948880152702331543e+02	2.980000000000000071e+01
9.973504495620727539e+02	2.985999999999999943e+01
9.998126754760742188e+02	2.980000000000000071e+01
1.002275392293930054e+03	2.976000000000000156e+01
1.004737516403198242e+03	2.985999999999999943e+01
1.007200727462768555e+03	2.982999999999999829e+01
1.009662798881530762e+03	2.989999999999999858e+01
1.012126128673553467e+03	2.980000000000000071e+01
1.014587952852249146e+03	2.982999999999999829e+01
1.017051114082336426e+03	2.982999999999999829e+01
1.019513171911239624e+03	2.980000000000000071e+01
1.021975556612014771e+03	2.980000000000000071e+01
1.024439130544662476e+03	2.976000000000000156e+01
1.026901612520217896e+03	2.980000000000000071e+01
1.029363591194152832e+03	2.982999999999999829e+01
1.031826069116592407e+03	2.980000000000000071e+01
1.034288753509521484e+03	2.985999999999999943e+01
1.036751657247543335e+03	2.980000000000000071e+01
1.039214738368988037e+03	2.982999999999999829e+01
1.041677520275115967e+03	2.985999999999999943e+01
1.044139693498611450e+03	2.985999999999999943e+01
1.046602350950241089e+03	2.985999999999999943e+01
1.049064736604690552e+03	2.985999999999999943e+01
1.051527019023895264e+03	2.985999999999999943e+01
1.053990201234817505e+03	2.982999999999999829e+01
1.056452333927154541e+03	2.985999999999999943e+01
1.058915406703948975e+03	2.982999999999999829e+01
1.061377201557159424e+03	2.980000000000000071e+01
1.063840215921401978e+03	2.985999999999999943e+01
1.066302451372146606e+03	2.980000000000000071e+01
1.068765207052230835e+03	2.980000000000000071e+01
1.071227832794189453e+03	2.976000000000000156e+01
1.073691134929656982e+03	2.976000000000000156e+01
1.076152660846710205e+03	2.980000000000000071e+01
1.078615915298461914e+03	2.980000000000000071e+01
1.081077866792678833e+03	2.980000000000000071e+01
1.083540370702743530e+03	2.980000000000000071e+01
1.086003064155578613e+03	2.980000000000000071e+01
1.088465818405151367e+03	2.982999999999999829e+01
1.090928325891494751e+03	2.982999999999999829e+01
1.093391136407852173e+03	2.982999999999999829e+01
1.095854244947433472e+03	2.982999999999999829e+01
1.098316400289535522e+03	2.982999999999999829e+01
1.100779103040695190e+03	2.982999999999999829e+01
1.103242260456085205e+03	2.980000000000000071e+01
1.105704644918441772e+03	2.982999999999999829e+01
1.108166215181350708e+03	2.982999999999999829e+01
1.110629601716995239e+03	2.980000000000000071e+01
1.113092488050460815e+03	2.980000000000000071e+01
1.115554546117782593e+03	2.980000000000000071e+01
1.118017344236373901e+03	2.982999999999999829e+01
1.120479153633117676e+03	2.980000000000000071e+01
1.122942164659500122e+03	2.976000000000000156e+01
1.125405150413513184e+03	2.980000000000000071e+01
1.127867529392242432e+03	2.980000000000000071e+01
1.130330005884170532e+03	2.982999999999999829e+01
1.132791959524154663e+03	2.980000000000000071e+01
1.135254614591598511e+03	2.982999999999999829e+01
1.137717501878738403e+03	2.985999999999999943e+01
1.140179773330688477e+03	2.980000000000000071e+01
1.142643148183822632e+03	2.982999999999999829e+01
1.145105242013931274e+03	2.985999999999999943e+01
1.147568602085113525e+03	2.982999999999999829e+01
1.150030712604522705e+03	2.982999999999999829e+01
1.152493760824203491e+03	2.980000000000000071e+01
1.154955851793289185e+03	2.980000000000000071e+01
1.157418664455413818e+03	2.982999999999999829e+01
1.159880702257156372e+03	2.980000000000000071e+01
1.162343209505081177e+03	2.980000000000000071e+01
1.164806854009628296e+03	2.980000000000000071e+01
1.167268437862396240e+03	2.982999999999999829e+01
1.169731310844421387e+03	2.976000000000000156e+01
1.172194118261337280e+03	2.982999999999999829e+01
1.174657035589218140e+03	2.982999999999999829e+01
1.177118940591812134e+03	2.985999999999999943e+01
1.179581474542617798e+03	2.989999999999999858e+01
1.182044922113418579e+03	2.985999999999999943e+01
1.184506891489028931e+03	2.985999999999999943e+01
1.186969273567199707e+03	2.985999999999999943e+01
1.189432751417160034e+03	2.985999999999999943e+01
1.191895325899124146e+03	2.982999999999999829e+01
1.194357314348220825e+03	2.982999999999999829e+01
1.196819132566452026e+03	2.980000000000000071e+01
1.199283155202865601e+03	2.982999999999999829e+01
1.201745466232299805e+03	2.980000000000000071e+01
1.204208080053329468e+03	2.980000000000000071e+01
1.206670850992202759e+03	2.980000000000000071e+01
1.209132772684097290e+03	2.980000000000000071e+01
1.211595397233963013e+03	2.980000000000000071e+01
1.214057695150375366e+03	2.980000000000000071e+01
1.216520469665527344e+03	2.982999999999999829e+01
1.218983080387115479e+03	2.985999999999999943e+01
1.221446419715881348e+03	2.980000000000000071e+01
1.223907687187194824e+03	2.980000000000000071e+01
1.226371246814727783e+03	2.982999999999999829e+01
1.228833320379257202e+03	2.982999999999999829e+01
1.231295975685119629e+03	2.982999999999999829e+01
1.233758624792098999e+03	2.982999999999999829e+01
1.236221369028091431e+03	2.982999999999999829e+01
1.238683614730834961e+03	2.982999999999999829e+01
1.241146718263626099e+03	2.982999999999999829e+01
1.243609521627426147e+03	2.985999999999999943e+01
1.246072218418121338e+03	2.982999999999999829e+01
1.248534837484359741e+03	2.982999999999999829e+01
1.250997178316116333e+03	2.982999999999999829e+01
1.253459619760513306e+03	2.982999999999999829e+01
1.255922414541244507e+03	2.976000000000000156e+01
1.258384955167770386e+03	2.982999999999999829e+01
1.260846899509429932e+03	2.980000000000000071e+01
1.263309114456176758e+03	2.982999999999999829e+01
1.265771958589553833e+03	2.982999999999999829e+01
1.268235356569290161e+03	2.982999999999999829e+01
1.270698158740997314e+03	2.982999999999999829e+01
1.273159686565399170e+03	2.980000000000000071e+01
1.275622404813766479e+03	2.980000000000000071e+01
1.278085429668426514e+03	2.980000000000000071e+01
1.280548160314559937e+03	2.980000000000000071e+01
1.283010680437088013e+03	2.976000000000000156e+01
1.285473160982131958e+03	2.982999999999999829e+01
1.287935384273529053e+03	2.982999999999999829e+01
1.290397905588150024e+03	2.982999999999999829e+01
1.292860998392105103e+03	2.980000000000000071e+01
1.295323209524154663e+03	2.982999999999999829e+01
1.297785957336425781e+03	2.980000000000000071e+01
1.300248683929443359e+03	2.980000000000000071e+01
1.302710684776306152e+03	2.980000000000000071e+01
1.305173530578613281e+03	2.980000000000000071e+01
1.307636919260025024e+03	2.982999999999999829e+01
1.310099137783050537e+03	2.982999999999999829e+01
1.312561707019805908e+03	2.980000000000000071e+01
1.315024080991744995e+03	2.980000000000000071e+01
1.317486749410629272e+03	2.982999999999999829e+01
1.319949917554855347e+03	2.982999999999999829e+01
1.322411904573440552e+03	2.985999999999999943e+01
1.324874087095260620e+03	2.982999999999999829e+01
1.327337404251098633e+03	2.985999999999999943e+01
1.329800315618515015e+03	2.985999999999999943e+01
1.332262074232101440e+03	2.989999999999999858e+01
1.334724721193313599e+03	2.982999999999999829e+01
1.337188103199005127e+03	2.985999999999999943e+01
1.339650847434997559e+03	2.982999999999999829e+01
1.342112545728683472e+03	2.982999999999999829e+01
1.344574985027313232e+03	2.982999999999999829e+01
1.347037957668304443e+03	2.976000000000000156e+01
1.349500387430191040e+03	2.982999999999999829e+01
1.351963124752044678e+03	2.980000000000000071e+01
1.354425452709197998e+03	2.980000000000000071e+01
1.356888072013854980e+03	2.980000000000000071e+01
1.359351088047027588e+03	2.982999999999999829e+01
1.361813110589981079e+03	2.980000000000000071e+01
1.364275682926177979e+03	2.982999999999999829e+01
1.366738820552825928e+03	2.982999999999999829e+01
1.369201436758041382e+03	2.982999999999999829e+01
1.371664520263671875e+03	2.982999999999999829e+01
1.374127036094665527e+03	2.985999999999999943e+01
1.376588629722595215e+03	2.980000000000000071e+01
1.379051229238510132e+03	2.980000000000000071e+01
1.381514433145523071e+03	2.980000000000000071e+01
1.383976791143417358e+03	2.982999999999999829e+01
1.386438959360122681e+03	2.980000000000000071e+01
1.388902321338653564e+03	2.982999999999999829e+01
1.391364839076995850e+03	2.982999999999999829e+01
1.393827308177947998e+03	2.982999999999999829e+01
1.396289341926574707e+03	2.985999999999999943e+01
1.398752309799194336e+03	2.985999999999999943e+01
1.401215428829193115e+03	2.985999999999999943e+01
1.403677045583724976e+03	2.982999999999999829e+01
1.406139932394027710e+03	2.985999999999999943e+01
1.408602608442306519e+03	2.982999999999999829e+01
1.411065392017364502e+03	2.982999999999999829e+01
1.413527984380722046e+03	2.976000000000000156e+01
1.415990640401840210e+03	2.980000000000000071e+01
1.418452591419219971e+03	2.980000000000000071e+01
1.420915854930877686e+03	2.982999999999999829e+01
1.423378044128417969e+03	2.980000000000000071e+01
1.425841222524642944e+03	2.980000000000000071e+01
1.428303196191787720e+03	2.973000000000000043e+01
1.430765702247619629e+03	2.980000000000000071e+01
1.433228248119354248e+03	2.980000000000000071e+01
1.435691039085388184e+03	2.980000000000000071e+01
1.438153978586196899e+03	2.980000000000000071e+01
1.440616710186004639e+03	2.982999999999999829e+01
1.443078744888305664e+03	2.985999999999999943e+01
1.445541161298751831e+03	2.982999999999999829e+01
1.448003527402877808e+03	2.985999999999999943e+01
1.450466742515563965e+03	2.985999999999999943e+01
1.452929595232009888e+03	2.985999999999999943e+01
1.455391438484191895e+03	2.980000000000000071e+01
1.457853933572769165e+03	2.982999999999999829e+01
1.460316834449768066e+03	2.985999999999999943e+01
1.462779785394668579e+03	2.980000000000000071e+01
1.465242584466934204e+03	2.982999999999999829e+01
1.467705010890960693e+03	2.982999999999999829e+01
1.470167606353759766e+03	2.980000000000000071e+01
1.472629863739013672e+03	2.980000000000000071e+01
1.475092678546905518e+03	2.982999999999999829e+01
