# 20220728
# time			temp			
0.000000000000000000e+00	2.976000000000000156e+01
2.462936162948608398e+00	2.976000000000000156e+01
4.925706148147583008e+00	2.976000000000000156e+01
7.387845277786254883e+00	2.973000000000000043e+01
9.851048469543457031e+00	2.980000000000000071e+01
1.231385040283203125e+01	2.980000000000000071e+01
1.477607512474060059e+01	2.980000000000000071e+01
1.723900413513183594e+01	2.976000000000000156e+01
1.970138740539550781e+01	2.976000000000000156e+01
2.216319727897644043e+01	2.976000000000000156e+01
2.462667870521545410e+01	2.976000000000000156e+01
2.708895659446716309e+01	2.976000000000000156e+01
2.955106806755065918e+01	2.973000000000000043e+01
3.201492142677307129e+01	2.973000000000000043e+01
3.447703695297241211e+01	2.973000000000000043e+01
3.693973970413208008e+01	2.973000000000000043e+01
3.940196871757507324e+01	2.980000000000000071e+01
4.186475348472595215e+01	2.976000000000000156e+01
4.432708644866943359e+01	2.973000000000000043e+01
4.678956341743469238e+01	2.976000000000000156e+01
4.925293111801147461e+01	2.976000000000000156e+01
5.171473240852355957e+01	2.976000000000000156e+01
5.417767310142517090e+01	2.980000000000000071e+01
5.664032292366027832e+01	2.980000000000000071e+01
5.910244369506835938e+01	2.982999999999999829e+01
6.156502366065979004e+01	2.980000000000000071e+01
6.402822613716125488e+01	2.980000000000000071e+01
6.649096274375915527e+01	2.980000000000000071e+01
6.895271921157836914e+01	2.980000000000000071e+01
7.141556382179260254e+01	2.982999999999999829e+01
7.387775015830993652e+01	2.980000000000000071e+01
7.634084129333496094e+01	2.976000000000000156e+01
7.880378913879394531e+01	2.976000000000000156e+01
8.126509332656860352e+01	2.973000000000000043e+01
8.372846174240112305e+01	2.973000000000000043e+01
8.619135332107543945e+01	2.973000000000000043e+01
8.865300345420837402e+01	2.973000000000000043e+01
9.111612534523010254e+01	2.973000000000000043e+01
9.357902216911315918e+01	2.976000000000000156e+01
9.604218888282775879e+01	2.973000000000000043e+01
9.850428485870361328e+01	2.976000000000000156e+01
1.009671943187713623e+02	2.980000000000000071e+01
1.034294383525848389e+02	2.980000000000000071e+01
1.058918504714965820e+02	2.973000000000000043e+01
1.083544754981994629e+02	2.980000000000000071e+01
1.108166370391845703e+02	2.982999999999999829e+01
1.132796311378479004e+02	2.980000000000000071e+01
1.157428772449493408e+02	2.976000000000000156e+01
1.182049021720886230e+02	2.980000000000000071e+01
1.206674432754516602e+02	2.980000000000000071e+01
1.231298208236694336e+02	2.980000000000000071e+01
1.255929801464080811e+02	2.973000000000000043e+01
1.280551154613494873e+02	2.976000000000000156e+01
1.305180051326751709e+02	2.976000000000000156e+01
1.329807074069976807e+02	2.973000000000000043e+01
1.354434506893157959e+02	2.976000000000000156e+01
1.379057731628417969e+02	2.980000000000000071e+01
1.403680987358093262e+02	2.976000000000000156e+01
1.428307812213897705e+02	2.976000000000000156e+01
1.452931289672851562e+02	2.976000000000000156e+01
1.477563116550445557e+02	2.982999999999999829e+01
1.502187228202819824e+02	2.980000000000000071e+01
1.526813926696777344e+02	2.982999999999999829e+01
1.551437747478485107e+02	2.982999999999999829e+01
1.576062288284301758e+02	2.980000000000000071e+01
1.600689089298248291e+02	2.980000000000000071e+01
1.625314736366271973e+02	2.980000000000000071e+01
1.649939205646514893e+02	2.980000000000000071e+01
1.674569485187530518e+02	2.980000000000000071e+01
1.699198045730590820e+02	2.976000000000000156e+01
1.723815934658050537e+02	2.973000000000000043e+01
1.748450386524200439e+02	2.976000000000000156e+01
1.773076279163360596e+02	2.976000000000000156e+01
1.797702066898345947e+02	2.976000000000000156e+01
1.822326259613037109e+02	2.976000000000000156e+01
1.846950442790985107e+02	2.973000000000000043e+01
1.871580727100372314e+02	2.976000000000000156e+01
1.896207401752471924e+02	2.980000000000000071e+01
1.920831348896026611e+02	2.980000000000000071e+01
1.945449144840240479e+02	2.980000000000000071e+01
1.970082502365112305e+02	2.980000000000000071e+01
1.994708781242370605e+02	2.980000000000000071e+01
2.019336214065551758e+02	2.980000000000000071e+01
2.043955547809600830e+02	2.980000000000000071e+01
2.068583714962005615e+02	2.976000000000000156e+01
2.093210933208465576e+02	2.976000000000000156e+01
2.117833852767944336e+02	2.976000000000000156e+01
2.142458925247192383e+02	2.976000000000000156e+01
2.167090833187103271e+02	2.980000000000000071e+01
2.191716637611389160e+02	2.973000000000000043e+01
2.216340384483337402e+02	2.976000000000000156e+01
2.240962364673614502e+02	2.976000000000000156e+01
2.265591356754302979e+02	2.976000000000000156e+01
2.290216028690338135e+02	2.976000000000000156e+01
2.314838547706604004e+02	2.976000000000000156e+01
2.339468545913696289e+02	2.976000000000000156e+01
2.364096429347991943e+02	2.982999999999999829e+01
2.388718712329864502e+02	2.980000000000000071e+01
2.413339309692382812e+02	2.976000000000000156e+01
2.437969455718994141e+02	2.982999999999999829e+01
2.462601554393768311e+02	2.980000000000000071e+01
2.487221212387084961e+02	2.980000000000000071e+01
2.511845226287841797e+02	2.980000000000000071e+01
2.536470551490783691e+02	2.980000000000000071e+01
2.561100668907165527e+02	2.976000000000000156e+01
2.585728793144226074e+02	2.976000000000000156e+01
2.610356361865997314e+02	2.980000000000000071e+01
2.634980869293212891e+02	2.980000000000000071e+01
2.659610695838928223e+02	2.976000000000000156e+01
2.684230713844299316e+02	2.976000000000000156e+01
2.708862338066101074e+02	2.976000000000000156e+01
2.733481991291046143e+02	2.976000000000000156e+01
2.758104803562164307e+02	2.980000000000000071e+01
2.782736103534698486e+02	2.980000000000000071e+01
2.807363579273223877e+02	2.976000000000000156e+01
2.831992363929748535e+02	2.982999999999999829e+01
2.856617987155914307e+02	2.980000000000000071e+01
2.881237430572509766e+02	2.980000000000000071e+01
2.905864298343658447e+02	2.980000000000000071e+01
2.930490658283233643e+02	2.980000000000000071e+01
2.955110170841217041e+02	2.985999999999999943e+01
2.979739387035369873e+02	2.985999999999999943e+01
3.004369165897369385e+02	2.982999999999999829e+01
3.028989222049713135e+02	2.980000000000000071e+01
3.053615963459014893e+02	2.982999999999999829e+01
3.078248982429504395e+02	2.985999999999999943e+01
3.102875041961669922e+02	2.980000000000000071e+01
3.127501273155212402e+02	2.980000000000000071e+01
3.152123448848724365e+02	2.980000000000000071e+01
3.176749839782714844e+02	2.980000000000000071e+01
3.201368849277496338e+02	2.976000000000000156e+01
3.225994565486907959e+02	2.973000000000000043e+01
3.250626680850982666e+02	2.976000000000000156e+01
3.275257809162139893e+02	2.973000000000000043e+01
3.299878616333007812e+02	2.973000000000000043e+01
3.324503419399261475e+02	2.973000000000000043e+01
3.349123284816741943e+02	2.976000000000000156e+01
3.373757884502410889e+02	2.980000000000000071e+01
3.398386175632476807e+02	2.976000000000000156e+01
3.423011553287506104e+02	2.976000000000000156e+01
3.447636308670043945e+02	2.980000000000000071e+01
3.472253518104553223e+02	2.980000000000000071e+01
3.496889209747314453e+02	2.980000000000000071e+01
3.521512141227722168e+02	2.982999999999999829e+01
3.546142330169677734e+02	2.985999999999999943e+01
3.570761818885803223e+02	2.980000000000000071e+01
3.595387353897094727e+02	2.982999999999999829e+01
3.620016286373138428e+02	2.982999999999999829e+01
3.644638719558715820e+02	2.980000000000000071e+01
3.669260785579681396e+02	2.980000000000000071e+01
3.693889346122741699e+02	2.976000000000000156e+01
3.718523023128509521e+02	2.976000000000000156e+01
3.743148417472839355e+02	2.976000000000000156e+01
3.767769908905029297e+02	2.976000000000000156e+01
3.792392461299896240e+02	2.976000000000000156e+01
3.817022585868835449e+02	2.973000000000000043e+01
3.841651821136474609e+02	2.976000000000000156e+01
3.866274166107177734e+02	2.976000000000000156e+01
3.890895273685455322e+02	2.973000000000000043e+01
3.915517599582672119e+02	2.976000000000000156e+01
3.940146098136901855e+02	2.976000000000000156e+01
3.964781413078308105e+02	2.980000000000000071e+01
3.989399330615997314e+02	2.980000000000000071e+01
4.014026842117309570e+02	2.982999999999999829e+01
4.038654804229736328e+02	2.980000000000000071e+01
4.063279972076416016e+02	2.980000000000000071e+01
4.087903933525085449e+02	2.982999999999999829e+01
4.112527272701263428e+02	2.982999999999999829e+01
4.137157680988311768e+02	2.980000000000000071e+01
4.161790320873260498e+02	2.976000000000000156e+01
4.186414470672607422e+02	2.976000000000000156e+01
4.211029119491577148e+02	2.973000000000000043e+01
4.235659744739532471e+02	2.973000000000000043e+01
4.260287423133850098e+02	2.976000000000000156e+01
4.284911861419677734e+02	2.976000000000000156e+01
4.309540135860443115e+02	2.976000000000000156e+01
4.334165635108947754e+02	2.976000000000000156e+01
4.358792929649353027e+02	2.976000000000000156e+01
4.383413527011871338e+02	2.980000000000000071e+01
4.408042309284210205e+02	2.980000000000000071e+01
4.432668521404266357e+02	2.980000000000000071e+01
4.457292504310607910e+02	2.982999999999999829e+01
4.481922335624694824e+02	2.980000000000000071e+01
4.506552743911743164e+02	2.980000000000000071e+01
4.531166875362396240e+02	2.982999999999999829e+01
4.555798766613006592e+02	2.980000000000000071e+01
4.580427684783935547e+02	2.980000000000000071e+01
4.605049116611480713e+02	2.976000000000000156e+01
4.629680356979370117e+02	2.980000000000000071e+01
4.654298100471496582e+02	2.976000000000000156e+01
4.678927948474884033e+02	2.976000000000000156e+01
4.703554327487945557e+02	2.976000000000000156e+01
4.728172960281372070e+02	2.980000000000000071e+01
4.752805740833282471e+02	2.976000000000000156e+01
4.777435872554779053e+02	2.980000000000000071e+01
4.802057082653045654e+02	2.980000000000000071e+01
4.826674733161926270e+02	2.980000000000000071e+01
4.851306679248809814e+02	2.980000000000000071e+01
4.875939514636993408e+02	2.980000000000000071e+01
4.900557756423950195e+02	2.976000000000000156e+01
4.925189526081085205e+02	2.982999999999999829e+01
4.949810173511505127e+02	2.980000000000000071e+01
4.974436810016632080e+02	2.985999999999999943e+01
4.999063758850097656e+02	2.980000000000000071e+01
5.023693943023681641e+02	2.976000000000000156e+01
5.048314514160156250e+02	2.976000000000000156e+01
5.072939808368682861e+02	2.976000000000000156e+01
5.097562165260314941e+02	2.976000000000000156e+01
5.122192537784576416e+02	2.976000000000000156e+01
5.146812770366668701e+02	2.976000000000000156e+01
5.171441395282745361e+02	2.976000000000000156e+01
5.196077537536621094e+02	2.980000000000000071e+01
5.220700440406799316e+02	2.976000000000000156e+01
5.245322237014770508e+02	2.976000000000000156e+01
5.269944031238555908e+02	2.980000000000000071e+01
5.294578878879547119e+02	2.980000000000000071e+01
5.319200503826141357e+02	2.982999999999999829e+01
5.343825984001159668e+02	2.980000000000000071e+01
5.368451275825500488e+02	2.980000000000000071e+01
5.393073506355285645e+02	2.982999999999999829e+01
5.417700903415679932e+02	2.980000000000000071e+01
5.442323727607727051e+02	2.980000000000000071e+01
5.466958131790161133e+02	2.976000000000000156e+01
5.491576197147369385e+02	2.976000000000000156e+01
5.516202285289764404e+02	2.976000000000000156e+01
5.540826365947723389e+02	2.980000000000000071e+01
5.565453131198883057e+02	2.976000000000000156e+01
5.590090017318725586e+02	2.973000000000000043e+01
5.614707443714141846e+02	2.973000000000000043e+01
5.639343764781951904e+02	2.976000000000000156e+01
5.663962922096252441e+02	2.976000000000000156e+01
5.688588705062866211e+02	2.976000000000000156e+01
5.713215534687042236e+02	2.973000000000000043e+01
5.737842235565185547e+02	2.980000000000000071e+01
5.762472808361053467e+02	2.980000000000000071e+01
5.787089076042175293e+02	2.980000000000000071e+01
5.811715481281280518e+02	2.980000000000000071e+01
5.836348292827606201e+02	2.980000000000000071e+01
5.860972747802734375e+02	2.980000000000000071e+01
5.885590262413024902e+02	2.976000000000000156e+01
5.910220630168914795e+02	2.982999999999999829e+01
5.934851162433624268e+02	2.973000000000000043e+01
5.959469392299652100e+02	2.976000000000000156e+01
5.984099168777465820e+02	2.973000000000000043e+01
6.008730146884918213e+02	2.980000000000000071e+01
6.033349366188049316e+02	2.976000000000000156e+01
6.057975211143493652e+02	2.976000000000000156e+01
6.082601680755615234e+02	2.976000000000000156e+01
6.107223286628723145e+02	2.976000000000000156e+01
6.131851344108581543e+02	2.980000000000000071e+01
6.156485455036163330e+02	2.976000000000000156e+01
6.181106998920440674e+02	2.980000000000000071e+01
6.205728271007537842e+02	2.980000000000000071e+01
6.230352313518524170e+02	2.980000000000000071e+01
6.254983158111572266e+02	2.980000000000000071e+01
6.279606490135192871e+02	2.980000000000000071e+01
6.304235806465148926e+02	2.980000000000000071e+01
6.328858304023742676e+02	2.980000000000000071e+01
6.353489453792572021e+02	2.980000000000000071e+01
6.378109095096588135e+02	2.976000000000000156e+01
6.402738528251647949e+02	2.976000000000000156e+01
6.427369747161865234e+02	2.976000000000000156e+01
6.451981165409088135e+02	2.976000000000000156e+01
6.476613426208496094e+02	2.973000000000000043e+01
6.501243557929992676e+02	2.973000000000000043e+01
6.525866553783416748e+02	2.976000000000000156e+01
6.550494515895843506e+02	2.976000000000000156e+01
6.575119328498840332e+02	2.976000000000000156e+01
6.599743547439575195e+02	2.976000000000000156e+01
6.624376137256622314e+02	2.980000000000000071e+01
6.648994753360748291e+02	2.980000000000000071e+01
6.673621525764465332e+02	2.976000000000000156e+01
6.698252072334289551e+02	2.982999999999999829e+01
6.722881014347076416e+02	2.980000000000000071e+01
6.747497224807739258e+02	2.976000000000000156e+01
6.772125597000122070e+02	2.980000000000000071e+01
6.796757330894470215e+02	2.982999999999999829e+01
6.821379246711730957e+02	2.976000000000000156e+01
6.846002807617187500e+02	2.980000000000000071e+01
6.870623939037322998e+02	2.976000000000000156e+01
6.895256185531616211e+02	2.976000000000000156e+01
6.919886920452117920e+02	2.980000000000000071e+01
6.944510185718536377e+02	2.980000000000000071e+01
6.969136772155761719e+02	2.976000000000000156e+01
6.993757314682006836e+02	2.976000000000000156e+01
7.018381857872009277e+02	2.976000000000000156e+01
7.043013958930969238e+02	2.973000000000000043e+01
7.067645139694213867e+02	2.973000000000000043e+01
7.092268943786621094e+02	2.976000000000000156e+01
7.116883926391601562e+02	2.976000000000000156e+01
7.141512353420257568e+02	2.980000000000000071e+01
7.166143229007720947e+02	2.980000000000000071e+01
7.190771410465240479e+02	2.980000000000000071e+01
7.215392217636108398e+02	2.982999999999999829e+01
7.240015938282012939e+02	2.980000000000000071e+01
7.264651749134063721e+02	2.976000000000000156e+01
7.289274570941925049e+02	2.980000000000000071e+01
7.313900101184844971e+02	2.973000000000000043e+01
7.338528780937194824e+02	2.976000000000000156e+01
7.363153989315032959e+02	2.980000000000000071e+01
7.387780063152313232e+02	2.980000000000000071e+01
7.412396748065948486e+02	2.973000000000000043e+01
7.437030022144317627e+02	2.973000000000000043e+01
7.461654891967773438e+02	2.980000000000000071e+01
7.486283876895904541e+02	2.976000000000000156e+01
7.510906345844268799e+02	2.980000000000000071e+01
7.535528554916381836e+02	2.973000000000000043e+01
7.560162708759307861e+02	2.976000000000000156e+01
7.584787769317626953e+02	2.980000000000000071e+01
7.609408547878265381e+02	2.980000000000000071e+01
7.634034030437469482e+02	2.982999999999999829e+01
7.658659276962280273e+02	2.976000000000000156e+01
7.683284409046173096e+02	2.976000000000000156e+01
7.707908949851989746e+02	2.980000000000000071e+01
7.732538740634918213e+02	2.980000000000000071e+01
7.757169287204742432e+02	2.976000000000000156e+01
7.781786620616912842e+02	2.973000000000000043e+01
7.806416602134704590e+02	2.973000000000000043e+01
7.831043176651000977e+02	2.976000000000000156e+01
7.855673084259033203e+02	2.980000000000000071e+01
7.880295286178588867e+02	2.976000000000000156e+01
7.904926204681396484e+02	2.980000000000000071e+01
7.929546465873718262e+02	2.976000000000000156e+01
7.954177150726318359e+02	2.976000000000000156e+01
7.978798661231994629e+02	2.980000000000000071e+01
8.003429555892944336e+02	2.976000000000000156e+01
8.028048312664031982e+02	2.980000000000000071e+01
8.052676665782928467e+02	2.980000000000000071e+01
8.077301950454711914e+02	2.982999999999999829e+01
8.101927528381347656e+02	2.976000000000000156e+01
8.126560509204864502e+02	2.982999999999999829e+01
8.151183667182922363e+02	2.976000000000000156e+01
8.175808825492858887e+02	2.980000000000000071e+01
8.200429708957672119e+02	2.976000000000000156e+01
8.225059728622436523e+02	2.976000000000000156e+01
8.249685406684875488e+02	2.980000000000000071e+01
8.274300041198730469e+02	2.976000000000000156e+01
8.298942673206329346e+02	2.976000000000000156e+01
8.323557488918304443e+02	2.976000000000000156e+01
8.348192808628082275e+02	2.973000000000000043e+01
8.372812457084655762e+02	2.980000000000000071e+01
8.397443082332611084e+02	2.973000000000000043e+01
8.422068550586700439e+02	2.976000000000000156e+01
8.446697766780853271e+02	2.976000000000000156e+01
8.471318750381469727e+02	2.976000000000000156e+01
8.495943727493286133e+02	2.976000000000000156e+01
8.520565683841705322e+02	2.976000000000000156e+01
8.545196032524108887e+02	2.976000000000000156e+01
8.569827585220336914e+02	2.980000000000000071e+01
8.594452924728393555e+02	2.982999999999999829e+01
8.619070539474487305e+02	2.976000000000000156e+01
8.643698978424072266e+02	2.982999999999999829e+01
8.668321263790130615e+02	2.980000000000000071e+01
8.692953031063079834e+02	2.980000000000000071e+01
8.717572236061096191e+02	2.980000000000000071e+01
8.742201237678527832e+02	2.980000000000000071e+01
8.766829574108123779e+02	2.976000000000000156e+01
8.791458103656768799e+02	2.976000000000000156e+01
8.816080105304718018e+02	2.980000000000000071e+01
8.840701341629028320e+02	2.976000000000000156e+01
8.865328054428100586e+02	2.976000000000000156e+01
8.889956240653991699e+02	2.980000000000000071e+01
8.914581069946289062e+02	2.982999999999999829e+01
8.939209196567535400e+02	2.980000000000000071e+01
8.963836684226989746e+02	2.980000000000000071e+01
8.988461487293243408e+02	2.976000000000000156e+01
9.013088982105255127e+02	2.976000000000000156e+01
9.037711899280548096e+02	2.976000000000000156e+01
9.062336452007293701e+02	2.980000000000000071e+01
9.086965789794921875e+02	2.980000000000000071e+01
9.111592593193054199e+02	2.980000000000000071e+01
9.136214339733123779e+02	2.980000000000000071e+01
9.160844957828521729e+02	2.976000000000000156e+01
9.185463626384735107e+02	2.976000000000000156e+01
9.210094091892242432e+02	2.976000000000000156e+01
9.234722635746002197e+02	2.976000000000000156e+01
9.259340696334838867e+02	2.976000000000000156e+01
9.283973767757415771e+02	2.976000000000000156e+01
9.308594031333923340e+02	2.976000000000000156e+01
9.333225457668304443e+02	2.976000000000000156e+01
9.357854619026184082e+02	2.980000000000000071e+01
9.382477927207946777e+02	2.976000000000000156e+01
9.407100844383239746e+02	2.976000000000000156e+01
9.431728355884552002e+02	2.976000000000000156e+01
9.456357817649841309e+02	2.976000000000000156e+01
9.480979781150817871e+02	2.980000000000000071e+01
9.505609970092773438e+02	2.980000000000000071e+01
9.530233623981475830e+02	2.985999999999999943e+01
9.554851875305175781e+02	2.982999999999999829e+01
9.579489557743072510e+02	2.980000000000000071e+01
9.604108479022979736e+02	2.982999999999999829e+01
9.628729345798492432e+02	2.980000000000000071e+01
9.653356337547302246e+02	2.980000000000000071e+01
9.677983000278472900e+02	2.980000000000000071e+01
9.702607903480529785e+02	2.976000000000000156e+01
9.727237191200256348e+02	2.976000000000000156e+01
9.751869995594024658e+02	2.976000000000000156e+01
9.776486530303955078e+02	2.976000000000000156e+01
9.801117975711822510e+02	2.980000000000000071e+01
9.825745902061462402e+02	2.976000000000000156e+01
9.850368402004241943e+02	2.980000000000000071e+01
9.874995884895324707e+02	2.976000000000000156e+01
9.899616742134094238e+02	2.980000000000000071e+01
9.924238624572753906e+02	2.976000000000000156e+01
9.948868710994720459e+02	2.976000000000000156e+01
9.973498961925506592e+02	2.980000000000000071e+01
9.998127911090850830e+02	2.976000000000000156e+01
1.002274563074111938e+03	2.976000000000000156e+01
1.004737918853759766e+03	2.980000000000000071e+01
1.007199188947677612e+03	2.976000000000000156e+01
1.009662516355514526e+03	2.976000000000000156e+01
1.012125673770904541e+03	2.976000000000000156e+01
1.014588362693786621e+03	2.980000000000000071e+01
1.017050606727600098e+03	2.976000000000000156e+01
1.019512882232666016e+03	2.976000000000000156e+01
1.021975028276443481e+03	2.980000000000000071e+01
1.024438473701477051e+03	2.976000000000000156e+01
1.026900474071502686e+03	2.976000000000000156e+01
1.029363851547241211e+03	2.980000000000000071e+01
1.031825672864913940e+03	2.976000000000000156e+01
1.034288043260574341e+03	2.973000000000000043e+01
1.036751859664916992e+03	2.973000000000000043e+01
1.039214231491088867e+03	2.980000000000000071e+01
1.041676748752593994e+03	2.976000000000000156e+01
1.044138774394989014e+03	2.976000000000000156e+01
1.046602059841156006e+03	2.980000000000000071e+01
1.049063755750656128e+03	2.976000000000000156e+01
1.051527186393737793e+03	2.980000000000000071e+01
1.053989521503448486e+03	2.976000000000000156e+01
1.056451544523239136e+03	2.980000000000000071e+01
1.058914642333984375e+03	2.980000000000000071e+01
1.061377136707305908e+03	2.982999999999999829e+01
1.063839510917663574e+03	2.980000000000000071e+01
1.066302018165588379e+03	2.980000000000000071e+01
1.068764688014984131e+03	2.982999999999999829e+01
1.071226788282394409e+03	2.982999999999999829e+01
1.073690485477447510e+03	2.980000000000000071e+01
1.076152868032455444e+03	2.980000000000000071e+01
1.078615146160125732e+03	2.980000000000000071e+01
1.081077829837799072e+03	2.976000000000000156e+01
1.083539914846420288e+03	2.976000000000000156e+01
1.086002497434616089e+03	2.973000000000000043e+01
1.088465410232543945e+03	2.976000000000000156e+01
1.090928318977355957e+03	2.976000000000000156e+01
1.093390611410140991e+03	2.976000000000000156e+01
1.095853102922439575e+03	2.973000000000000043e+01
1.098316414117813110e+03	2.976000000000000156e+01
1.100778658628463745e+03	2.980000000000000071e+01
1.103240925073623657e+03	2.980000000000000071e+01
1.105703099012374878e+03	2.980000000000000071e+01
1.108166542530059814e+03	2.980000000000000071e+01
1.110628258705139160e+03	2.980000000000000071e+01
1.113091597795486450e+03	2.980000000000000071e+01
1.115553943634033203e+03	2.980000000000000071e+01
1.118016101121902466e+03	2.980000000000000071e+01
1.120478986501693726e+03	2.982999999999999829e+01
1.122941720008850098e+03	2.980000000000000071e+01
1.125404023408889771e+03	2.982999999999999829e+01
1.127866468429565430e+03	2.982999999999999829e+01
1.130329458236694336e+03	2.980000000000000071e+01
1.132791575431823730e+03	2.980000000000000071e+01
1.135253996610641479e+03	2.982999999999999829e+01
1.137717259407043457e+03	2.980000000000000071e+01
1.140179490089416504e+03	2.980000000000000071e+01
1.142642401933670044e+03	2.980000000000000071e+01
1.145104412555694580e+03	2.980000000000000071e+01
1.147567331552505493e+03	2.980000000000000071e+01
1.150029580593109131e+03	2.980000000000000071e+01
1.152492686986923218e+03	2.976000000000000156e+01
1.154955496549606323e+03	2.973000000000000043e+01
1.157417987108230591e+03	2.976000000000000156e+01
1.159880371570587158e+03	2.973000000000000043e+01
1.162343363046646118e+03	2.973000000000000043e+01
1.164806261777877808e+03	2.976000000000000156e+01
1.167268644094467163e+03	2.969999999999999929e+01
1.169730838060379028e+03	2.976000000000000156e+01
1.172193745851516724e+03	2.976000000000000156e+01
1.174656276226043701e+03	2.976000000000000156e+01
1.177118470668792725e+03	2.980000000000000071e+01
1.179581133604049683e+03	2.982999999999999829e+01
1.182043744087219238e+03	2.982999999999999829e+01
1.184507247209548950e+03	2.980000000000000071e+01
1.186968634366989136e+03	2.985999999999999943e+01
1.189431522846221924e+03	2.982999999999999829e+01
1.191894694328308105e+03	2.982999999999999829e+01
1.194356898784637451e+03	2.982999999999999829e+01
1.196819605350494385e+03	2.982999999999999829e+01
1.199282383680343628e+03	2.980000000000000071e+01
1.201744559049606323e+03	2.980000000000000071e+01
1.204207487344741821e+03	2.980000000000000071e+01
1.206669995546340942e+03	2.980000000000000071e+01
1.209132802248001099e+03	2.973000000000000043e+01
1.211594696044921875e+03	2.976000000000000156e+01
1.214057122707366943e+03	2.973000000000000043e+01
1.216520178079605103e+03	2.973000000000000043e+01
1.218982846021652222e+03	2.976000000000000156e+01
1.221445407629013062e+03	2.976000000000000156e+01
1.223907960653305054e+03	2.973000000000000043e+01
1.226370214939117432e+03	2.976000000000000156e+01
1.228833608388900757e+03	2.980000000000000071e+01
1.231295718908309937e+03	2.982999999999999829e+01
1.233758007764816284e+03	2.980000000000000071e+01
1.236221390724182129e+03	2.982999999999999829e+01
1.238683869123458862e+03	2.982999999999999829e+01
1.241146334409713745e+03	2.982999999999999829e+01
1.243608502864837646e+03	2.982999999999999829e+01
1.246071187496185303e+03	2.980000000000000071e+01
1.248533745765686035e+03	2.976000000000000156e+01
1.250995954990386963e+03	2.976000000000000156e+01
1.253458998680114746e+03	2.980000000000000071e+01
1.255922030448913574e+03	2.973000000000000043e+01
1.258384643554687500e+03	2.976000000000000156e+01
1.260846408128738403e+03	2.980000000000000071e+01
1.263309315919876099e+03	2.976000000000000156e+01
1.265772209167480469e+03	2.980000000000000071e+01
1.268234935045242310e+03	2.976000000000000156e+01
1.270697263240814209e+03	2.980000000000000071e+01
1.273160251140594482e+03	2.976000000000000156e+01
1.275621738672256470e+03	2.980000000000000071e+01
1.278085535526275635e+03	2.976000000000000156e+01
1.280548150539398193e+03	2.980000000000000071e+01
1.283010824680328369e+03	2.976000000000000156e+01
1.285473161697387695e+03	2.980000000000000071e+01
1.287934987068176270e+03	2.980000000000000071e+01
1.290397603988647461e+03	2.980000000000000071e+01
1.292859893321990967e+03	2.980000000000000071e+01
1.295323456764221191e+03	2.980000000000000071e+01
1.297786008358001709e+03	2.976000000000000156e+01
1.300248385429382324e+03	2.976000000000000156e+01
1.302710817575454712e+03	2.985999999999999943e+01
1.305173485755920410e+03	2.980000000000000071e+01
1.307636205196380615e+03	2.982999999999999829e+01
1.310098480224609375e+03	2.980000000000000071e+01
1.312560951948165894e+03	2.982999999999999829e+01
1.315023163318634033e+03	2.982999999999999829e+01
1.317486577510833740e+03	2.976000000000000156e+01
1.319948641538619995e+03	2.980000000000000071e+01
1.322411190271377563e+03	2.980000000000000071e+01
1.324873336076736450e+03	2.976000000000000156e+01
1.327336855411529541e+03	2.976000000000000156e+01
1.329799655437469482e+03	2.976000000000000156e+01
1.332261464118957520e+03	2.982999999999999829e+01
1.334724322319030762e+03	2.976000000000000156e+01
1.337187398672103882e+03	2.980000000000000071e+01
1.339649100542068481e+03	2.980000000000000071e+01
1.342111625432968140e+03	2.973000000000000043e+01
1.344574475526809692e+03	2.976000000000000156e+01
1.347037360668182373e+03	2.980000000000000071e+01
1.349500434875488281e+03	2.976000000000000156e+01
1.351962495803833008e+03	2.980000000000000071e+01
1.354424687385559082e+03	2.980000000000000071e+01
1.356887792587280273e+03	2.982999999999999829e+01
1.359350277900695801e+03	2.985999999999999943e+01
1.361813125848770142e+03	2.980000000000000071e+01
1.364275100231170654e+03	2.980000000000000071e+01
1.366737169027328491e+03	2.980000000000000071e+01
1.369200981378555298e+03	2.980000000000000071e+01
1.371663182973861694e+03	2.976000000000000156e+01
1.374124923706054688e+03	2.976000000000000156e+01
1.376588335275650024e+03	2.976000000000000156e+01
1.379051041364669800e+03	2.976000000000000156e+01
1.381513582706451416e+03	2.973000000000000043e+01
1.383976418256759644e+03	2.976000000000000156e+01
1.386438718557357788e+03	2.976000000000000156e+01
1.388901572942733765e+03	2.980000000000000071e+01
1.391364343643188477e+03	2.976000000000000156e+01
1.393826730251312256e+03	2.976000000000000156e+01
1.396288734912872314e+03	2.980000000000000071e+01
1.398751322984695435e+03	2.980000000000000071e+01
1.401214405298233032e+03	2.980000000000000071e+01
1.403676537036895752e+03	2.980000000000000071e+01
1.406139577627182007e+03	2.985999999999999943e+01
1.408601828575134277e+03	2.980000000000000071e+01
1.411064964532852173e+03	2.980000000000000071e+01
1.413527291297912598e+03	2.976000000000000156e+01
1.415990034341812134e+03	2.980000000000000071e+01
1.418451914310455322e+03	2.976000000000000156e+01
1.420914667606353760e+03	2.980000000000000071e+01
1.423377362012863159e+03	2.973000000000000043e+01
1.425840239524841309e+03	2.976000000000000156e+01
1.428302913904190063e+03	2.973000000000000043e+01
1.430765463113784790e+03	2.976000000000000156e+01
1.433227120399475098e+03	2.973000000000000043e+01
1.435690725326538086e+03	2.969999999999999929e+01
1.438153450965881348e+03	2.969999999999999929e+01
1.440615738630294800e+03	2.976000000000000156e+01
1.443077862739562988e+03	2.973000000000000043e+01
1.445540431022644043e+03	2.976000000000000156e+01
1.448003324270248413e+03	2.976000000000000156e+01
1.450466243505477905e+03	2.976000000000000156e+01
1.452928022384643555e+03	2.980000000000000071e+01
1.455391496896743774e+03	2.980000000000000071e+01
1.457853883266448975e+03	2.980000000000000071e+01
1.460315998315811157e+03	2.980000000000000071e+01
1.462778741359710693e+03	2.980000000000000071e+01
1.465241304636001587e+03	2.980000000000000071e+01
1.467703222990036011e+03	2.980000000000000071e+01
1.470166257381439209e+03	2.980000000000000071e+01
1.472629287481307983e+03	2.976000000000000156e+01
1.475091466426849365e+03	2.976000000000000156e+01
