# 20220727
# time			temp			
0.000000000000000000e+00	2.985999999999999943e+01
2.462771892547607422e+00	2.982999999999999829e+01
4.926254510879516602e+00	2.985999999999999943e+01
7.388711452484130859e+00	2.985999999999999943e+01
9.850766181945800781e+00	2.985999999999999943e+01
1.231311321258544922e+01	2.985999999999999943e+01
1.477533864974975586e+01	2.980000000000000071e+01
1.723847508430480957e+01	2.982999999999999829e+01
1.970191884040832520e+01	2.985999999999999943e+01
2.216438007354736328e+01	2.985999999999999943e+01
2.462637329101562500e+01	2.985999999999999943e+01
2.708859086036682129e+01	2.980000000000000071e+01
2.955184102058410645e+01	2.982999999999999829e+01
3.201386570930480957e+01	2.982999999999999829e+01
3.447739315032958984e+01	2.985999999999999943e+01
3.693916606903076172e+01	2.985999999999999943e+01
3.940201091766357422e+01	2.982999999999999829e+01
4.186410164833068848e+01	2.985999999999999943e+01
4.432687973976135254e+01	2.985999999999999943e+01
4.678963565826416016e+01	2.985999999999999943e+01
4.925247812271118164e+01	2.985999999999999943e+01
5.171489453315734863e+01	2.985999999999999943e+01
5.417821669578552246e+01	2.985999999999999943e+01
5.664015913009643555e+01	2.989999999999999858e+01
5.910301399230957031e+01	2.982999999999999829e+01
6.156553363800048828e+01	2.985999999999999943e+01
6.402868890762329102e+01	2.985999999999999943e+01
6.649143552780151367e+01	2.982999999999999829e+01
6.895336318016052246e+01	2.982999999999999829e+01
7.141661047935485840e+01	2.982999999999999829e+01
7.387905812263488770e+01	2.982999999999999829e+01
7.634128141403198242e+01	2.985999999999999943e+01
7.880444073677062988e+01	2.982999999999999829e+01
8.126609969139099121e+01	2.985999999999999943e+01
8.372849512100219727e+01	2.982999999999999829e+01
8.619216299057006836e+01	2.980000000000000071e+01
8.865426397323608398e+01	2.980000000000000071e+01
9.111633610725402832e+01	2.980000000000000071e+01
9.357973289489746094e+01	2.982999999999999829e+01
9.604257702827453613e+01	2.980000000000000071e+01
9.850470757484436035e+01	2.985999999999999943e+01
1.009674494266510010e+02	2.982999999999999829e+01
1.034298918247222900e+02	2.982999999999999829e+01
1.058926267623901367e+02	2.982999999999999829e+01
1.083552622795104980e+02	2.985999999999999943e+01
1.108174629211425781e+02	2.982999999999999829e+01
1.132807655334472656e+02	2.982999999999999829e+01
1.157432956695556641e+02	2.982999999999999829e+01
1.182057979106903076e+02	2.982999999999999829e+01
1.206684868335723877e+02	2.985999999999999943e+01
1.231309061050415039e+02	2.985999999999999943e+01
1.255936017036437988e+02	2.985999999999999943e+01
1.280560760498046875e+02	2.982999999999999829e+01
1.305190258026123047e+02	2.985999999999999943e+01
1.329810535907745361e+02	2.980000000000000071e+01
1.354437999725341797e+02	2.982999999999999829e+01
1.379063587188720703e+02	2.982999999999999829e+01
1.403694348335266113e+02	2.985999999999999943e+01
1.428312518596649170e+02	2.982999999999999829e+01
1.452943146228790283e+02	2.982999999999999829e+01
1.477573707103729248e+02	2.985999999999999943e+01
1.502198281288146973e+02	2.985999999999999943e+01
1.526813471317291260e+02	2.985999999999999943e+01
1.551441833972930908e+02	2.985999999999999943e+01
1.576077759265899658e+02	2.982999999999999829e+01
1.600691859722137451e+02	2.982999999999999829e+01
1.625322697162628174e+02	2.982999999999999829e+01
1.649951083660125732e+02	2.982999999999999829e+01
1.674572119712829590e+02	2.982999999999999829e+01
1.699206063747406006e+02	2.985999999999999943e+01
1.723823328018188477e+02	2.982999999999999829e+01
1.748460073471069336e+02	2.985999999999999943e+01
1.773084166049957275e+02	2.982999999999999829e+01
1.797705821990966797e+02	2.985999999999999943e+01
1.822330074310302734e+02	2.982999999999999829e+01
1.846964018344879150e+02	2.982999999999999829e+01
1.871583361625671387e+02	2.982999999999999829e+01
1.896212522983551025e+02	2.985999999999999943e+01
1.920831768512725830e+02	2.982999999999999829e+01
1.945457797050476074e+02	2.980000000000000071e+01
1.970093719959259033e+02	2.982999999999999829e+01
1.994715199470520020e+02	2.982999999999999829e+01
2.019343457221984863e+02	2.982999999999999829e+01
2.043960309028625488e+02	2.982999999999999829e+01
2.068596074581146240e+02	2.982999999999999829e+01
2.093222844600677490e+02	2.982999999999999829e+01
2.117844240665435791e+02	2.982999999999999829e+01
2.142470808029174805e+02	2.985999999999999943e+01
2.167100608348846436e+02	2.980000000000000071e+01
2.191722536087036133e+02	2.982999999999999829e+01
2.216345920562744141e+02	2.985999999999999943e+01
2.240979478359222412e+02	2.982999999999999829e+01
2.265604858398437500e+02	2.985999999999999943e+01
2.290225729942321777e+02	2.985999999999999943e+01
2.314853074550628662e+02	2.982999999999999829e+01
2.339477720260620117e+02	2.980000000000000071e+01
2.364110012054443359e+02	2.982999999999999829e+01
2.388728880882263184e+02	2.982999999999999829e+01
2.413358705043792725e+02	2.982999999999999829e+01
2.437971367835998535e+02	2.982999999999999829e+01
2.462613880634307861e+02	2.980000000000000071e+01
2.487231578826904297e+02	2.985999999999999943e+01
2.511861786842346191e+02	2.982999999999999829e+01
2.536491231918334961e+02	2.989999999999999858e+01
2.561106979846954346e+02	2.982999999999999829e+01
2.585738375186920166e+02	2.980000000000000071e+01
2.610361144542694092e+02	2.982999999999999829e+01
2.634991090297698975e+02	2.980000000000000071e+01
2.659610552787780762e+02	2.980000000000000071e+01
2.684244248867034912e+02	2.982999999999999829e+01
2.708866245746612549e+02	2.985999999999999943e+01
2.733498494625091553e+02	2.985999999999999943e+01
2.758118605613708496e+02	2.982999999999999829e+01
2.782746007442474365e+02	2.982999999999999829e+01
2.807374255657196045e+02	2.980000000000000071e+01
2.831994678974151611e+02	2.980000000000000071e+01
2.856628077030181885e+02	2.985999999999999943e+01
2.881246874332427979e+02	2.982999999999999829e+01
2.905874798297882080e+02	2.982999999999999829e+01
2.930496544837951660e+02	2.985999999999999943e+01
2.955126769542694092e+02	2.982999999999999829e+01
2.979758079051971436e+02	2.982999999999999829e+01
3.004383270740509033e+02	2.985999999999999943e+01
3.029006755352020264e+02	2.982999999999999829e+01
3.053625967502593994e+02	2.982999999999999829e+01
3.078253390789031982e+02	2.980000000000000071e+01
3.102880098819732666e+02	2.985999999999999943e+01
3.127508833408355713e+02	2.985999999999999943e+01
3.152134671211242676e+02	2.980000000000000071e+01
3.176764967441558838e+02	2.980000000000000071e+01
3.201385343074798584e+02	2.980000000000000071e+01
3.226009881496429443e+02	2.980000000000000071e+01
3.250635588169097900e+02	2.980000000000000071e+01
3.275270597934722900e+02	2.980000000000000071e+01
3.299893031120300293e+02	2.982999999999999829e+01
3.324516417980194092e+02	2.976000000000000156e+01
3.349148125648498535e+02	2.982999999999999829e+01
3.373764395713806152e+02	2.982999999999999829e+01
3.398395462036132812e+02	2.985999999999999943e+01
3.423023934364318848e+02	2.985999999999999943e+01
3.447649202346801758e+02	2.982999999999999829e+01
3.472273638248443604e+02	2.985999999999999943e+01
3.496901028156280518e+02	2.985999999999999943e+01
3.521524164676666260e+02	2.985999999999999943e+01
3.546157510280609131e+02	2.982999999999999829e+01
3.570777263641357422e+02	2.985999999999999943e+01
3.595400304794311523e+02	2.985999999999999943e+01
3.620027740001678467e+02	2.985999999999999943e+01
3.644655182361602783e+02	2.982999999999999829e+01
3.669278235435485840e+02	2.982999999999999829e+01
3.693912696838378906e+02	2.982999999999999829e+01
3.718522019386291504e+02	2.985999999999999943e+01
3.743157448768615723e+02	2.985999999999999943e+01
3.767787735462188721e+02	2.982999999999999829e+01
3.792415096759796143e+02	2.989999999999999858e+01
3.817035884857177734e+02	2.985999999999999943e+01
3.841664144992828369e+02	2.982999999999999829e+01
3.866284410953521729e+02	2.980000000000000071e+01
3.890914888381958008e+02	2.985999999999999943e+01
3.915542941093444824e+02	2.980000000000000071e+01
3.940163767337799072e+02	2.982999999999999829e+01
3.964796576499938965e+02	2.982999999999999829e+01
3.989415056705474854e+02	2.980000000000000071e+01
4.014045536518096924e+02	2.982999999999999829e+01
4.038665306568145752e+02	2.982999999999999829e+01
4.063294944763183594e+02	2.980000000000000071e+01
4.087916059494018555e+02	2.982999999999999829e+01
4.112547028064727783e+02	2.982999999999999829e+01
4.137177052497863770e+02	2.982999999999999829e+01
4.161805005073547363e+02	2.989999999999999858e+01
4.186427054405212402e+02	2.989999999999999858e+01
4.211046350002288818e+02	2.989999999999999858e+01
4.235682263374328613e+02	2.985999999999999943e+01
4.260305094718933105e+02	2.989999999999999858e+01
4.284934077262878418e+02	2.992999999999999972e+01
4.309559659957885742e+02	2.989999999999999858e+01
4.334185104370117188e+02	2.989999999999999858e+01
4.358809218406677246e+02	2.989999999999999858e+01
4.383437640666961670e+02	2.985999999999999943e+01
4.408068556785583496e+02	2.989999999999999858e+01
4.432690162658691406e+02	2.985999999999999943e+01
4.457311427593231201e+02	2.989999999999999858e+01
4.481938965320587158e+02	2.982999999999999829e+01
4.506564126014709473e+02	2.985999999999999943e+01
4.531195185184478760e+02	2.985999999999999943e+01
4.555815243721008301e+02	2.985999999999999943e+01
4.580443263053894043e+02	2.989999999999999858e+01
4.605075814723968506e+02	2.982999999999999829e+01
4.629696640968322754e+02	2.985999999999999943e+01
4.654320204257965088e+02	2.985999999999999943e+01
4.678944294452667236e+02	2.985999999999999943e+01
4.703574328422546387e+02	2.985999999999999943e+01
4.728195810317993164e+02	2.982999999999999829e+01
4.752825121879577637e+02	2.985999999999999943e+01
4.777453706264495850e+02	2.982999999999999829e+01
4.802082369327545166e+02	2.985999999999999943e+01
4.826706948280334473e+02	2.982999999999999829e+01
4.851336617469787598e+02	2.982999999999999829e+01
4.875958862304687500e+02	2.980000000000000071e+01
4.900582911968231201e+02	2.982999999999999829e+01
4.925211968421936035e+02	2.980000000000000071e+01
4.949831922054290771e+02	2.982999999999999829e+01
4.974463987350463867e+02	2.982999999999999829e+01
4.999090113639831543e+02	2.982999999999999829e+01
5.023712956905364990e+02	2.980000000000000071e+01
5.048345482349395752e+02	2.980000000000000071e+01
5.072963957786560059e+02	2.980000000000000071e+01
5.097594139575958252e+02	2.980000000000000071e+01
5.122214167118072510e+02	2.982999999999999829e+01
5.146844592094421387e+02	2.985999999999999943e+01
5.171472349166870117e+02	2.976000000000000156e+01
5.196099956035614014e+02	2.985999999999999943e+01
5.220723545551300049e+02	2.982999999999999829e+01
5.245350327491760254e+02	2.980000000000000071e+01
5.269976613521575928e+02	2.980000000000000071e+01
5.294594485759735107e+02	2.982999999999999829e+01
5.319231722354888916e+02	2.980000000000000071e+01
5.343847312927246094e+02	2.982999999999999829e+01
5.368474681377410889e+02	2.982999999999999829e+01
5.393104543685913086e+02	2.982999999999999829e+01
5.417733535766601562e+02	2.980000000000000071e+01
5.442362141609191895e+02	2.980000000000000071e+01
5.466981174945831299e+02	2.982999999999999829e+01
5.491611571311950684e+02	2.980000000000000071e+01
5.516231207847595215e+02	2.980000000000000071e+01
5.540861241817474365e+02	2.980000000000000071e+01
5.565484967231750488e+02	2.982999999999999829e+01
5.590117623805999756e+02	2.982999999999999829e+01
5.614744682312011719e+02	2.982999999999999829e+01
5.639365997314453125e+02	2.982999999999999829e+01
5.663992435932159424e+02	2.982999999999999829e+01
5.688612756729125977e+02	2.980000000000000071e+01
5.713247117996215820e+02	2.982999999999999829e+01
5.737864203453063965e+02	2.985999999999999943e+01
5.762495532035827637e+02	2.989999999999999858e+01
5.787123813629150391e+02	2.985999999999999943e+01
5.811746704578399658e+02	2.982999999999999829e+01
5.836377480030059814e+02	2.985999999999999943e+01
5.860997350215911865e+02	2.985999999999999943e+01
5.885628049373626709e+02	2.982999999999999829e+01
5.910247733592987061e+02	2.982999999999999829e+01
5.934874570369720459e+02	2.982999999999999829e+01
5.959505429267883301e+02	2.980000000000000071e+01
5.984133214950561523e+02	2.982999999999999829e+01
6.008751492500305176e+02	2.982999999999999829e+01
6.033376498222351074e+02	2.982999999999999829e+01
6.058003909587860107e+02	2.985999999999999943e+01
6.082634112834930420e+02	2.982999999999999829e+01
6.107263600826263428e+02	2.982999999999999829e+01
6.131879005432128906e+02	2.982999999999999829e+01
6.156502757072448730e+02	2.985999999999999943e+01
6.181134712696075439e+02	2.980000000000000071e+01
6.205763008594512939e+02	2.980000000000000071e+01
6.230392959117889404e+02	2.982999999999999829e+01
6.255017731189727783e+02	2.980000000000000071e+01
6.279644429683685303e+02	2.982999999999999829e+01
6.304267306327819824e+02	2.982999999999999829e+01
6.328892285823822021e+02	2.980000000000000071e+01
6.353522319793701172e+02	2.980000000000000071e+01
6.378147661685943604e+02	2.980000000000000071e+01
6.402770133018493652e+02	2.982999999999999829e+01
6.427400341033935547e+02	2.980000000000000071e+01
6.452017235755920410e+02	2.980000000000000071e+01
6.476652252674102783e+02	2.982999999999999829e+01
6.501273624897003174e+02	2.982999999999999829e+01
6.525898211002349854e+02	2.985999999999999943e+01
6.550525732040405273e+02	2.985999999999999943e+01
6.575144829750061035e+02	2.985999999999999943e+01
6.599780097007751465e+02	2.985999999999999943e+01
6.624403283596038818e+02	2.985999999999999943e+01
6.649030058383941650e+02	2.989999999999999858e+01
6.673651604652404785e+02	2.985999999999999943e+01
6.698278050422668457e+02	2.985999999999999943e+01
6.722912364006042480e+02	2.985999999999999943e+01
6.747537178993225098e+02	2.982999999999999829e+01
6.772156138420104980e+02	2.982999999999999829e+01
6.796793971061706543e+02	2.982999999999999829e+01
6.821408166885375977e+02	2.982999999999999829e+01
6.846040272712707520e+02	2.980000000000000071e+01
6.870668199062347412e+02	2.985999999999999943e+01
6.895286266803741455e+02	2.976000000000000156e+01
6.919916605949401855e+02	2.980000000000000071e+01
6.944542272090911865e+02	2.980000000000000071e+01
6.969171371459960938e+02	2.980000000000000071e+01
6.993795454502105713e+02	2.980000000000000071e+01
7.018417668342590332e+02	2.980000000000000071e+01
7.043045432567596436e+02	2.980000000000000071e+01
7.067676005363464355e+02	2.982999999999999829e+01
7.092291517257690430e+02	2.980000000000000071e+01
7.116918306350708008e+02	2.982999999999999829e+01
7.141543450355529785e+02	2.980000000000000071e+01
7.166168398857116699e+02	2.980000000000000071e+01
7.190792388916015625e+02	2.982999999999999829e+01
7.215422015190124512e+02	2.982999999999999829e+01
7.240050258636474609e+02	2.985999999999999943e+01
7.264679372310638428e+02	2.985999999999999943e+01
7.289306209087371826e+02	2.985999999999999943e+01
7.313924708366394043e+02	2.982999999999999829e+01
7.338556897640228271e+02	2.985999999999999943e+01
7.363191287517547607e+02	2.989999999999999858e+01
7.387807557582855225e+02	2.985999999999999943e+01
7.412434995174407959e+02	2.985999999999999943e+01
7.437070188522338867e+02	2.982999999999999829e+01
7.461692714691162109e+02	2.985999999999999943e+01
7.486315734386444092e+02	2.980000000000000071e+01
7.510944576263427734e+02	2.985999999999999943e+01
7.535567708015441895e+02	2.980000000000000071e+01
7.560194880962371826e+02	2.982999999999999829e+01
7.584827902317047119e+02	2.982999999999999829e+01
7.609445955753326416e+02	2.980000000000000071e+01
7.634067802429199219e+02	2.982999999999999829e+01
7.658692808151245117e+02	2.980000000000000071e+01
7.683326387405395508e+02	2.980000000000000071e+01
7.707950427532196045e+02	2.980000000000000071e+01
7.732576041221618652e+02	2.982999999999999829e+01
7.757194380760192871e+02	2.980000000000000071e+01
7.781837363243103027e+02	2.980000000000000071e+01
7.806453905105590820e+02	2.982999999999999829e+01
7.831084053516387939e+02	2.982999999999999829e+01
7.855708663463592529e+02	2.985999999999999943e+01
7.880332474708557129e+02	2.985999999999999943e+01
7.904957695007324219e+02	2.982999999999999829e+01
7.929583649635314941e+02	2.985999999999999943e+01
7.954211928844451904e+02	2.982999999999999829e+01
7.978836789131164551e+02	2.982999999999999829e+01
8.003470177650451660e+02	2.982999999999999829e+01
8.028088572025299072e+02	2.982999999999999829e+01
8.052714176177978516e+02	2.982999999999999829e+01
8.077347421646118164e+02	2.985999999999999943e+01
8.101967320442199707e+02	2.982999999999999829e+01
8.126594295501708984e+02	2.982999999999999829e+01
8.151222157478332520e+02	2.982999999999999829e+01
8.175841264724731445e+02	2.985999999999999943e+01
8.200473430156707764e+02	2.982999999999999829e+01
8.225102932453155518e+02	2.980000000000000071e+01
8.249728381633758545e+02	2.982999999999999829e+01
8.274347536563873291e+02	2.976000000000000156e+01
8.298981750011444092e+02	2.980000000000000071e+01
8.323606925010681152e+02	2.980000000000000071e+01
8.348236179351806641e+02	2.980000000000000071e+01
8.372861049175262451e+02	2.982999999999999829e+01
8.397478489875793457e+02	2.982999999999999829e+01
8.422113656997680664e+02	2.980000000000000071e+01
8.446735918521881104e+02	2.980000000000000071e+01
8.471363711357116699e+02	2.982999999999999829e+01
8.495982863903045654e+02	2.985999999999999943e+01
8.520607571601867676e+02	2.982999999999999829e+01
8.545232210159301758e+02	2.985999999999999943e+01
8.569867885112762451e+02	2.985999999999999943e+01
8.594490692615509033e+02	2.985999999999999943e+01
8.619109187126159668e+02	2.985999999999999943e+01
8.643744490146636963e+02	2.982999999999999829e+01
8.668366270065307617e+02	2.982999999999999829e+01
8.692989780902862549e+02	2.982999999999999829e+01
8.717624375820159912e+02	2.985999999999999943e+01
8.742248218059539795e+02	2.989999999999999858e+01
8.766867794990539551e+02	2.985999999999999943e+01
8.791503982543945312e+02	2.982999999999999829e+01
8.816130907535552979e+02	2.985999999999999943e+01
8.840754458904266357e+02	2.985999999999999943e+01
8.865375292301177979e+02	2.985999999999999943e+01
8.890001122951507568e+02	2.985999999999999943e+01
8.914628312587738037e+02	2.982999999999999829e+01
8.939250655174255371e+02	2.985999999999999943e+01
8.963879919052124023e+02	2.982999999999999829e+01
8.988508849143981934e+02	2.985999999999999943e+01
9.013131606578826904e+02	2.982999999999999829e+01
9.037762970924377441e+02	2.980000000000000071e+01
9.062383921146392822e+02	2.982999999999999829e+01
9.087005524635314941e+02	2.989999999999999858e+01
9.111638433933258057e+02	2.982999999999999829e+01
9.136267998218536377e+02	2.985999999999999943e+01
9.160890939235687256e+02	2.980000000000000071e+01
9.185518786907196045e+02	2.985999999999999943e+01
9.210142517089843750e+02	2.982999999999999829e+01
9.234769303798675537e+02	2.982999999999999829e+01
9.259390518665313721e+02	2.982999999999999829e+01
9.284025404453277588e+02	2.985999999999999943e+01
9.308645513057708740e+02	2.985999999999999943e+01
9.333273034095764160e+02	2.985999999999999943e+01
9.357897400856018066e+02	2.985999999999999943e+01
9.382518968582153320e+02	2.982999999999999829e+01
9.407147176265716553e+02	2.985999999999999943e+01
9.431776125431060791e+02	2.982999999999999829e+01
9.456403088569641113e+02	2.985999999999999943e+01
9.481032638549804688e+02	2.985999999999999943e+01
9.505648148059844971e+02	2.989999999999999858e+01
9.530278661251068115e+02	2.989999999999999858e+01
9.554910664558410645e+02	2.989999999999999858e+01
9.579528248310089111e+02	2.985999999999999943e+01
9.604154951572418213e+02	2.985999999999999943e+01
9.628785238265991211e+02	2.985999999999999943e+01
9.653414013385772705e+02	2.989999999999999858e+01
9.678037433624267578e+02	2.982999999999999829e+01
9.702665479183197021e+02	2.985999999999999943e+01
9.727292127609252930e+02	2.985999999999999943e+01
9.751917648315429688e+02	2.989999999999999858e+01
9.776531794071197510e+02	2.985999999999999943e+01
9.801165916919708252e+02	2.982999999999999829e+01
9.825794684886932373e+02	2.985999999999999943e+01
9.850422747135162354e+02	2.985999999999999943e+01
9.875047230720520020e+02	2.982999999999999829e+01
9.899672365188598633e+02	2.982999999999999829e+01
9.924297866821289062e+02	2.985999999999999943e+01
9.948920912742614746e+02	2.982999999999999829e+01
9.973542506694793701e+02	2.982999999999999829e+01
9.998179907798767090e+02	2.980000000000000071e+01
1.002279696226119995e+03	2.980000000000000071e+01
1.004743025064468384e+03	2.982999999999999829e+01
1.007205583572387695e+03	2.982999999999999829e+01
1.009667760133743286e+03	2.982999999999999829e+01
1.012130969047546387e+03	2.982999999999999829e+01
1.014592814445495605e+03	2.982999999999999829e+01
1.017056234121322632e+03	2.982999999999999829e+01
1.019518000841140747e+03	2.980000000000000071e+01
1.021980807065963745e+03	2.980000000000000071e+01
1.024443196773529053e+03	2.985999999999999943e+01
1.026905707597732544e+03	2.982999999999999829e+01
1.029368373155593872e+03	2.982999999999999829e+01
1.031831395864486694e+03	2.982999999999999829e+01
1.034293787479400635e+03	2.980000000000000071e+01
1.036756386995315552e+03	2.982999999999999829e+01
1.039219524860382080e+03	2.982999999999999829e+01
1.041681923389434814e+03	2.989999999999999858e+01
1.044144662141799927e+03	2.982999999999999829e+01
1.046606844186782837e+03	2.985999999999999943e+01
1.049069459199905396e+03	2.982999999999999829e+01
1.051532050848007202e+03	2.989999999999999858e+01
1.053995142698287964e+03	2.985999999999999943e+01
1.056457782983779907e+03	2.985999999999999943e+01
1.058920485258102417e+03	2.985999999999999943e+01
1.061382458925247192e+03	2.992999999999999972e+01
1.063845528602600098e+03	2.985999999999999943e+01
1.066307418823242188e+03	2.989999999999999858e+01
1.068770347833633423e+03	2.985999999999999943e+01
1.071233522891998291e+03	2.989999999999999858e+01
1.073695554494857788e+03	2.985999999999999943e+01
1.076158220529556274e+03	2.982999999999999829e+01
1.078620878696441650e+03	2.985999999999999943e+01
1.081083594322204590e+03	2.982999999999999829e+01
1.083546364545822144e+03	2.985999999999999943e+01
1.086007579565048218e+03	2.985999999999999943e+01
1.088471500873565674e+03	2.985999999999999943e+01
1.090933367490768433e+03	2.985999999999999943e+01
1.093396870613098145e+03	2.985999999999999943e+01
1.095859489679336548e+03	2.989999999999999858e+01
1.098321576833724976e+03	2.989999999999999858e+01
1.100783996105194092e+03	2.985999999999999943e+01
1.103246501684188843e+03	2.982999999999999829e+01
1.105709273815155029e+03	2.989999999999999858e+01
1.108172712802886963e+03	2.989999999999999858e+01
1.110634771823883057e+03	2.985999999999999943e+01
1.113097393035888672e+03	2.985999999999999943e+01
1.115560347557067871e+03	2.989999999999999858e+01
1.118022752285003662e+03	2.985999999999999943e+01
1.120485349893569946e+03	2.985999999999999943e+01
1.122948062658309937e+03	2.982999999999999829e+01
1.125410436391830444e+03	2.989999999999999858e+01
1.127873680830001831e+03	2.982999999999999829e+01
1.130336120605468750e+03	2.985999999999999943e+01
1.132797735929489136e+03	2.985999999999999943e+01
1.135261369466781616e+03	2.982999999999999829e+01
1.137722974061965942e+03	2.985999999999999943e+01
1.140185764789581299e+03	2.989999999999999858e+01
1.142648867845535278e+03	2.985999999999999943e+01
1.145111142635345459e+03	2.985999999999999943e+01
1.147573915243148804e+03	2.982999999999999829e+01
1.150035747528076172e+03	2.982999999999999829e+01
1.152499423980712891e+03	2.985999999999999943e+01
1.154961523532867432e+03	2.985999999999999943e+01
1.157424169540405273e+03	2.982999999999999829e+01
1.159887648582458496e+03	2.982999999999999829e+01
1.162349318265914917e+03	2.982999999999999829e+01
1.164811915159225464e+03	2.982999999999999829e+01
1.167274669170379639e+03	2.982999999999999829e+01
1.169736892938613892e+03	2.985999999999999943e+01
1.172200229644775391e+03	2.985999999999999943e+01
1.174662196874618530e+03	2.985999999999999943e+01
1.177125026226043701e+03	2.982999999999999829e+01
1.179587967872619629e+03	2.985999999999999943e+01
1.182050823450088501e+03	2.985999999999999943e+01
1.184513100862503052e+03	2.980000000000000071e+01
1.186975635051727295e+03	2.982999999999999829e+01
1.189437690258026123e+03	2.985999999999999943e+01
1.191901253223419189e+03	2.982999999999999829e+01
1.194362941265106201e+03	2.982999999999999829e+01
1.196826307058334351e+03	2.982999999999999829e+01
1.199288372755050659e+03	2.982999999999999829e+01
1.201750977993011475e+03	2.985999999999999943e+01
1.204214087724685669e+03	2.982999999999999829e+01
1.206676096916198730e+03	2.982999999999999829e+01
1.209139528036117554e+03	2.982999999999999829e+01
1.211602141857147217e+03	2.976000000000000156e+01
1.214064301252365112e+03	2.982999999999999829e+01
1.216526417493820190e+03	2.982999999999999829e+01
1.218989911794662476e+03	2.980000000000000071e+01
1.221451821565628052e+03	2.985999999999999943e+01
1.223914578676223755e+03	2.982999999999999829e+01
1.226377484798431396e+03	2.982999999999999829e+01
1.228839291095733643e+03	2.982999999999999829e+01
1.231302540779113770e+03	2.982999999999999829e+01
1.233764529466629028e+03	2.989999999999999858e+01
1.236227053642272949e+03	2.985999999999999943e+01
1.238689679861068726e+03	2.982999999999999829e+01
1.241153164386749268e+03	2.985999999999999943e+01
1.243615307092666626e+03	2.989999999999999858e+01
1.246077391862869263e+03	2.982999999999999829e+01
1.248541025876998901e+03	2.989999999999999858e+01
1.251003624916076660e+03	2.989999999999999858e+01
1.253466278314590454e+03	2.985999999999999943e+01
1.255928919076919556e+03	2.985999999999999943e+01
1.258390916109085083e+03	2.989999999999999858e+01
1.260854024171829224e+03	2.985999999999999943e+01
1.263316489219665527e+03	2.985999999999999943e+01
1.265778625965118408e+03	2.985999999999999943e+01
1.268241179943084717e+03	2.989999999999999858e+01
1.270703650474548340e+03	2.985999999999999943e+01
1.273166817903518677e+03	2.982999999999999829e+01
1.275629747152328491e+03	2.989999999999999858e+01
1.278091841459274292e+03	2.982999999999999829e+01
1.280554768085479736e+03	2.980000000000000071e+01
1.283017096757888794e+03	2.982999999999999829e+01
1.285479126453399658e+03	2.985999999999999943e+01
1.287943006038665771e+03	2.982999999999999829e+01
1.290405384778976440e+03	2.982999999999999829e+01
1.292867458105087280e+03	2.985999999999999943e+01
1.295330513715744019e+03	2.982999999999999829e+01
1.297792218685150146e+03	2.982999999999999829e+01
1.300255847930908203e+03	2.980000000000000071e+01
1.302717489004135132e+03	2.982999999999999829e+01
1.305180900812149048e+03	2.982999999999999829e+01
1.307643076181411743e+03	2.985999999999999943e+01
1.310105694055557251e+03	2.982999999999999829e+01
1.312568001270294189e+03	2.982999999999999829e+01
1.315031483411788940e+03	2.982999999999999829e+01
1.317493744134902954e+03	2.982999999999999829e+01
1.319956469774246216e+03	2.985999999999999943e+01
1.322418439149856567e+03	2.982999999999999829e+01
1.324880872488021851e+03	2.985999999999999943e+01
1.327344510316848755e+03	2.985999999999999943e+01
1.329806369304656982e+03	2.982999999999999829e+01
1.332269273281097412e+03	2.982999999999999829e+01
1.334731339693069458e+03	2.982999999999999829e+01
1.337194022893905640e+03	2.982999999999999829e+01
1.339656656742095947e+03	2.982999999999999829e+01
1.342119341373443604e+03	2.982999999999999829e+01
1.344581969738006592e+03	2.982999999999999829e+01
1.347045046806335449e+03	2.982999999999999829e+01
1.349507249355316162e+03	2.976000000000000156e+01
1.351970232486724854e+03	2.980000000000000071e+01
1.354431930780410767e+03	2.982999999999999829e+01
1.356895807743072510e+03	2.980000000000000071e+01
1.359358365535736084e+03	2.982999999999999829e+01
1.361820584058761597e+03	2.982999999999999829e+01
1.364283288002014160e+03	2.985999999999999943e+01
1.366745768070220947e+03	2.985999999999999943e+01
1.369207703113555908e+03	2.982999999999999829e+01
1.371671241044998169e+03	2.985999999999999943e+01
1.374133380651473999e+03	2.982999999999999829e+01
1.376596181154251099e+03	2.980000000000000071e+01
1.379058053255081177e+03	2.982999999999999829e+01
1.381521207571029663e+03	2.982999999999999829e+01
1.383983967065811157e+03	2.982999999999999829e+01
1.386445894002914429e+03	2.980000000000000071e+01
1.388908731222152710e+03	2.982999999999999829e+01
1.391371620416641235e+03	2.980000000000000071e+01
1.393834456443786621e+03	2.982999999999999829e+01
1.396296141386032104e+03	2.982999999999999829e+01
1.398759241342544556e+03	2.985999999999999943e+01
1.401221485376358032e+03	2.985999999999999943e+01
1.403684845924377441e+03	2.985999999999999943e+01
1.406146949291229248e+03	2.985999999999999943e+01
1.408609798192977905e+03	2.985999999999999943e+01
1.411072173833847046e+03	2.985999999999999943e+01
1.413535658597946167e+03	2.985999999999999943e+01
1.415997258186340332e+03	2.985999999999999943e+01
1.418460016489028931e+03	2.985999999999999943e+01
1.420922192335128784e+03	2.985999999999999943e+01
1.423385511875152588e+03	2.992999999999999972e+01
1.425848450183868408e+03	2.989999999999999858e+01
1.428311016082763672e+03	2.989999999999999858e+01
1.430773783445358276e+03	2.985999999999999943e+01
1.433236044645309448e+03	2.989999999999999858e+01
1.435699001550674438e+03	2.989999999999999858e+01
1.438161142826080322e+03	2.989999999999999858e+01
1.440623984336853027e+03	2.989999999999999858e+01
1.443086725950241089e+03	2.985999999999999943e+01
1.445548796415328979e+03	2.985999999999999943e+01
1.448011180877685547e+03	2.989999999999999858e+01
1.450473586320877075e+03	2.985999999999999943e+01
1.452936786413192749e+03	2.980000000000000071e+01
1.455399144887924194e+03	2.985999999999999943e+01
1.457861866235733032e+03	2.989999999999999858e+01
1.460324518203735352e+03	2.982999999999999829e+01
1.462787227392196655e+03	2.985999999999999943e+01
1.465249978542327881e+03	2.982999999999999829e+01
1.467712022066116333e+03	2.982999999999999829e+01
1.470175652027130127e+03	2.985999999999999943e+01
1.472637383937835693e+03	2.985999999999999943e+01
1.475100430965423584e+03	2.982999999999999829e+01
