# 20220728
# time			temp			
0.000000000000000000e+00	2.980000000000000071e+01
2.462372303009033203e+00	2.980000000000000071e+01
4.924790382385253906e+00	2.982999999999999829e+01
7.386626243591308594e+00	2.982999999999999829e+01
9.850067853927612305e+00	2.976000000000000156e+01
1.231165003776550293e+01	2.980000000000000071e+01
1.477494597434997559e+01	2.976000000000000156e+01
1.723729848861694336e+01	2.980000000000000071e+01
1.969994235038757324e+01	2.976000000000000156e+01
2.216229557991027832e+01	2.976000000000000156e+01
2.462494397163391113e+01	2.973000000000000043e+01
2.708715867996215820e+01	2.973000000000000043e+01
2.955011057853698730e+01	2.976000000000000156e+01
3.201213860511779785e+01	2.980000000000000071e+01
3.447485399246215820e+01	2.980000000000000071e+01
3.693768858909606934e+01	2.980000000000000071e+01
3.939982104301452637e+01	2.982999999999999829e+01
4.186156773567199707e+01	2.982999999999999829e+01
4.432505893707275391e+01	2.982999999999999829e+01
4.678675961494445801e+01	2.982999999999999829e+01
4.924984693527221680e+01	2.982999999999999829e+01
5.171235775947570801e+01	2.982999999999999829e+01
5.417410683631896973e+01	2.982999999999999829e+01
5.663661646842956543e+01	2.976000000000000156e+01
5.909966373443603516e+01	2.980000000000000071e+01
6.156212997436523438e+01	2.976000000000000156e+01
6.402448964118957520e+01	2.976000000000000156e+01
6.644108366966247559e+01	2.976000000000000156e+01
6.890339303016662598e+01	2.976000000000000156e+01
7.136625313758850098e+01	2.976000000000000156e+01
7.382814359664916992e+01	2.976000000000000156e+01
7.629095602035522461e+01	2.976000000000000156e+01
7.875367236137390137e+01	2.976000000000000156e+01
8.121642708778381348e+01	2.976000000000000156e+01
8.367928242683410645e+01	2.976000000000000156e+01
8.614140152931213379e+01	2.976000000000000156e+01
8.860353779792785645e+01	2.980000000000000071e+01
9.106630825996398926e+01	2.976000000000000156e+01
9.352828431129455566e+01	2.982999999999999829e+01
9.599070835113525391e+01	2.980000000000000071e+01
9.845235228538513184e+01	2.976000000000000156e+01
1.009162697792053223e+02	2.980000000000000071e+01
1.033788766860961914e+02	2.980000000000000071e+01
1.058406634330749512e+02	2.976000000000000156e+01
1.083038411140441895e+02	2.976000000000000156e+01
1.107660052776336670e+02	2.976000000000000156e+01
1.132286436557769775e+02	2.980000000000000071e+01
1.156908359527587891e+02	2.976000000000000156e+01
1.181537711620330811e+02	2.980000000000000071e+01
1.205703878402709961e+02	2.976000000000000156e+01
1.230330176353454590e+02	2.980000000000000071e+01
1.254948947429656982e+02	2.982999999999999829e+01
1.279575121402740479e+02	2.980000000000000071e+01
1.304208576679229736e+02	2.982999999999999829e+01
1.328834962844848633e+02	2.980000000000000071e+01
1.353456377983093262e+02	2.976000000000000156e+01
1.378078551292419434e+02	2.980000000000000071e+01
1.402713360786437988e+02	2.982999999999999829e+01
1.427333495616912842e+02	2.980000000000000071e+01
1.451959769725799561e+02	2.976000000000000156e+01
1.476586530208587646e+02	2.973000000000000043e+01
1.501206736564636230e+02	2.976000000000000156e+01
1.525839545726776123e+02	2.976000000000000156e+01
1.550463912487030029e+02	2.980000000000000071e+01
1.575093555450439453e+02	2.976000000000000156e+01
1.599712195396423340e+02	2.976000000000000156e+01
1.624339873790740967e+02	2.980000000000000071e+01
1.648973500728607178e+02	2.980000000000000071e+01
1.673592987060546875e+02	2.976000000000000156e+01
1.698219535350799561e+02	2.982999999999999829e+01
1.722848191261291504e+02	2.980000000000000071e+01
1.747472591400146484e+02	2.976000000000000156e+01
1.772102680206298828e+02	2.980000000000000071e+01
1.796718544960021973e+02	2.980000000000000071e+01
1.821348485946655273e+02	2.982999999999999829e+01
1.845980551242828369e+02	2.976000000000000156e+01
1.870602676868438721e+02	2.980000000000000071e+01
1.895227797031402588e+02	2.982999999999999829e+01
1.919850513935089111e+02	2.976000000000000156e+01
1.944481799602508545e+02	2.976000000000000156e+01
1.969102525711059570e+02	2.976000000000000156e+01
1.993732912540435791e+02	2.976000000000000156e+01
2.018349075317382812e+02	2.973000000000000043e+01
2.042987740039825439e+02	2.976000000000000156e+01
2.067609691619873047e+02	2.976000000000000156e+01
2.092236373424530029e+02	2.980000000000000071e+01
2.116856548786163330e+02	2.976000000000000156e+01
2.141483528614044189e+02	2.980000000000000071e+01
2.166106684207916260e+02	2.982999999999999829e+01
2.190737736225128174e+02	2.982999999999999829e+01
2.215364723205566406e+02	2.980000000000000071e+01
2.239985444545745850e+02	2.982999999999999829e+01
2.264610311985015869e+02	2.985999999999999943e+01
2.289238548278808594e+02	2.982999999999999829e+01
2.313861875534057617e+02	2.982999999999999829e+01
2.338490693569183350e+02	2.980000000000000071e+01
2.363116841316223145e+02	2.980000000000000071e+01
2.387741363048553467e+02	2.980000000000000071e+01
2.412370240688323975e+02	2.976000000000000156e+01
2.436997299194335938e+02	2.976000000000000156e+01
2.461618018150329590e+02	2.976000000000000156e+01
2.486241035461425781e+02	2.976000000000000156e+01
2.510878462791442871e+02	2.973000000000000043e+01
2.535500390529632568e+02	2.976000000000000156e+01
2.560119559764862061e+02	2.976000000000000156e+01
2.584747734069824219e+02	2.976000000000000156e+01
2.609379506111145020e+02	2.976000000000000156e+01
2.634002902507781982e+02	2.980000000000000071e+01
2.658622708320617676e+02	2.980000000000000071e+01
2.683255057334899902e+02	2.980000000000000071e+01
2.707884576320648193e+02	2.976000000000000156e+01
2.732503857612609863e+02	2.980000000000000071e+01
2.757132506370544434e+02	2.976000000000000156e+01
2.781759939193725586e+02	2.976000000000000156e+01
2.806380465030670166e+02	2.976000000000000156e+01
2.831009488105773926e+02	2.973000000000000043e+01
2.855631322860717773e+02	2.976000000000000156e+01
2.880263051986694336e+02	2.973000000000000043e+01
2.904882071018218994e+02	2.973000000000000043e+01
2.929518008232116699e+02	2.969999999999999929e+01
2.954142563343048096e+02	2.969999999999999929e+01
2.978765468597412109e+02	2.973000000000000043e+01
3.003383955955505371e+02	2.976000000000000156e+01
3.028019831180572510e+02	2.980000000000000071e+01
3.052643494606018066e+02	2.976000000000000156e+01
3.077268021106719971e+02	2.980000000000000071e+01
3.101892654895782471e+02	2.982999999999999829e+01
3.126516573429107666e+02	2.982999999999999829e+01
3.151142654418945312e+02	2.982999999999999829e+01
3.175768606662750244e+02	2.982999999999999829e+01
3.200398607254028320e+02	2.982999999999999829e+01
3.225025548934936523e+02	2.982999999999999829e+01
3.249650051593780518e+02	2.980000000000000071e+01
3.274277338981628418e+02	2.980000000000000071e+01
3.298903913497924805e+02	2.976000000000000156e+01
3.323528110980987549e+02	2.976000000000000156e+01
3.348148117065429688e+02	2.980000000000000071e+01
3.372779312133789062e+02	2.976000000000000156e+01
3.397400958538055420e+02	2.976000000000000156e+01
3.422027378082275391e+02	2.976000000000000156e+01
3.446657881736755371e+02	2.976000000000000156e+01
3.471278529167175293e+02	2.973000000000000043e+01
3.495908830165863037e+02	2.973000000000000043e+01
3.520536549091339111e+02	2.976000000000000156e+01
3.545159871578216553e+02	2.976000000000000156e+01
3.569782533645629883e+02	2.976000000000000156e+01
3.594412577152252197e+02	2.980000000000000071e+01
3.619032354354858398e+02	2.980000000000000071e+01
3.643665096759796143e+02	2.982999999999999829e+01
3.668294703960418701e+02	2.980000000000000071e+01
3.692919218540191650e+02	2.980000000000000071e+01
3.717538430690765381e+02	2.982999999999999829e+01
3.742162868976593018e+02	2.982999999999999829e+01
3.766787161827087402e+02	2.985999999999999943e+01
3.791414468288421631e+02	2.980000000000000071e+01
3.816040437221527100e+02	2.976000000000000156e+01
3.840668146610260010e+02	2.976000000000000156e+01
3.865295655727386475e+02	2.980000000000000071e+01
3.889916248321533203e+02	2.976000000000000156e+01
3.914549977779388428e+02	2.976000000000000156e+01
3.939169912338256836e+02	2.976000000000000156e+01
3.963797609806060791e+02	2.976000000000000156e+01
3.988426434993743896e+02	2.980000000000000071e+01
4.013045454025268555e+02	2.976000000000000156e+01
4.037679553031921387e+02	2.980000000000000071e+01
4.062299332618713379e+02	2.980000000000000071e+01
4.086925899982452393e+02	2.982999999999999829e+01
4.111551773548126221e+02	2.982999999999999829e+01
4.136186025142669678e+02	2.982999999999999829e+01
4.160800092220306396e+02	2.980000000000000071e+01
4.185429165363311768e+02	2.982999999999999829e+01
4.210049116611480713e+02	2.980000000000000071e+01
4.234685709476470947e+02	2.976000000000000156e+01
4.259301292896270752e+02	2.976000000000000156e+01
4.283934297561645508e+02	2.976000000000000156e+01
4.308563835620880127e+02	2.980000000000000071e+01
4.333192844390869141e+02	2.976000000000000156e+01
4.357813780307769775e+02	2.976000000000000156e+01
4.382431371212005615e+02	2.976000000000000156e+01
4.407066245079040527e+02	2.976000000000000156e+01
4.431685137748718262e+02	2.976000000000000156e+01
4.456311793327331543e+02	2.976000000000000156e+01
4.480940098762512207e+02	2.976000000000000156e+01
4.505568084716796875e+02	2.980000000000000071e+01
4.530197453498840332e+02	2.982999999999999829e+01
4.554810025691986084e+02	2.980000000000000071e+01
4.579443087577819824e+02	2.976000000000000156e+01
4.604071693420410156e+02	2.980000000000000071e+01
4.628694522380828857e+02	2.980000000000000071e+01
4.653323810100555420e+02	2.980000000000000071e+01
4.677950637340545654e+02	2.980000000000000071e+01
4.702570016384124756e+02	2.976000000000000156e+01
4.727198243141174316e+02	2.976000000000000156e+01
4.751825680732727051e+02	2.976000000000000156e+01
4.776450989246368408e+02	2.976000000000000156e+01
4.801080126762390137e+02	2.976000000000000156e+01
4.825705053806304932e+02	2.976000000000000156e+01
4.850330455303192139e+02	2.976000000000000156e+01
4.874956839084625244e+02	2.976000000000000156e+01
4.899575009346008301e+02	2.973000000000000043e+01
4.924212157726287842e+02	2.976000000000000156e+01
4.948831076622009277e+02	2.976000000000000156e+01
4.973457331657409668e+02	2.980000000000000071e+01
4.998079760074615479e+02	2.980000000000000071e+01
5.022709324359893799e+02	2.980000000000000071e+01
5.047333931922912598e+02	2.980000000000000071e+01
5.071956543922424316e+02	2.982999999999999829e+01
5.096578872203826904e+02	2.982999999999999829e+01
5.121211597919464111e+02	2.982999999999999829e+01
5.145834624767303467e+02	2.982999999999999829e+01
5.170460608005523682e+02	2.982999999999999829e+01
5.195091192722320557e+02	2.982999999999999829e+01
5.219712674617767334e+02	2.980000000000000071e+01
5.244338750839233398e+02	2.976000000000000156e+01
5.268966906070709229e+02	2.976000000000000156e+01
5.293591811656951904e+02	2.980000000000000071e+01
5.318220429420471191e+02	2.976000000000000156e+01
5.342842824459075928e+02	2.980000000000000071e+01
5.367474668025970459e+02	2.973000000000000043e+01
5.392092099189758301e+02	2.976000000000000156e+01
5.416721398830413818e+02	2.976000000000000156e+01
5.441354370117187500e+02	2.980000000000000071e+01
5.465970859527587891e+02	2.980000000000000071e+01
5.490595455169677734e+02	2.980000000000000071e+01
5.515220568180084229e+02	2.976000000000000156e+01
5.539850225448608398e+02	2.980000000000000071e+01
5.564470922946929932e+02	2.982999999999999829e+01
5.589097764492034912e+02	2.982999999999999829e+01
5.613722617626190186e+02	2.982999999999999829e+01
5.638355510234832764e+02	2.982999999999999829e+01
5.662984163761138916e+02	2.985999999999999943e+01
5.687606317996978760e+02	2.980000000000000071e+01
5.712233486175537109e+02	2.982999999999999829e+01
5.736854856014251709e+02	2.980000000000000071e+01
5.761489171981811523e+02	2.980000000000000071e+01
5.786113247871398926e+02	2.976000000000000156e+01
5.810733621120452881e+02	2.976000000000000156e+01
5.835361948013305664e+02	2.980000000000000071e+01
5.859989981651306152e+02	2.976000000000000156e+01
5.884619805812835693e+02	2.973000000000000043e+01
5.909234101772308350e+02	2.973000000000000043e+01
5.933860604763031006e+02	2.973000000000000043e+01
5.958482737541198730e+02	2.976000000000000156e+01
5.983112120628356934e+02	2.973000000000000043e+01
6.007735052108764648e+02	2.973000000000000043e+01
6.032361927032470703e+02	2.973000000000000043e+01
6.056999032497406006e+02	2.976000000000000156e+01
6.081616532802581787e+02	2.980000000000000071e+01
6.106243877410888672e+02	2.976000000000000156e+01
6.130877914428710938e+02	2.976000000000000156e+01
6.155492887496948242e+02	2.980000000000000071e+01
6.180128824710845947e+02	2.980000000000000071e+01
6.204755241870880127e+02	2.980000000000000071e+01
6.229374618530273438e+02	2.982999999999999829e+01
6.253999056816101074e+02	2.982999999999999829e+01
6.278624770641326904e+02	2.985999999999999943e+01
6.303254065513610840e+02	2.980000000000000071e+01
6.327875974178314209e+02	2.982999999999999829e+01
6.352498924732208252e+02	2.980000000000000071e+01
6.377132284641265869e+02	2.980000000000000071e+01
6.401755201816558838e+02	2.976000000000000156e+01
6.426376907825469971e+02	2.980000000000000071e+01
6.451008455753326416e+02	2.976000000000000156e+01
6.475632863044738770e+02	2.976000000000000156e+01
6.500261216163635254e+02	2.976000000000000156e+01
6.524879608154296875e+02	2.973000000000000043e+01
6.549504508972167969e+02	2.973000000000000043e+01
6.574136371612548828e+02	2.973000000000000043e+01
6.598761296272277832e+02	2.976000000000000156e+01
6.623385462760925293e+02	2.976000000000000156e+01
6.648012943267822266e+02	2.976000000000000156e+01
6.672638673782348633e+02	2.980000000000000071e+01
6.697261466979980469e+02	2.976000000000000156e+01
6.721890692710876465e+02	2.976000000000000156e+01
6.746518666744232178e+02	2.980000000000000071e+01
6.771146156787872314e+02	2.980000000000000071e+01
6.795774157047271729e+02	2.982999999999999829e+01
6.820389606952667236e+02	2.982999999999999829e+01
6.845026400089263916e+02	2.980000000000000071e+01
6.869649808406829834e+02	2.980000000000000071e+01
6.894277369976043701e+02	2.980000000000000071e+01
6.918898937702178955e+02	2.976000000000000156e+01
6.943527212142944336e+02	2.980000000000000071e+01
6.968151299953460693e+02	2.973000000000000043e+01
6.992777736186981201e+02	2.973000000000000043e+01
7.017397944927215576e+02	2.969999999999999929e+01
7.042023899555206299e+02	2.976000000000000156e+01
7.066653707027435303e+02	2.973000000000000043e+01
7.091276454925537109e+02	2.973000000000000043e+01
7.115910074710845947e+02	2.976000000000000156e+01
7.140535981655120850e+02	2.976000000000000156e+01
7.165157375335693359e+02	2.976000000000000156e+01
7.189777162075042725e+02	2.982999999999999829e+01
7.214407999515533447e+02	2.980000000000000071e+01
7.239028401374816895e+02	2.982999999999999829e+01
7.263663034439086914e+02	2.982999999999999829e+01
7.288286259174346924e+02	2.976000000000000156e+01
7.312908980846405029e+02	2.982999999999999829e+01
7.337537662982940674e+02	2.980000000000000071e+01
7.362160730361938477e+02	2.976000000000000156e+01
7.386789109706878662e+02	2.980000000000000071e+01
7.411408479213714600e+02	2.980000000000000071e+01
7.436042685508728027e+02	2.980000000000000071e+01
7.460666842460632324e+02	2.973000000000000043e+01
7.485289971828460693e+02	2.976000000000000156e+01
7.509917716979980469e+02	2.976000000000000156e+01
7.534537906646728516e+02	2.976000000000000156e+01
7.559174191951751709e+02	2.980000000000000071e+01
7.583798794746398926e+02	2.973000000000000043e+01
7.608423671722412109e+02	2.980000000000000071e+01
7.633048219680786133e+02	2.980000000000000071e+01
7.657677094936370850e+02	2.973000000000000043e+01
7.682296440601348877e+02	2.982999999999999829e+01
7.706928162574768066e+02	2.980000000000000071e+01
7.731550099849700928e+02	2.980000000000000071e+01
7.756173393726348877e+02	2.976000000000000156e+01
7.780806169509887695e+02	2.976000000000000156e+01
7.805422923564910889e+02	2.980000000000000071e+01
7.830049824714660645e+02	2.976000000000000156e+01
7.854678125381469727e+02	2.980000000000000071e+01
7.879300887584686279e+02	2.976000000000000156e+01
7.903928568363189697e+02	2.976000000000000156e+01
7.928553388118743896e+02	2.976000000000000156e+01
7.953187673091888428e+02	2.976000000000000156e+01
7.977805256843566895e+02	2.976000000000000156e+01
8.002436182498931885e+02	2.976000000000000156e+01
8.027060894966125488e+02	2.980000000000000071e+01
8.051687691211700439e+02	2.980000000000000071e+01
8.076314311027526855e+02	2.980000000000000071e+01
8.100934891700744629e+02	2.980000000000000071e+01
8.125565261840820312e+02	2.980000000000000071e+01
8.150187308788299561e+02	2.982999999999999829e+01
8.174810888767242432e+02	2.976000000000000156e+01
8.199444601535797119e+02	2.976000000000000156e+01
8.224069638252258301e+02	2.980000000000000071e+01
8.248697547912597656e+02	2.980000000000000071e+01
8.273318645954132080e+02	2.976000000000000156e+01
8.297945127487182617e+02	2.976000000000000156e+01
8.322568111419677734e+02	2.980000000000000071e+01
8.347194859981536865e+02	2.973000000000000043e+01
8.371820936203002930e+02	2.973000000000000043e+01
8.396450605392456055e+02	2.976000000000000156e+01
8.421070444583892822e+02	2.973000000000000043e+01
8.445696561336517334e+02	2.976000000000000156e+01
8.470328352451324463e+02	2.980000000000000071e+01
8.494949572086334229e+02	2.980000000000000071e+01
8.519580197334289551e+02	2.980000000000000071e+01
8.544196705818176270e+02	2.980000000000000071e+01
8.568830161094665527e+02	2.982999999999999829e+01
8.593451385498046875e+02	2.982999999999999829e+01
8.618079452514648438e+02	2.980000000000000071e+01
8.642701258659362793e+02	2.980000000000000071e+01
8.667328865528106689e+02	2.976000000000000156e+01
8.691953871250152588e+02	2.976000000000000156e+01
8.716586556434631348e+02	2.976000000000000156e+01
8.741212792396545410e+02	2.973000000000000043e+01
8.765840897560119629e+02	2.973000000000000043e+01
8.790450725555419922e+02	2.976000000000000156e+01
8.815087194442749023e+02	2.976000000000000156e+01
8.839706642627716064e+02	2.973000000000000043e+01
8.864342451095581055e+02	2.973000000000000043e+01
8.888968255519866943e+02	2.973000000000000043e+01
8.913588373661041260e+02	2.976000000000000156e+01
8.938220853805541992e+02	2.976000000000000156e+01
8.962836828231811523e+02	2.982999999999999829e+01
8.987466826438903809e+02	2.980000000000000071e+01
9.012096948623657227e+02	2.976000000000000156e+01
9.036718819141387939e+02	2.980000000000000071e+01
9.061339650154113770e+02	2.980000000000000071e+01
9.085967402458190918e+02	2.980000000000000071e+01
9.110593366622924805e+02	2.980000000000000071e+01
9.135222699642181396e+02	2.980000000000000071e+01
9.159852955341339111e+02	2.980000000000000071e+01
9.184476189613342285e+02	2.982999999999999829e+01
9.209095847606658936e+02	2.980000000000000071e+01
9.233723304271697998e+02	2.980000000000000071e+01
9.258356695175170898e+02	2.976000000000000156e+01
9.282979335784912109e+02	2.976000000000000156e+01
9.307598392963409424e+02	2.976000000000000156e+01
9.332226712703704834e+02	2.976000000000000156e+01
9.356857097148895264e+02	2.976000000000000156e+01
9.381486110687255859e+02	2.976000000000000156e+01
9.406108555793762207e+02	2.976000000000000156e+01
9.430736413002014160e+02	2.980000000000000071e+01
9.455354321002960205e+02	2.976000000000000156e+01
9.479980144500732422e+02	2.976000000000000156e+01
9.504607043266296387e+02	2.980000000000000071e+01
9.529237122535705566e+02	2.976000000000000156e+01
9.553865654468536377e+02	2.980000000000000071e+01
9.578487672805786133e+02	2.980000000000000071e+01
9.603117942810058594e+02	2.980000000000000071e+01
9.627738270759582520e+02	2.982999999999999829e+01
9.652359783649444580e+02	2.982999999999999829e+01
9.676983642578125000e+02	2.980000000000000071e+01
9.701617228984832764e+02	2.982999999999999829e+01
9.726241912841796875e+02	2.980000000000000071e+01
9.750873391628265381e+02	2.980000000000000071e+01
9.775498802661895752e+02	2.980000000000000071e+01
9.800111625194549561e+02	2.980000000000000071e+01
9.824742777347564697e+02	2.980000000000000071e+01
9.849367451667785645e+02	2.980000000000000071e+01
9.874002368450164795e+02	2.976000000000000156e+01
9.898616824150085449e+02	2.980000000000000071e+01
9.923254132270812988e+02	2.976000000000000156e+01
9.947872719764709473e+02	2.980000000000000071e+01
9.972493729591369629e+02	2.976000000000000156e+01
9.997126131057739258e+02	2.980000000000000071e+01
1.002174654960632324e+03	2.980000000000000071e+01
1.004637411594390869e+03	2.976000000000000156e+01
1.007100043773651123e+03	2.976000000000000156e+01
1.009562774181365967e+03	2.976000000000000156e+01
1.012024653911590576e+03	2.980000000000000071e+01
1.014487413167953491e+03	2.976000000000000156e+01
1.016949774265289307e+03	2.976000000000000156e+01
1.019412315607070923e+03	2.980000000000000071e+01
1.021875077724456787e+03	2.980000000000000071e+01
1.024337992191314697e+03	2.976000000000000156e+01
1.026800848484039307e+03	2.982999999999999829e+01
1.029263484477996826e+03	2.980000000000000071e+01
1.031726022720336914e+03	2.976000000000000156e+01
1.034188905239105225e+03	2.980000000000000071e+01
1.036651631116867065e+03	2.980000000000000071e+01
1.039114029407501221e+03	2.980000000000000071e+01
1.041576443195343018e+03	2.976000000000000156e+01
1.044039096117019653e+03	2.980000000000000071e+01
1.046502559900283813e+03	2.976000000000000156e+01
1.048964382648468018e+03	2.976000000000000156e+01
1.051426468849182129e+03	2.976000000000000156e+01
1.053890192031860352e+03	2.973000000000000043e+01
1.056352454662322998e+03	2.980000000000000071e+01
1.058814878702163696e+03	2.976000000000000156e+01
1.061277683496475220e+03	2.976000000000000156e+01
1.063739624023437500e+03	2.976000000000000156e+01
1.066203058481216431e+03	2.980000000000000071e+01
1.068664953708648682e+03	2.980000000000000071e+01
1.071128051996231079e+03	2.982999999999999829e+01
1.073591001033782959e+03	2.980000000000000071e+01
1.076053048133850098e+03	2.976000000000000156e+01
1.078515189647674561e+03	2.980000000000000071e+01
1.080978773593902588e+03	2.982999999999999829e+01
1.083441017866134644e+03	2.980000000000000071e+01
1.085903484106063843e+03	2.976000000000000156e+01
1.088365726232528687e+03	2.976000000000000156e+01
1.090828034639358521e+03	2.976000000000000156e+01
1.093290843725204468e+03	2.976000000000000156e+01
1.095754070520401001e+03	2.973000000000000043e+01
1.098216265201568604e+03	2.976000000000000156e+01
1.100678750991821289e+03	2.976000000000000156e+01
1.103141691207885742e+03	2.976000000000000156e+01
1.105604274272918701e+03	2.980000000000000071e+01
1.108066214799880981e+03	2.982999999999999829e+01
1.110528552055358887e+03	2.980000000000000071e+01
1.112991669416427612e+03	2.980000000000000071e+01
1.115453741550445557e+03	2.982999999999999829e+01
1.117916285991668701e+03	2.982999999999999829e+01
1.120379226446151733e+03	2.982999999999999829e+01
1.122841788530349731e+03	2.976000000000000156e+01
1.125304361820220947e+03	2.976000000000000156e+01
1.127767048358917236e+03	2.976000000000000156e+01
1.130229661464691162e+03	2.976000000000000156e+01
1.132692758560180664e+03	2.969999999999999929e+01
1.135154846191406250e+03	2.973000000000000043e+01
1.137617365837097168e+03	2.976000000000000156e+01
1.140079802274703979e+03	2.973000000000000043e+01
1.142542313098907471e+03	2.973000000000000043e+01
1.145004933118820190e+03	2.973000000000000043e+01
1.147467933893203735e+03	2.980000000000000071e+01
1.149930793523788452e+03	2.980000000000000071e+01
1.152392553806304932e+03	2.980000000000000071e+01
1.154855321407318115e+03	2.980000000000000071e+01
1.157317873477935791e+03	2.980000000000000071e+01
1.159780376434326172e+03	2.976000000000000156e+01
1.162243321657180786e+03	2.980000000000000071e+01
1.164705517053604126e+03	2.980000000000000071e+01
1.167168872833251953e+03	2.980000000000000071e+01
1.169631377458572388e+03	2.980000000000000071e+01
1.172093093395233154e+03	2.976000000000000156e+01
1.174555886507034302e+03	2.976000000000000156e+01
1.177018988847732544e+03	2.973000000000000043e+01
1.179481683969497681e+03	2.976000000000000156e+01
1.181943858385086060e+03	2.973000000000000043e+01
1.184406169891357422e+03	2.973000000000000043e+01
1.186868888616561890e+03	2.976000000000000156e+01
1.189330810785293579e+03	2.976000000000000156e+01
1.191793970584869385e+03	2.976000000000000156e+01
1.194256456375122070e+03	2.976000000000000156e+01
1.196719628810882568e+03	2.976000000000000156e+01
1.199182112693786621e+03	2.976000000000000156e+01
1.201644055366516113e+03	2.982999999999999829e+01
1.204107268333435059e+03	2.976000000000000156e+01
1.206569472789764404e+03	2.980000000000000071e+01
1.209032140493392944e+03	2.973000000000000043e+01
1.211494662046432495e+03	2.980000000000000071e+01
1.213957983732223511e+03	2.980000000000000071e+01
1.216420438766479492e+03	2.980000000000000071e+01
1.218883145093917847e+03	2.976000000000000156e+01
1.221345275640487671e+03	2.980000000000000071e+01
1.223807782649993896e+03	2.980000000000000071e+01
1.226269876480102539e+03	2.976000000000000156e+01
1.228732867002487183e+03	2.976000000000000156e+01
1.231195074796676636e+03	2.976000000000000156e+01
1.233657898187637329e+03	2.976000000000000156e+01
1.236121073484420776e+03	2.973000000000000043e+01
1.238583416938781738e+03	2.976000000000000156e+01
1.241045874357223511e+03	2.973000000000000043e+01
1.243507787942886353e+03	2.976000000000000156e+01
1.245971006631851196e+03	2.980000000000000071e+01
1.248433248043060303e+03	2.976000000000000156e+01
1.250896420240402222e+03	2.980000000000000071e+01
1.253358314990997314e+03	2.980000000000000071e+01
1.255821044683456421e+03	2.982999999999999829e+01
1.258283796310424805e+03	2.982999999999999829e+01
1.260747003316879272e+03	2.980000000000000071e+01
1.263208976507186890e+03	2.982999999999999829e+01
1.265671608924865723e+03	2.982999999999999829e+01
1.268134852409362793e+03	2.982999999999999829e+01
1.270596682786941528e+03	2.980000000000000071e+01
1.273059036016464233e+03	2.973000000000000043e+01
1.275522442817687988e+03	2.980000000000000071e+01
1.277984766960144043e+03	2.973000000000000043e+01
1.280447754144668579e+03	2.976000000000000156e+01
1.282910306453704834e+03	2.973000000000000043e+01
1.285372043609619141e+03	2.969999999999999929e+01
1.287835378646850586e+03	2.973000000000000043e+01
1.290297387361526489e+03	2.973000000000000043e+01
1.292760640144348145e+03	2.973000000000000043e+01
1.295222217798233032e+03	2.973000000000000043e+01
1.297684942722320557e+03	2.973000000000000043e+01
1.300147500753402710e+03	2.980000000000000071e+01
1.302610167503356934e+03	2.976000000000000156e+01
1.305073402166366577e+03	2.980000000000000071e+01
1.307535530567169189e+03	2.980000000000000071e+01
1.309998694181442261e+03	2.980000000000000071e+01
1.312461191177368164e+03	2.982999999999999829e+01
1.314923158407211304e+03	2.982999999999999829e+01
1.317385940074920654e+03	2.980000000000000071e+01
1.319848764181137085e+03	2.980000000000000071e+01
1.322311170339584351e+03	2.982999999999999829e+01
1.324773835659027100e+03	2.976000000000000156e+01
1.327235939502716064e+03	2.976000000000000156e+01
1.329699033021926880e+03	2.976000000000000156e+01
1.332161625862121582e+03	2.976000000000000156e+01
1.334623531818389893e+03	2.973000000000000043e+01
1.337087008953094482e+03	2.976000000000000156e+01
1.339548406839370728e+03	2.973000000000000043e+01
1.342011223077774048e+03	2.973000000000000043e+01
1.344474070072174072e+03	2.976000000000000156e+01
1.346937553644180298e+03	2.973000000000000043e+01
1.349398889541625977e+03	2.973000000000000043e+01
1.351861678361892700e+03	2.976000000000000156e+01
1.354324414491653442e+03	2.976000000000000156e+01
1.356786840438842773e+03	2.976000000000000156e+01
1.359249753952026367e+03	2.982999999999999829e+01
1.361712184190750122e+03	2.980000000000000071e+01
1.364174773693084717e+03	2.980000000000000071e+01
1.366637679576873779e+03	2.980000000000000071e+01
1.369100647926330566e+03	2.980000000000000071e+01
1.371562802314758301e+03	2.982999999999999829e+01
1.374024869918823242e+03	2.982999999999999829e+01
1.376488487720489502e+03	2.980000000000000071e+01
1.378950098514556885e+03	2.976000000000000156e+01
1.381413176536560059e+03	2.976000000000000156e+01
1.383875657320022583e+03	2.976000000000000156e+01
1.386338724374771118e+03	2.973000000000000043e+01
1.388800318479537964e+03	2.976000000000000156e+01
1.391263699531555176e+03	2.976000000000000156e+01
1.393726158618927002e+03	2.973000000000000043e+01
1.396188129663467407e+03	2.976000000000000156e+01
1.398651544094085693e+03	2.976000000000000156e+01
1.401113034248352051e+03	2.973000000000000043e+01
1.403575919866561890e+03	2.976000000000000156e+01
1.406038432359695435e+03	2.973000000000000043e+01
1.408501652717590332e+03	2.976000000000000156e+01
1.410964125633239746e+03	2.980000000000000071e+01
1.413427019357681274e+03	2.980000000000000071e+01
1.415888790607452393e+03	2.982999999999999829e+01
1.418352355003356934e+03	2.980000000000000071e+01
1.420814646720886230e+03	2.980000000000000071e+01
1.423276959896087646e+03	2.980000000000000071e+01
1.425739643335342407e+03	2.980000000000000071e+01
1.428202088832855225e+03	2.980000000000000071e+01
1.430664928913116455e+03	2.976000000000000156e+01
1.433127606630325317e+03	2.980000000000000071e+01
1.435589468717575073e+03	2.980000000000000071e+01
1.438052082538604736e+03	2.980000000000000071e+01
1.440514959573745728e+03	2.976000000000000156e+01
1.442977610826492310e+03	2.982999999999999829e+01
1.445440703630447388e+03	2.980000000000000071e+01
1.447903367280960083e+03	2.980000000000000071e+01
1.450364866733551025e+03	2.980000000000000071e+01
1.452828169345855713e+03	2.976000000000000156e+01
1.455291278362274170e+03	2.980000000000000071e+01
1.457753529071807861e+03	2.980000000000000071e+01
1.460215908288955688e+03	2.976000000000000156e+01
1.462677863359451294e+03	2.976000000000000156e+01
1.465140952110290527e+03	2.973000000000000043e+01
1.467604209423065186e+03	2.976000000000000156e+01
1.470066391706466675e+03	2.969999999999999929e+01
1.472528438091278076e+03	2.973000000000000043e+01
1.474991242647171021e+03	2.969999999999999929e+01
