# 20220727
# time			temp			
0.000000000000000000e+00	2.989999999999999858e+01
2.462189912796020508e+00	2.989999999999999858e+01
4.924767732620239258e+00	2.989999999999999858e+01
7.387837409973144531e+00	2.989999999999999858e+01
9.850648403167724609e+00	2.985999999999999943e+01
1.231296014785766602e+01	2.989999999999999858e+01
1.477542328834533691e+01	2.985999999999999943e+01
1.723859167098999023e+01	2.985999999999999943e+01
1.970059585571289062e+01	2.989999999999999858e+01
2.216343188285827637e+01	2.989999999999999858e+01
2.462661504745483398e+01	2.985999999999999943e+01
2.708917260169982910e+01	2.989999999999999858e+01
2.955120897293090820e+01	2.989999999999999858e+01
3.201411676406860352e+01	2.982999999999999829e+01
3.447610425949096680e+01	2.989999999999999858e+01
3.693925714492797852e+01	2.985999999999999943e+01
3.940207242965698242e+01	2.985999999999999943e+01
4.186434984207153320e+01	2.985999999999999943e+01
4.432652950286865234e+01	2.989999999999999858e+01
4.678996086120605469e+01	2.989999999999999858e+01
4.925262355804443359e+01	2.989999999999999858e+01
5.171535205841064453e+01	2.985999999999999943e+01
5.417819404602050781e+01	2.989999999999999858e+01
5.664031815528869629e+01	2.985999999999999943e+01
5.910254788398742676e+01	2.989999999999999858e+01
6.156527972221374512e+01	2.989999999999999858e+01
6.402801537513732910e+01	2.985999999999999943e+01
6.649050402641296387e+01	2.985999999999999943e+01
6.895280385017395020e+01	2.989999999999999858e+01
7.141664814949035645e+01	2.985999999999999943e+01
7.387862944602966309e+01	2.989999999999999858e+01
7.634106683731079102e+01	2.989999999999999858e+01
7.880346083641052246e+01	2.985999999999999943e+01
8.126700901985168457e+01	2.989999999999999858e+01
8.372906374931335449e+01	2.989999999999999858e+01
8.619209694862365723e+01	2.989999999999999858e+01
8.865426254272460938e+01	2.985999999999999943e+01
9.111663508415222168e+01	2.985999999999999943e+01
9.357920980453491211e+01	2.985999999999999943e+01
9.604211354255676270e+01	2.985999999999999943e+01
9.850438427925109863e+01	2.985999999999999943e+01
1.009676017761230469e+02	2.985999999999999943e+01
1.034300301074981689e+02	2.982999999999999829e+01
1.058926506042480469e+02	2.985999999999999943e+01
1.083549153804779053e+02	2.992999999999999972e+01
1.108181486129760742e+02	2.989999999999999858e+01
1.132802605628967285e+02	2.985999999999999943e+01
1.157436530590057373e+02	2.985999999999999943e+01
1.182056169509887695e+02	2.989999999999999858e+01
1.206683800220489502e+02	2.985999999999999943e+01
1.231310729980468750e+02	2.985999999999999943e+01
1.255934615135192871e+02	2.985999999999999943e+01
1.280567667484283447e+02	2.985999999999999943e+01
1.305178754329681396e+02	2.985999999999999943e+01
1.329820885658264160e+02	2.985999999999999943e+01
1.354437661170959473e+02	2.985999999999999943e+01
1.379063687324523926e+02	2.985999999999999943e+01
1.403691835403442383e+02	2.985999999999999943e+01
1.428323063850402832e+02	2.989999999999999858e+01
1.452939643859863281e+02	2.982999999999999829e+01
1.477576997280120850e+02	2.985999999999999943e+01
1.502198638916015625e+02	2.985999999999999943e+01
1.526827023029327393e+02	2.985999999999999943e+01
1.551449892520904541e+02	2.985999999999999943e+01
1.576076521873474121e+02	2.982999999999999829e+01
1.600699470043182373e+02	2.985999999999999943e+01
1.625329806804656982e+02	2.982999999999999829e+01
1.649951121807098389e+02	2.989999999999999858e+01
1.674577915668487549e+02	2.985999999999999943e+01
1.699207067489624023e+02	2.989999999999999858e+01
1.723833985328674316e+02	2.989999999999999858e+01
1.748465480804443359e+02	2.992999999999999972e+01
1.773082168102264404e+02	2.989999999999999858e+01
1.797718424797058105e+02	2.989999999999999858e+01
1.822339782714843750e+02	2.985999999999999943e+01
1.846966400146484375e+02	2.989999999999999858e+01
1.871594188213348389e+02	2.989999999999999858e+01
1.896220030784606934e+02	2.992999999999999972e+01
1.920839986801147461e+02	2.992999999999999972e+01
1.945473775863647461e+02	2.992999999999999972e+01
1.970095987319946289e+02	2.996999999999999886e+01
1.994725906848907471e+02	2.992999999999999972e+01
2.019353787899017334e+02	2.992999999999999972e+01
2.043971905708312988e+02	2.996999999999999886e+01
2.068600630760192871e+02	2.992999999999999972e+01
2.093233263492584229e+02	2.989999999999999858e+01
2.117861444950103760e+02	2.992999999999999972e+01
2.142478203773498535e+02	2.989999999999999858e+01
2.167103471755981445e+02	2.989999999999999858e+01
2.191733076572418213e+02	2.992999999999999972e+01
2.216356925964355469e+02	2.996999999999999886e+01
2.240982947349548340e+02	2.985999999999999943e+01
2.265615680217742920e+02	2.985999999999999943e+01
2.290234904289245605e+02	2.989999999999999858e+01
2.314862041473388672e+02	2.989999999999999858e+01
2.339495358467102051e+02	2.985999999999999943e+01
2.364121034145355225e+02	2.985999999999999943e+01
2.388741116523742676e+02	2.985999999999999943e+01
2.413365468978881836e+02	2.985999999999999943e+01
2.437994978427886963e+02	2.985999999999999943e+01
2.462629201412200928e+02	2.982999999999999829e+01
2.487244820594787598e+02	2.982999999999999829e+01
2.511878151893615723e+02	2.989999999999999858e+01
2.536505217552185059e+02	2.982999999999999829e+01
2.561126697063446045e+02	2.982999999999999829e+01
2.585748021602630615e+02	2.985999999999999943e+01
2.610382940769195557e+02	2.985999999999999943e+01
2.634999442100524902e+02	2.985999999999999943e+01
2.659631257057189941e+02	2.985999999999999943e+01
2.684250729084014893e+02	2.992999999999999972e+01
2.708877129554748535e+02	2.985999999999999943e+01
2.733504185676574707e+02	2.989999999999999858e+01
2.758132572174072266e+02	2.989999999999999858e+01
2.782759385108947754e+02	2.989999999999999858e+01
2.807385618686676025e+02	2.985999999999999943e+01
2.832016441822052002e+02	2.985999999999999943e+01
2.856636166572570801e+02	2.992999999999999972e+01
2.881270856857299805e+02	2.989999999999999858e+01
2.905884349346160889e+02	2.989999999999999858e+01
2.930517971515655518e+02	2.989999999999999858e+01
2.955142209529876709e+02	2.985999999999999943e+01
2.979770514965057373e+02	2.985999999999999943e+01
3.004401032924652100e+02	2.985999999999999943e+01
3.029025743007659912e+02	2.989999999999999858e+01
3.053652229309082031e+02	2.989999999999999858e+01
3.078281180858612061e+02	2.985999999999999943e+01
3.102913484573364258e+02	2.985999999999999943e+01
3.127532176971435547e+02	2.985999999999999943e+01
3.152152206897735596e+02	2.989999999999999858e+01
3.176784074306488037e+02	2.989999999999999858e+01
3.201411497592926025e+02	2.985999999999999943e+01
3.226028714179992676e+02	2.985999999999999943e+01
3.250655665397644043e+02	2.985999999999999943e+01
3.275291655063629150e+02	2.985999999999999943e+01
3.299912314414978027e+02	2.985999999999999943e+01
3.324534955024719238e+02	2.989999999999999858e+01
3.349169950485229492e+02	2.989999999999999858e+01
3.373786871433258057e+02	2.989999999999999858e+01
3.398422379493713379e+02	2.992999999999999972e+01
3.423045563697814941e+02	2.985999999999999943e+01
3.447671234607696533e+02	2.989999999999999858e+01
3.472299628257751465e+02	2.992999999999999972e+01
3.496927950382232666e+02	2.989999999999999858e+01
3.521541862487792969e+02	2.989999999999999858e+01
3.546173410415649414e+02	2.989999999999999858e+01
3.570805819034576416e+02	2.989999999999999858e+01
3.595423233509063721e+02	2.989999999999999858e+01
3.620048677921295166e+02	2.989999999999999858e+01
3.644674172401428223e+02	2.989999999999999858e+01
3.669308328628540039e+02	2.989999999999999858e+01
3.693928313255310059e+02	2.992999999999999972e+01
3.718554077148437500e+02	2.989999999999999858e+01
3.743183913230895996e+02	2.985999999999999943e+01
3.767811312675476074e+02	2.989999999999999858e+01
3.792440724372863770e+02	2.989999999999999858e+01
3.817067534923553467e+02	2.989999999999999858e+01
3.841693129539489746e+02	2.985999999999999943e+01
3.866317250728607178e+02	2.985999999999999943e+01
3.890940239429473877e+02	2.985999999999999943e+01
3.915569934844970703e+02	2.982999999999999829e+01
3.940195682048797607e+02	2.985999999999999943e+01
3.964821968078613281e+02	2.985999999999999943e+01
3.989440391063690186e+02	2.985999999999999943e+01
4.014072163105010986e+02	2.985999999999999943e+01
4.038693833351135254e+02	2.985999999999999943e+01
4.063320982456207275e+02	2.989999999999999858e+01
4.087949206829071045e+02	2.989999999999999858e+01
4.112570672035217285e+02	2.982999999999999829e+01
4.137194285392761230e+02	2.985999999999999943e+01
4.161825318336486816e+02	2.985999999999999943e+01
4.186450908184051514e+02	2.989999999999999858e+01
4.211079344749450684e+02	2.989999999999999858e+01
4.235700879096984863e+02	2.985999999999999943e+01
4.260327024459838867e+02	2.989999999999999858e+01
4.284948558807373047e+02	2.985999999999999943e+01
4.309592537879943848e+02	2.985999999999999943e+01
4.334208960533142090e+02	2.985999999999999943e+01
4.358835849761962891e+02	2.982999999999999829e+01
4.383468222618103027e+02	2.985999999999999943e+01
4.408089981079101562e+02	2.982999999999999829e+01
4.432718064785003662e+02	2.985999999999999943e+01
4.457342097759246826e+02	2.980000000000000071e+01
4.481964864730834961e+02	2.982999999999999829e+01
4.506592950820922852e+02	2.982999999999999829e+01
4.531226880550384521e+02	2.982999999999999829e+01
4.555850586891174316e+02	2.989999999999999858e+01
4.580472164154052734e+02	2.985999999999999943e+01
4.605096116065979004e+02	2.985999999999999943e+01
4.629728713035583496e+02	2.985999999999999943e+01
4.654349319934844971e+02	2.985999999999999943e+01
4.678982136249542236e+02	2.982999999999999829e+01
4.703597886562347412e+02	2.985999999999999943e+01
4.728229339122772217e+02	2.989999999999999858e+01
4.752856295108795166e+02	2.985999999999999943e+01
4.777487304210662842e+02	2.989999999999999858e+01
4.802113387584686279e+02	2.985999999999999943e+01
4.826740593910217285e+02	2.989999999999999858e+01
4.851362903118133545e+02	2.982999999999999829e+01
4.875989487171173096e+02	2.989999999999999858e+01
4.900612072944641113e+02	2.985999999999999943e+01
4.925238537788391113e+02	2.985999999999999943e+01
4.949868860244750977e+02	2.982999999999999829e+01
4.974496891498565674e+02	2.980000000000000071e+01
4.999116497039794922e+02	2.982999999999999829e+01
5.023744602203369141e+02	2.982999999999999829e+01
5.048369057178497314e+02	2.985999999999999943e+01
5.072996401786804199e+02	2.985999999999999943e+01
5.097618789672851562e+02	2.982999999999999829e+01
5.122251372337341309e+02	2.982999999999999829e+01
5.146880068778991699e+02	2.985999999999999943e+01
5.171497311592102051e+02	2.989999999999999858e+01
5.196129710674285889e+02	2.985999999999999943e+01
5.220753457546234131e+02	2.982999999999999829e+01
5.245378148555755615e+02	2.982999999999999829e+01
5.270009016990661621e+02	2.985999999999999943e+01
5.294634823799133301e+02	2.989999999999999858e+01
5.319253344535827637e+02	2.985999999999999943e+01
5.343888626098632812e+02	2.985999999999999943e+01
5.368508007526397705e+02	2.989999999999999858e+01
5.393135683536529541e+02	2.985999999999999943e+01
5.417766375541687012e+02	2.985999999999999943e+01
5.442386159896850586e+02	2.982999999999999829e+01
5.467015845775604248e+02	2.985999999999999943e+01
5.491642587184906006e+02	2.982999999999999829e+01
5.516269779205322266e+02	2.985999999999999943e+01
5.540891866683959961e+02	2.985999999999999943e+01
5.565522935390472412e+02	2.985999999999999943e+01
5.590145416259765625e+02	2.985999999999999943e+01
5.614771196842193604e+02	2.985999999999999943e+01
5.639396953582763672e+02	2.982999999999999829e+01
5.664024918079376221e+02	2.985999999999999943e+01
5.688646726608276367e+02	2.989999999999999858e+01
5.713276634216308594e+02	2.989999999999999858e+01
5.737897059917449951e+02	2.985999999999999943e+01
5.762525486946105957e+02	2.982999999999999829e+01
5.787153329849243164e+02	2.985999999999999943e+01
5.811780579090118408e+02	2.985999999999999943e+01
5.836408936977386475e+02	2.989999999999999858e+01
5.861031491756439209e+02	2.985999999999999943e+01
5.885663022994995117e+02	2.985999999999999943e+01
5.910285675525665283e+02	2.985999999999999943e+01
5.934907596111297607e+02	2.989999999999999858e+01
5.959533541202545166e+02	2.985999999999999943e+01
5.984165482521057129e+02	2.989999999999999858e+01
6.008785700798034668e+02	2.985999999999999943e+01
6.033417911529541016e+02	2.989999999999999858e+01
6.058040881156921387e+02	2.989999999999999858e+01
6.082665622234344482e+02	2.985999999999999943e+01
6.107302796840667725e+02	2.985999999999999943e+01
6.131919603347778320e+02	2.989999999999999858e+01
6.156549472808837891e+02	2.989999999999999858e+01
6.181172637939453125e+02	2.989999999999999858e+01
6.205798728466033936e+02	2.992999999999999972e+01
6.230422964096069336e+02	2.992999999999999972e+01
6.255053339004516602e+02	2.992999999999999972e+01
6.279673888683319092e+02	2.985999999999999943e+01
6.304308228492736816e+02	2.989999999999999858e+01
6.328929154872894287e+02	2.989999999999999858e+01
6.353562009334564209e+02	2.992999999999999972e+01
6.378180727958679199e+02	2.989999999999999858e+01
6.402809169292449951e+02	2.992999999999999972e+01
6.427435104846954346e+02	2.992999999999999972e+01
6.452067427635192871e+02	2.989999999999999858e+01
6.476692171096801758e+02	2.989999999999999858e+01
6.501313407421112061e+02	2.989999999999999858e+01
6.525942234992980957e+02	2.989999999999999858e+01
6.550569834709167480e+02	2.985999999999999943e+01
6.575197789669036865e+02	2.992999999999999972e+01
6.599817438125610352e+02	2.989999999999999858e+01
6.624449207782745361e+02	2.989999999999999858e+01
6.649066231250762939e+02	2.985999999999999943e+01
6.673697800636291504e+02	2.985999999999999943e+01
6.698321335315704346e+02	2.985999999999999943e+01
6.722947087287902832e+02	2.989999999999999858e+01
6.747580809593200684e+02	2.989999999999999858e+01
6.772207031250000000e+02	2.985999999999999943e+01
6.796825561523437500e+02	2.992999999999999972e+01
6.821458532810211182e+02	2.989999999999999858e+01
6.846079046726226807e+02	2.989999999999999858e+01
6.870700514316558838e+02	2.989999999999999858e+01
6.895336976051330566e+02	2.985999999999999943e+01
6.919964351654052734e+02	2.985999999999999943e+01
6.944585402011871338e+02	2.989999999999999858e+01
6.969216074943542480e+02	2.985999999999999943e+01
6.993835241794586182e+02	2.985999999999999943e+01
7.018468375205993652e+02	2.982999999999999829e+01
7.043088622093200684e+02	2.980000000000000071e+01
7.067717077732086182e+02	2.980000000000000071e+01
7.092345101833343506e+02	2.985999999999999943e+01
7.116966860294342041e+02	2.982999999999999829e+01
7.141595721244812012e+02	2.982999999999999829e+01
7.166221935749053955e+02	2.982999999999999829e+01
7.190846240520477295e+02	2.985999999999999943e+01
7.215471646785736084e+02	2.985999999999999943e+01
7.240098335742950439e+02	2.982999999999999829e+01
7.264728851318359375e+02	2.989999999999999858e+01
7.289349539279937744e+02	2.989999999999999858e+01
7.313973286151885986e+02	2.989999999999999858e+01
7.338598134517669678e+02	2.992999999999999972e+01
7.363231661319732666e+02	2.989999999999999858e+01
7.387852935791015625e+02	2.989999999999999858e+01
7.412481601238250732e+02	2.992999999999999972e+01
7.437107553482055664e+02	2.989999999999999858e+01
7.461732237339019775e+02	2.985999999999999943e+01
7.486360590457916260e+02	2.989999999999999858e+01
7.510985414981842041e+02	2.989999999999999858e+01
7.535613870620727539e+02	2.989999999999999858e+01
7.560244033336639404e+02	2.985999999999999943e+01
7.584862077236175537e+02	2.985999999999999943e+01
7.609489250183105469e+02	2.989999999999999858e+01
7.634119265079498291e+02	2.985999999999999943e+01
7.658743026256561279e+02	2.985999999999999943e+01
7.683375902175903320e+02	2.989999999999999858e+01
7.707998938560485840e+02	2.982999999999999829e+01
7.732625944614410400e+02	2.989999999999999858e+01
7.757252497673034668e+02	2.985999999999999943e+01
7.781879832744598389e+02	2.985999999999999943e+01
7.806497941017150879e+02	2.989999999999999858e+01
7.831133279800415039e+02	2.982999999999999829e+01
7.855759451389312744e+02	2.982999999999999829e+01
7.880374803543090820e+02	2.989999999999999858e+01
7.905005698204040527e+02	2.985999999999999943e+01
7.929635717868804932e+02	2.985999999999999943e+01
7.954264304637908936e+02	2.989999999999999858e+01
7.978887569904327393e+02	2.989999999999999858e+01
8.003510007858276367e+02	2.989999999999999858e+01
8.028143508434295654e+02	2.989999999999999858e+01
8.052768480777740479e+02	2.989999999999999858e+01
8.077394332885742188e+02	2.989999999999999858e+01
8.102012472152709961e+02	2.985999999999999943e+01
8.126643223762512207e+02	2.989999999999999858e+01
8.151272559165954590e+02	2.989999999999999858e+01
8.175896756649017334e+02	2.989999999999999858e+01
8.200509529113769531e+02	2.985999999999999943e+01
8.225147597789764404e+02	2.985999999999999943e+01
8.249771018028259277e+02	2.992999999999999972e+01
8.274403450489044189e+02	2.989999999999999858e+01
8.299022645950317383e+02	2.989999999999999858e+01
8.323650610446929932e+02	2.989999999999999858e+01
8.348283896446228027e+02	2.989999999999999858e+01
8.372905440330505371e+02	2.989999999999999858e+01
8.397529661655426025e+02	2.985999999999999943e+01
8.422155797481536865e+02	2.989999999999999858e+01
8.446779882907867432e+02	2.985999999999999943e+01
8.471404120922088623e+02	2.985999999999999943e+01
8.496028687953948975e+02	2.985999999999999943e+01
8.520664024353027344e+02	2.989999999999999858e+01
8.545290937423706055e+02	2.985999999999999943e+01
8.569916403293609619e+02	2.985999999999999943e+01
8.594531970024108887e+02	2.985999999999999943e+01
8.619170243740081787e+02	2.989999999999999858e+01
8.643789548873901367e+02	2.985999999999999943e+01
8.668415856361389160e+02	2.985999999999999943e+01
8.693042991161346436e+02	2.985999999999999943e+01
8.717670238018035889e+02	2.982999999999999829e+01
8.742296037673950195e+02	2.982999999999999829e+01
8.766921949386596680e+02	2.980000000000000071e+01
8.791551501750946045e+02	2.985999999999999943e+01
8.816178219318389893e+02	2.989999999999999858e+01
8.840803358554840088e+02	2.989999999999999858e+01
8.865428390502929688e+02	2.989999999999999858e+01
8.890049817562103271e+02	2.989999999999999858e+01
8.914673097133636475e+02	2.989999999999999858e+01
8.939305746555328369e+02	2.989999999999999858e+01
8.963934450149536133e+02	2.989999999999999858e+01
8.988555083274841309e+02	2.985999999999999943e+01
9.013189914226531982e+02	2.985999999999999943e+01
9.037814497947692871e+02	2.985999999999999943e+01
9.062434926033020020e+02	2.985999999999999943e+01
9.087065382003784180e+02	2.982999999999999829e+01
9.111679687500000000e+02	2.989999999999999858e+01
9.136317603588104248e+02	2.989999999999999858e+01
9.160943777561187744e+02	2.989999999999999858e+01
9.185571947097778320e+02	2.989999999999999858e+01
9.210188274383544922e+02	2.985999999999999943e+01
9.234823803901672363e+02	2.989999999999999858e+01
9.259448068141937256e+02	2.992999999999999972e+01
9.284078006744384766e+02	2.985999999999999943e+01
9.308697190284729004e+02	2.985999999999999943e+01
9.333319683074951172e+02	2.985999999999999943e+01
9.357955539226531982e+02	2.989999999999999858e+01
9.382573382854461670e+02	2.989999999999999858e+01
9.407207663059234619e+02	2.985999999999999943e+01
9.431825909614562988e+02	2.985999999999999943e+01
9.456456580162048340e+02	2.989999999999999858e+01
9.481080057621002197e+02	2.985999999999999943e+01
9.505705258846282959e+02	2.985999999999999943e+01
9.530337026119232178e+02	2.985999999999999943e+01
9.554962906837463379e+02	2.985999999999999943e+01
9.579580273628234863e+02	2.985999999999999943e+01
9.604206876754760742e+02	2.985999999999999943e+01
9.628836684226989746e+02	2.985999999999999943e+01
9.653468463420867920e+02	2.985999999999999943e+01
9.678092658519744873e+02	2.985999999999999943e+01
9.702713160514831543e+02	2.985999999999999943e+01
9.727341032028198242e+02	2.985999999999999943e+01
9.751974177360534668e+02	2.982999999999999829e+01
9.776597456932067871e+02	2.985999999999999943e+01
9.801227138042449951e+02	2.985999999999999943e+01
9.825852782726287842e+02	2.985999999999999943e+01
9.850474307537078857e+02	2.985999999999999943e+01
9.875102107524871826e+02	2.989999999999999858e+01
9.899731872081756592e+02	2.985999999999999943e+01
9.924355528354644775e+02	2.985999999999999943e+01
9.948974657058715820e+02	2.989999999999999858e+01
9.973605170249938965e+02	2.989999999999999858e+01
9.998228137493133545e+02	2.989999999999999858e+01
1.002286274433135986e+03	2.989999999999999858e+01
1.004748011112213135e+03	2.992999999999999972e+01
1.007211202383041382e+03	2.989999999999999858e+01
1.009674059152603149e+03	2.989999999999999858e+01
1.012136705160140991e+03	2.989999999999999858e+01
1.014598863840103149e+03	2.985999999999999943e+01
1.017061726808547974e+03	2.989999999999999858e+01
1.019524399757385254e+03	2.985999999999999943e+01
1.021986518621444702e+03	2.989999999999999858e+01
1.024449095964431763e+03	2.985999999999999943e+01
1.026911992311477661e+03	2.985999999999999943e+01
1.029375119447708130e+03	2.985999999999999943e+01
1.031836644172668457e+03	2.985999999999999943e+01
1.034300583839416504e+03	2.989999999999999858e+01
1.036763077020645142e+03	2.985999999999999943e+01
1.039224387407302856e+03	2.985999999999999943e+01
1.041688149213790894e+03	2.985999999999999943e+01
1.044150479316711426e+03	2.982999999999999829e+01
1.046613337755203247e+03	2.982999999999999829e+01
1.049075487136840820e+03	2.982999999999999829e+01
1.051538004875183105e+03	2.985999999999999943e+01
1.054000587940216064e+03	2.985999999999999943e+01
1.056463032007217407e+03	2.982999999999999829e+01
1.058926527261734009e+03	2.982999999999999829e+01
1.061388804674148560e+03	2.982999999999999829e+01
1.063850795269012451e+03	2.985999999999999943e+01
1.066313830375671387e+03	2.985999999999999943e+01
1.068776630401611328e+03	2.982999999999999829e+01
1.071238265752792358e+03	2.985999999999999943e+01
1.073701995849609375e+03	2.985999999999999943e+01
1.076164509773254395e+03	2.989999999999999858e+01
1.078626924514770508e+03	2.989999999999999858e+01
1.081089801073074341e+03	2.989999999999999858e+01
1.083552203416824341e+03	2.992999999999999972e+01
1.086015460252761841e+03	2.989999999999999858e+01
1.088477834463119507e+03	2.989999999999999858e+01
1.090940065860748291e+03	2.992999999999999972e+01
1.093403394460678101e+03	2.985999999999999943e+01
1.095865052223205566e+03	2.985999999999999943e+01
1.098328251361846924e+03	2.989999999999999858e+01
1.100791023731231689e+03	2.985999999999999943e+01
1.103253005266189575e+03	2.985999999999999943e+01
1.105715539932250977e+03	2.985999999999999943e+01
1.108178395271301270e+03	2.989999999999999858e+01
1.110641207933425903e+03	2.989999999999999858e+01
1.113102999925613403e+03	2.985999999999999943e+01
1.115566018104553223e+03	2.982999999999999829e+01
1.118028885602951050e+03	2.985999999999999943e+01
1.120491698503494263e+03	2.985999999999999943e+01
1.122953727960586548e+03	2.982999999999999829e+01
1.125416958808898926e+03	2.985999999999999943e+01
1.127879250049591064e+03	2.985999999999999943e+01
1.130341757297515869e+03	2.982999999999999829e+01
1.132803707122802734e+03	2.989999999999999858e+01
1.135267072677612305e+03	2.982999999999999829e+01
1.137729581594467163e+03	2.985999999999999943e+01
1.140191980361938477e+03	2.985999999999999943e+01
1.142655303239822388e+03	2.985999999999999943e+01
1.145117410898208618e+03	2.989999999999999858e+01
1.147579791545867920e+03	2.982999999999999829e+01
1.150042621374130249e+03	2.985999999999999943e+01
1.152504873037338257e+03	2.985999999999999943e+01
1.154967980384826660e+03	2.985999999999999943e+01
1.157430703163146973e+03	2.985999999999999943e+01
1.159893580675125122e+03	2.989999999999999858e+01
1.162355551719665527e+03	2.985999999999999943e+01
1.164818559646606445e+03	2.982999999999999829e+01
1.167281610727310181e+03	2.989999999999999858e+01
1.169743647336959839e+03	2.985999999999999943e+01
1.172205794334411621e+03	2.985999999999999943e+01
1.174668993949890137e+03	2.989999999999999858e+01
1.177131917238235474e+03	2.985999999999999943e+01
1.179594879150390625e+03	2.985999999999999943e+01
1.182056466102600098e+03	2.985999999999999943e+01
1.184519929170608521e+03	2.985999999999999943e+01
1.186981706857681274e+03	2.989999999999999858e+01
1.189445055723190308e+03	2.989999999999999858e+01
1.191907714128494263e+03	2.989999999999999858e+01
1.194369547128677368e+03	2.985999999999999943e+01
1.196831961870193481e+03	2.985999999999999943e+01
1.199294951438903809e+03	2.985999999999999943e+01
1.201757169246673584e+03	2.985999999999999943e+01
1.204219817876815796e+03	2.985999999999999943e+01
1.206683116912841797e+03	2.985999999999999943e+01
1.209145826816558838e+03	2.985999999999999943e+01
1.211608865737915039e+03	2.985999999999999943e+01
1.214070846080780029e+03	2.982999999999999829e+01
1.216533711671829224e+03	2.982999999999999829e+01
1.218995545864105225e+03	2.985999999999999943e+01
1.221458367824554443e+03	2.985999999999999943e+01
1.223921715259552002e+03	2.985999999999999943e+01
1.226383699178695679e+03	2.982999999999999829e+01
1.228846775054931641e+03	2.982999999999999829e+01
1.231309020996093750e+03	2.982999999999999829e+01
1.233771245718002319e+03	2.989999999999999858e+01
1.236234887123107910e+03	2.982999999999999829e+01
1.238697443962097168e+03	2.989999999999999858e+01
1.241159631490707397e+03	2.985999999999999943e+01
1.243621456384658813e+03	2.989999999999999858e+01
1.246084912300109863e+03	2.989999999999999858e+01
1.248547450780868530e+03	2.989999999999999858e+01
1.251010546922683716e+03	2.989999999999999858e+01
1.253473100662231445e+03	2.989999999999999858e+01
1.255935270071029663e+03	2.985999999999999943e+01
1.258397555589675903e+03	2.989999999999999858e+01
1.260859865665435791e+03	2.992999999999999972e+01
1.263323007583618164e+03	2.985999999999999943e+01
1.265785646438598633e+03	2.989999999999999858e+01
1.268247937440872192e+03	2.989999999999999858e+01
1.270710593461990356e+03	2.989999999999999858e+01
1.273173607826232910e+03	2.985999999999999943e+01
1.275636891841888428e+03	2.989999999999999858e+01
1.278098745822906494e+03	2.989999999999999858e+01
1.280561682462692261e+03	2.989999999999999858e+01
1.283024525880813599e+03	2.989999999999999858e+01
1.285486593008041382e+03	2.985999999999999943e+01
1.287949566364288330e+03	2.989999999999999858e+01
1.290411674022674561e+03	2.989999999999999858e+01
1.292874727010726929e+03	2.985999999999999943e+01
1.295337478637695312e+03	2.985999999999999943e+01
1.297799970149993896e+03	2.982999999999999829e+01
1.300262796878814697e+03	2.982999999999999829e+01
1.302724816322326660e+03	2.985999999999999943e+01
1.305187518835067749e+03	2.989999999999999858e+01
1.307650556564331055e+03	2.985999999999999943e+01
1.310113629579544067e+03	2.982999999999999829e+01
1.312575876712799072e+03	2.985999999999999943e+01
1.315038737535476685e+03	2.982999999999999829e+01
1.317501477479934692e+03	2.985999999999999943e+01
1.319963574171066284e+03	2.982999999999999829e+01
1.322426014661788940e+03	2.985999999999999943e+01
1.324888184309005737e+03	2.985999999999999943e+01
1.327351402521133423e+03	2.989999999999999858e+01
1.329813744068145752e+03	2.982999999999999829e+01
1.332276131391525269e+03	2.989999999999999858e+01
1.334739599227905273e+03	2.985999999999999943e+01
1.337201625585556030e+03	2.985999999999999943e+01
1.339664851427078247e+03	2.989999999999999858e+01
1.342126885890960693e+03	2.985999999999999943e+01
1.344589567899703979e+03	2.985999999999999943e+01
1.347052553415298462e+03	2.989999999999999858e+01
1.349514613866806030e+03	2.985999999999999943e+01
1.351977735042572021e+03	2.989999999999999858e+01
1.354439823865890503e+03	2.992999999999999972e+01
1.356902510166168213e+03	2.989999999999999858e+01
1.359365594625473022e+03	2.989999999999999858e+01
1.361827640771865845e+03	2.985999999999999943e+01
1.364290176630020142e+03	2.989999999999999858e+01
1.366753113746643066e+03	2.982999999999999829e+01
1.369215978145599365e+03	2.989999999999999858e+01
1.371678100824356079e+03	2.985999999999999943e+01
1.374141031742095947e+03	2.985999999999999943e+01
1.376603444099426270e+03	2.985999999999999943e+01
1.379065654993057251e+03	2.985999999999999943e+01
1.381528477668762207e+03	2.985999999999999943e+01
1.383991600513458252e+03	2.985999999999999943e+01
1.386453731060028076e+03	2.982999999999999829e+01
1.388916599035263062e+03	2.985999999999999943e+01
1.391378739356994629e+03	2.982999999999999829e+01
1.393841756582260132e+03	2.982999999999999829e+01
1.396304833173751831e+03	2.980000000000000071e+01
1.398767482280731201e+03	2.980000000000000071e+01
1.401229446887969971e+03	2.980000000000000071e+01
1.403692472696304321e+03	2.980000000000000071e+01
1.406155296564102173e+03	2.982999999999999829e+01
1.408616859674453735e+03	2.980000000000000071e+01
1.411080226898193359e+03	2.982999999999999829e+01
1.413542550802230835e+03	2.985999999999999943e+01
1.416005552291870117e+03	2.982999999999999829e+01
1.418467874050140381e+03	2.985999999999999943e+01
1.420930474519729614e+03	2.985999999999999943e+01
1.423393387079238892e+03	2.989999999999999858e+01
1.425855622291564941e+03	2.989999999999999858e+01
1.428317809820175171e+03	2.992999999999999972e+01
1.430780594348907471e+03	2.989999999999999858e+01
1.433243535518646240e+03	2.989999999999999858e+01
1.435706821918487549e+03	2.989999999999999858e+01
1.438168789148330688e+03	2.992999999999999972e+01
1.440631027936935425e+03	2.992999999999999972e+01
1.443094452142715454e+03	2.992999999999999972e+01
1.445556888580322266e+03	2.989999999999999858e+01
1.448019463300704956e+03	2.996999999999999886e+01
1.450481567382812500e+03	2.989999999999999858e+01
1.452944002628326416e+03	2.996999999999999886e+01
1.455407295465469360e+03	2.989999999999999858e+01
1.457870215892791748e+03	2.992999999999999972e+01
1.460332942247390747e+03	2.989999999999999858e+01
1.462794854879379272e+03	2.989999999999999858e+01
1.465256983280181885e+03	2.992999999999999972e+01
1.467720591783523560e+03	2.992999999999999972e+01
1.470183199644088745e+03	2.992999999999999972e+01
1.472646210193634033e+03	2.992999999999999972e+01
1.475108662128448486e+03	2.992999999999999972e+01
