# 20220728
# time			temp			
0.000000000000000000e+00	2.953000000000000114e+01
2.462786674499511719e+00	2.953000000000000114e+01
4.925146579742431641e+00	2.955999999999999872e+01
7.341770410537719727e+00	2.955999999999999872e+01
9.758932113647460938e+00	2.955999999999999872e+01
1.222086095809936523e+01	2.955999999999999872e+01
1.468309164047241211e+01	2.958999999999999986e+01
1.714569473266601562e+01	2.955999999999999872e+01
1.960898566246032715e+01	2.955999999999999872e+01
2.207181262969970703e+01	2.953000000000000114e+01
2.453360772132873535e+01	2.955999999999999872e+01
2.699644207954406738e+01	2.955999999999999872e+01
2.945847105979919434e+01	2.955999999999999872e+01
3.192122006416320801e+01	2.953000000000000114e+01
3.438343620300292969e+01	2.955999999999999872e+01
3.684729862213134766e+01	2.955999999999999872e+01
3.930928945541381836e+01	2.955999999999999872e+01
4.177195334434509277e+01	2.955999999999999872e+01
4.423428845405578613e+01	2.955999999999999872e+01
4.669664549827575684e+01	2.953000000000000114e+01
4.915980648994445801e+01	2.953000000000000114e+01
5.162206125259399414e+01	2.955999999999999872e+01
5.408513069152832031e+01	2.955999999999999872e+01
5.654811048507690430e+01	2.955999999999999872e+01
5.900987410545349121e+01	2.955999999999999872e+01
6.147246146202087402e+01	2.955999999999999872e+01
6.393586564064025879e+01	2.953000000000000114e+01
6.639800095558166504e+01	2.955999999999999872e+01
6.886078119277954102e+01	2.953000000000000114e+01
7.132272577285766602e+01	2.953000000000000114e+01
7.378595018386840820e+01	2.955999999999999872e+01
7.624872183799743652e+01	2.953000000000000114e+01
7.871162867546081543e+01	2.953000000000000114e+01
8.117403268814086914e+01	2.955999999999999872e+01
8.363579344749450684e+01	2.948999999999999844e+01
8.609908604621887207e+01	2.953000000000000114e+01
8.856176996231079102e+01	2.953000000000000114e+01
9.102350687980651855e+01	2.953000000000000114e+01
9.348657560348510742e+01	2.955999999999999872e+01
9.594940185546875000e+01	2.955999999999999872e+01
9.841189312934875488e+01	2.948999999999999844e+01
1.008747732639312744e+02	2.953000000000000114e+01
1.033366808891296387e+02	2.953000000000000114e+01
1.057992565631866455e+02	2.958999999999999986e+01
1.082623581886291504e+02	2.955999999999999872e+01
1.107239699363708496e+02	2.955999999999999872e+01
1.131877260208129883e+02	2.953000000000000114e+01
1.156496469974517822e+02	2.953000000000000114e+01
1.181129608154296875e+02	2.955999999999999872e+01
1.205755779743194580e+02	2.953000000000000114e+01
1.230377101898193359e+02	2.955999999999999872e+01
1.255004830360412598e+02	2.953000000000000114e+01
1.279618220329284668e+02	2.955999999999999872e+01
1.304255347251892090e+02	2.955999999999999872e+01
1.328878457546234131e+02	2.955999999999999872e+01
1.353506176471710205e+02	2.953000000000000114e+01
1.378127644062042236e+02	2.955999999999999872e+01
1.402761936187744141e+02	2.953000000000000114e+01
1.427389357089996338e+02	2.955999999999999872e+01
1.452013652324676514e+02	2.955999999999999872e+01
1.476639354228973389e+02	2.955999999999999872e+01
1.501266131401062012e+02	2.955999999999999872e+01
1.525889945030212402e+02	2.958999999999999986e+01
1.550510330200195312e+02	2.953000000000000114e+01
1.575146658420562744e+02	2.953000000000000114e+01
1.599770445823669434e+02	2.953000000000000114e+01
1.624390592575073242e+02	2.953000000000000114e+01
1.649016892910003662e+02	2.955999999999999872e+01
1.673641784191131592e+02	2.953000000000000114e+01
1.698269433975219727e+02	2.955999999999999872e+01
1.722898409366607666e+02	2.953000000000000114e+01
1.747515947818756104e+02	2.953000000000000114e+01
1.772148759365081787e+02	2.953000000000000114e+01
1.796780843734741211e+02	2.948999999999999844e+01
1.821402671337127686e+02	2.955999999999999872e+01
1.846030194759368896e+02	2.948999999999999844e+01
1.870655770301818848e+02	2.953000000000000114e+01
1.895279610157012939e+02	2.953000000000000114e+01
1.919902060031890869e+02	2.953000000000000114e+01
1.944525966644287109e+02	2.953000000000000114e+01
1.969145748615264893e+02	2.953000000000000114e+01
1.993778250217437744e+02	2.948999999999999844e+01
2.018408141136169434e+02	2.953000000000000114e+01
2.043034162521362305e+02	2.948999999999999844e+01
2.067653713226318359e+02	2.955999999999999872e+01
2.092289397716522217e+02	2.953000000000000114e+01
2.116914920806884766e+02	2.953000000000000114e+01
2.141537270545959473e+02	2.953000000000000114e+01
2.166163198947906494e+02	2.953000000000000114e+01
2.190787320137023926e+02	2.955999999999999872e+01
2.215413115024566650e+02	2.955999999999999872e+01
2.240046458244323730e+02	2.955999999999999872e+01
2.264660699367523193e+02	2.955999999999999872e+01
2.289296393394470215e+02	2.958999999999999986e+01
2.313916480541229248e+02	2.958999999999999986e+01
2.338547580242156982e+02	2.958999999999999986e+01
2.363172841072082520e+02	2.955999999999999872e+01
2.387799291610717773e+02	2.958999999999999986e+01
2.412421972751617432e+02	2.958999999999999986e+01
2.437053015232086182e+02	2.962999999999999901e+01
2.461679053306579590e+02	2.958999999999999986e+01
2.486305828094482422e+02	2.962999999999999901e+01
2.510930392742156982e+02	2.962999999999999901e+01
2.535553815364837646e+02	2.958999999999999986e+01
2.560181128978729248e+02	2.955999999999999872e+01
2.584810431003570557e+02	2.958999999999999986e+01
2.609430828094482422e+02	2.953000000000000114e+01
2.634065060615539551e+02	2.958999999999999986e+01
2.658686897754669189e+02	2.958999999999999986e+01
2.683309469223022461e+02	2.958999999999999986e+01
2.707933528423309326e+02	2.955999999999999872e+01
2.732561128139495850e+02	2.958999999999999986e+01
2.757192270755767822e+02	2.962999999999999901e+01
2.781818933486938477e+02	2.962999999999999901e+01
2.806446073055267334e+02	2.958999999999999986e+01
2.831067216396331787e+02	2.962999999999999901e+01
2.855695350170135498e+02	2.958999999999999986e+01
2.880318236351013184e+02	2.958999999999999986e+01
2.904948127269744873e+02	2.962999999999999901e+01
2.929569795131683350e+02	2.955999999999999872e+01
2.954194855690002441e+02	2.962999999999999901e+01
2.978827595710754395e+02	2.958999999999999986e+01
3.003452491760253906e+02	2.958999999999999986e+01
3.028080601692199707e+02	2.955999999999999872e+01
3.052704169750213623e+02	2.955999999999999872e+01
3.077321083545684814e+02	2.958999999999999986e+01
3.101952924728393555e+02	2.958999999999999986e+01
3.126577842235565186e+02	2.958999999999999986e+01
3.151200506687164307e+02	2.958999999999999986e+01
3.175828177928924561e+02	2.962999999999999901e+01
3.200449674129486084e+02	2.958999999999999986e+01
3.225087523460388184e+02	2.958999999999999986e+01
3.249711422920227051e+02	2.958999999999999986e+01
3.274335441589355469e+02	2.958999999999999986e+01
3.298962664604187012e+02	2.958999999999999986e+01
3.323587434291839600e+02	2.962999999999999901e+01
3.348211736679077148e+02	2.966000000000000014e+01
3.372833571434020996e+02	2.962999999999999901e+01
3.397468314170837402e+02	2.962999999999999901e+01
3.422087988853454590e+02	2.958999999999999986e+01
3.446714334487915039e+02	2.958999999999999986e+01
3.471339890956878662e+02	2.958999999999999986e+01
3.495967242717742920e+02	2.958999999999999986e+01
3.520591590404510498e+02	2.958999999999999986e+01
3.545217425823211670e+02	2.958999999999999986e+01
3.569839243888854980e+02	2.958999999999999986e+01
3.594473438262939453e+02	2.955999999999999872e+01
3.619100244045257568e+02	2.958999999999999986e+01
3.643721117973327637e+02	2.955999999999999872e+01
3.668348112106323242e+02	2.958999999999999986e+01
3.692979004383087158e+02	2.958999999999999986e+01
3.717601168155670166e+02	2.958999999999999986e+01
3.742227237224578857e+02	2.958999999999999986e+01
3.766849672794342041e+02	2.958999999999999986e+01
3.791475498676300049e+02	2.958999999999999986e+01
3.816108262538909912e+02	2.958999999999999986e+01
3.840735654830932617e+02	2.958999999999999986e+01
3.865360274314880371e+02	2.953000000000000114e+01
3.889989590644836426e+02	2.958999999999999986e+01
3.914616186618804932e+02	2.955999999999999872e+01
3.939244341850280762e+02	2.955999999999999872e+01
3.963868458271026611e+02	2.958999999999999986e+01
3.988489243984222412e+02	2.955999999999999872e+01
4.013117520809173584e+02	2.962999999999999901e+01
4.037739636898040771e+02	2.955999999999999872e+01
4.062369961738586426e+02	2.958999999999999986e+01
4.086997580528259277e+02	2.955999999999999872e+01
4.111618828773498535e+02	2.962999999999999901e+01
4.136248159408569336e+02	2.958999999999999986e+01
4.160876207351684570e+02	2.955999999999999872e+01
4.185499422550201416e+02	2.955999999999999872e+01
4.210125741958618164e+02	2.955999999999999872e+01
4.234747676849365234e+02	2.958999999999999986e+01
4.259380748271942139e+02	2.955999999999999872e+01
4.284004812240600586e+02	2.958999999999999986e+01
4.308627877235412598e+02	2.958999999999999986e+01
4.333260538578033447e+02	2.955999999999999872e+01
4.357879364490509033e+02	2.958999999999999986e+01
4.382503757476806641e+02	2.958999999999999986e+01
4.407132177352905273e+02	2.962999999999999901e+01
4.431764841079711914e+02	2.958999999999999986e+01
4.456390063762664795e+02	2.958999999999999986e+01
4.481013422012329102e+02	2.962999999999999901e+01
4.505632219314575195e+02	2.958999999999999986e+01
4.530260651111602783e+02	2.962999999999999901e+01
4.554896168708801270e+02	2.962999999999999901e+01
4.579515810012817383e+02	2.958999999999999986e+01
4.604146425724029541e+02	2.962999999999999901e+01
4.628762280941009521e+02	2.958999999999999986e+01
4.653398714065551758e+02	2.962999999999999901e+01
4.678022530078887939e+02	2.962999999999999901e+01
4.702640647888183594e+02	2.962999999999999901e+01
4.727268688678741455e+02	2.958999999999999986e+01
4.751898915767669678e+02	2.962999999999999901e+01
4.776524574756622314e+02	2.962999999999999901e+01
4.801150820255279541e+02	2.962999999999999901e+01
4.825775108337402344e+02	2.962999999999999901e+01
4.850404839515686035e+02	2.962999999999999901e+01
4.875020172595977783e+02	2.962999999999999901e+01
4.899652078151702881e+02	2.966000000000000014e+01
4.924280247688293457e+02	2.962999999999999901e+01
4.948906271457672119e+02	2.962999999999999901e+01
4.973533065319061279e+02	2.962999999999999901e+01
4.998154144287109375e+02	2.958999999999999986e+01
5.022783436775207520e+02	2.962999999999999901e+01
5.047411253452301025e+02	2.962999999999999901e+01
5.072026798725128174e+02	2.962999999999999901e+01
5.096659314632415771e+02	2.962999999999999901e+01
5.121287012100219727e+02	2.958999999999999986e+01
5.145909979343414307e+02	2.962999999999999901e+01
5.170535609722137451e+02	2.958999999999999986e+01
5.195165517330169678e+02	2.958999999999999986e+01
5.219793953895568848e+02	2.962999999999999901e+01
5.244409687519073486e+02	2.958999999999999986e+01
5.269047286510467529e+02	2.958999999999999986e+01
5.293668200969696045e+02	2.958999999999999986e+01
5.318299446105957031e+02	2.962999999999999901e+01
5.342914354801177979e+02	2.958999999999999986e+01
5.367544634342193604e+02	2.958999999999999986e+01
5.392167930603027344e+02	2.958999999999999986e+01
5.416794555187225342e+02	2.958999999999999986e+01
5.441428201198577881e+02	2.958999999999999986e+01
5.466053822040557861e+02	2.962999999999999901e+01
5.490678503513336182e+02	2.958999999999999986e+01
5.515299668312072754e+02	2.962999999999999901e+01
5.539932425022125244e+02	2.958999999999999986e+01
5.564559819698333740e+02	2.958999999999999986e+01
5.589182615280151367e+02	2.962999999999999901e+01
5.613811507225036621e+02	2.962999999999999901e+01
5.638431627750396729e+02	2.966000000000000014e+01
5.663059144020080566e+02	2.962999999999999901e+01
5.687689051628112793e+02	2.962999999999999901e+01
5.712307186126708984e+02	2.958999999999999986e+01
5.736938350200653076e+02	2.962999999999999901e+01
5.761567003726959229e+02	2.966000000000000014e+01
5.786186921596527100e+02	2.966000000000000014e+01
5.810809676647186279e+02	2.962999999999999901e+01
5.835436286926269531e+02	2.962999999999999901e+01
5.860068733692169189e+02	2.962999999999999901e+01
5.884697873592376709e+02	2.962999999999999901e+01
5.909316430091857910e+02	2.958999999999999986e+01
5.933948297500610352e+02	2.962999999999999901e+01
5.958568475246429443e+02	2.962999999999999901e+01
5.983200705051422119e+02	2.958999999999999986e+01
6.007822730541229248e+02	2.962999999999999901e+01
6.032445251941680908e+02	2.955999999999999872e+01
6.057081491947174072e+02	2.958999999999999986e+01
6.081705493927001953e+02	2.958999999999999986e+01
6.106330881118774414e+02	2.958999999999999986e+01
6.130951428413391113e+02	2.955999999999999872e+01
6.155581729412078857e+02	2.955999999999999872e+01
6.180203437805175781e+02	2.955999999999999872e+01
6.204832420349121094e+02	2.958999999999999986e+01
6.229460482597351074e+02	2.955999999999999872e+01
6.254084634780883789e+02	2.958999999999999986e+01
6.278705246448516846e+02	2.955999999999999872e+01
6.303339660167694092e+02	2.955999999999999872e+01
6.327959947586059570e+02	2.955999999999999872e+01
6.352584874629974365e+02	2.955999999999999872e+01
6.377218651771545410e+02	2.958999999999999986e+01
6.401840229034423828e+02	2.958999999999999986e+01
6.426469199657440186e+02	2.955999999999999872e+01
6.451093521118164062e+02	2.958999999999999986e+01
6.475719335079193115e+02	2.955999999999999872e+01
6.500345914363861084e+02	2.955999999999999872e+01
6.524972052574157715e+02	2.958999999999999986e+01
6.549599959850311279e+02	2.955999999999999872e+01
6.574221985340118408e+02	2.955999999999999872e+01
6.598851823806762695e+02	2.955999999999999872e+01
6.623478360176086426e+02	2.955999999999999872e+01
6.648098008632659912e+02	2.958999999999999986e+01
6.672717096805572510e+02	2.958999999999999986e+01
6.697348649501800537e+02	2.958999999999999986e+01
6.721982197761535645e+02	2.955999999999999872e+01
6.746602740287780762e+02	2.962999999999999901e+01
6.771222708225250244e+02	2.955999999999999872e+01
6.795858547687530518e+02	2.958999999999999986e+01
6.820488374233245850e+02	2.958999999999999986e+01
6.845111236572265625e+02	2.958999999999999986e+01
6.869735479354858398e+02	2.958999999999999986e+01
6.894357366561889648e+02	2.955999999999999872e+01
6.918986041545867920e+02	2.958999999999999986e+01
6.943609225749969482e+02	2.958999999999999986e+01
6.968242540359497070e+02	2.955999999999999872e+01
6.992869391441345215e+02	2.958999999999999986e+01
7.017487556934356689e+02	2.962999999999999901e+01
7.042115738391876221e+02	2.958999999999999986e+01
7.066748588085174561e+02	2.958999999999999986e+01
7.091371114253997803e+02	2.955999999999999872e+01
7.115996844768524170e+02	2.955999999999999872e+01
7.140619943141937256e+02	2.955999999999999872e+01
7.165247087478637695e+02	2.962999999999999901e+01
7.189874882698059082e+02	2.958999999999999986e+01
7.214500491619110107e+02	2.962999999999999901e+01
7.239128501415252686e+02	2.958999999999999986e+01
7.263749315738677979e+02	2.966000000000000014e+01
7.288379356861114502e+02	2.962999999999999901e+01
7.312999031543731689e+02	2.962999999999999901e+01
7.337630760669708252e+02	2.962999999999999901e+01
7.362251863479614258e+02	2.962999999999999901e+01
7.386884548664093018e+02	2.962999999999999901e+01
7.411509644985198975e+02	2.966000000000000014e+01
7.436127018928527832e+02	2.962999999999999901e+01
7.460760159492492676e+02	2.962999999999999901e+01
7.485389847755432129e+02	2.962999999999999901e+01
7.510015993118286133e+02	2.962999999999999901e+01
7.534637751579284668e+02	2.966000000000000014e+01
7.559260218143463135e+02	2.969999999999999929e+01
7.583889820575714111e+02	2.962999999999999901e+01
7.608517458438873291e+02	2.969999999999999929e+01
7.633140385150909424e+02	2.962999999999999901e+01
7.657768533229827881e+02	2.966000000000000014e+01
7.682392272949218750e+02	2.966000000000000014e+01
7.707013001441955566e+02	2.966000000000000014e+01
7.731646094322204590e+02	2.966000000000000014e+01
7.756270463466644287e+02	2.962999999999999901e+01
7.780890786647796631e+02	2.962999999999999901e+01
7.805519948005676270e+02	2.962999999999999901e+01
7.830146067142486572e+02	2.962999999999999901e+01
7.854767162799835205e+02	2.966000000000000014e+01
7.879398610591888428e+02	2.962999999999999901e+01
7.904027473926544189e+02	2.958999999999999986e+01
7.928647475242614746e+02	2.966000000000000014e+01
7.953279430866241455e+02	2.958999999999999986e+01
7.977909150123596191e+02	2.962999999999999901e+01
8.002531695365905762e+02	2.958999999999999986e+01
8.027157952785491943e+02	2.962999999999999901e+01
8.051787085533142090e+02	2.962999999999999901e+01
8.076408648490905762e+02	2.962999999999999901e+01
8.101038479804992676e+02	2.962999999999999901e+01
8.125658073425292969e+02	2.966000000000000014e+01
8.150286166667938232e+02	2.966000000000000014e+01
8.174907517433166504e+02	2.966000000000000014e+01
8.199538903236389160e+02	2.966000000000000014e+01
8.224169654846191406e+02	2.962999999999999901e+01
8.248788526058197021e+02	2.962999999999999901e+01
8.273412084579467773e+02	2.962999999999999901e+01
8.298045938014984131e+02	2.962999999999999901e+01
8.322667779922485352e+02	2.962999999999999901e+01
8.347298691272735596e+02	2.962999999999999901e+01
8.371917078495025635e+02	2.969999999999999929e+01
8.396546206474304199e+02	2.962999999999999901e+01
8.421167037487030029e+02	2.962999999999999901e+01
8.445798556804656982e+02	2.966000000000000014e+01
8.470427558422088623e+02	2.958999999999999986e+01
8.495055320262908936e+02	2.962999999999999901e+01
8.519670412540435791e+02	2.958999999999999986e+01
8.544301676750183105e+02	2.962999999999999901e+01
8.568927803039550781e+02	2.962999999999999901e+01
8.593550949096679688e+02	2.958999999999999986e+01
8.618174464702606201e+02	2.966000000000000014e+01
8.642801535129547119e+02	2.962999999999999901e+01
8.667423996925354004e+02	2.958999999999999986e+01
8.692052876949310303e+02	2.958999999999999986e+01
8.716686849594116211e+02	2.958999999999999986e+01
8.741308567523956299e+02	2.958999999999999986e+01
8.765937809944152832e+02	2.958999999999999986e+01
8.790555648803710938e+02	2.955999999999999872e+01
8.815187499523162842e+02	2.955999999999999872e+01
8.839808256626129150e+02	2.955999999999999872e+01
8.864439115524291992e+02	2.958999999999999986e+01
8.889059140682220459e+02	2.962999999999999901e+01
8.913695802688598633e+02	2.955999999999999872e+01
8.938317835330963135e+02	2.955999999999999872e+01
8.962948043346405029e+02	2.955999999999999872e+01
8.987571012973785400e+02	2.955999999999999872e+01
9.012196066379547119e+02	2.955999999999999872e+01
9.036819095611572266e+02	2.955999999999999872e+01
9.061440885066986084e+02	2.953000000000000114e+01
9.086069934368133545e+02	2.958999999999999986e+01
9.110697081089019775e+02	2.953000000000000114e+01
9.135327930450439453e+02	2.953000000000000114e+01
9.159952476024627686e+02	2.955999999999999872e+01
9.184579029083251953e+02	2.955999999999999872e+01
9.209205384254455566e+02	2.955999999999999872e+01
9.233824241161346436e+02	2.955999999999999872e+01
9.258457808494567871e+02	2.955999999999999872e+01
9.283087017536163330e+02	2.955999999999999872e+01
9.307708520889282227e+02	2.955999999999999872e+01
9.332326307296752930e+02	2.955999999999999872e+01
9.356960747241973877e+02	2.955999999999999872e+01
9.381587235927581787e+02	2.958999999999999986e+01
9.406207687854766846e+02	2.958999999999999986e+01
9.430842523574829102e+02	2.958999999999999986e+01
9.455463953018188477e+02	2.962999999999999901e+01
9.480093317031860352e+02	2.955999999999999872e+01
9.504718697071075439e+02	2.958999999999999986e+01
9.529339840412139893e+02	2.962999999999999901e+01
9.553970992565155029e+02	2.955999999999999872e+01
9.578595442771911621e+02	2.958999999999999986e+01
9.603223204612731934e+02	2.955999999999999872e+01
9.627848093509674072e+02	2.958999999999999986e+01
9.652472150325775146e+02	2.955999999999999872e+01
9.677090773582458496e+02	2.958999999999999986e+01
9.701717274188995361e+02	2.962999999999999901e+01
9.726349182128906250e+02	2.962999999999999901e+01
9.750977995395660400e+02	2.955999999999999872e+01
9.775604674816131592e+02	2.955999999999999872e+01
9.800227355957031250e+02	2.955999999999999872e+01
9.824853003025054932e+02	2.955999999999999872e+01
9.849479298591613770e+02	2.958999999999999986e+01
9.874104011058807373e+02	2.958999999999999986e+01
9.898728318214416504e+02	2.958999999999999986e+01
9.923357086181640625e+02	2.955999999999999872e+01
9.947979681491851807e+02	2.955999999999999872e+01
9.972614374160766602e+02	2.958999999999999986e+01
9.997231183052062988e+02	2.958999999999999986e+01
1.002185788154602051e+03	2.955999999999999872e+01
1.004648841619491577e+03	2.958999999999999986e+01
1.007111949443817139e+03	2.955999999999999872e+01
1.009574388265609741e+03	2.958999999999999986e+01
1.012036324501037598e+03	2.955999999999999872e+01
1.014499330282211304e+03	2.958999999999999986e+01
1.016961686611175537e+03	2.955999999999999872e+01
1.019424082279205322e+03	2.962999999999999901e+01
1.021887063026428223e+03	2.958999999999999986e+01
1.024349821090698242e+03	2.958999999999999986e+01
1.026811893939971924e+03	2.958999999999999986e+01
1.029274469137191772e+03	2.966000000000000014e+01
1.031736896991729736e+03	2.958999999999999986e+01
1.034199541807174683e+03	2.966000000000000014e+01
1.036663164138793945e+03	2.958999999999999986e+01
1.039124576568603516e+03	2.966000000000000014e+01
1.041587955713272095e+03	2.962999999999999901e+01
1.044050762176513672e+03	2.962999999999999901e+01
1.046513028144836426e+03	2.958999999999999986e+01
1.048975408554077148e+03	2.958999999999999986e+01
1.051437795400619507e+03	2.958999999999999986e+01
1.053901253700256348e+03	2.958999999999999986e+01
1.056363528966903687e+03	2.958999999999999986e+01
1.058825640678405762e+03	2.962999999999999901e+01
1.061288338899612427e+03	2.958999999999999986e+01
1.063751040697097778e+03	2.962999999999999901e+01
1.066214183807373047e+03	2.962999999999999901e+01
1.068676765680313110e+03	2.958999999999999986e+01
1.071139141321182251e+03	2.958999999999999986e+01
1.073601755142211914e+03	2.958999999999999986e+01
1.076063907623291016e+03	2.958999999999999986e+01
1.078527245283126831e+03	2.958999999999999986e+01
1.080989296197891235e+03	2.958999999999999986e+01
1.083452443361282349e+03	2.955999999999999872e+01
1.085915208339691162e+03	2.962999999999999901e+01
1.088376753568649292e+03	2.958999999999999986e+01
1.090840478181838989e+03	2.955999999999999872e+01
1.093302809000015259e+03	2.958999999999999986e+01
1.095764982461929321e+03	2.958999999999999986e+01
1.098227954149246216e+03	2.962999999999999901e+01
1.100689960479736328e+03	2.962999999999999901e+01
1.103152898788452148e+03	2.962999999999999901e+01
1.105615587234497070e+03	2.958999999999999986e+01
1.108077632427215576e+03	2.962999999999999901e+01
1.110541010618209839e+03	2.958999999999999986e+01
1.113003077745437622e+03	2.966000000000000014e+01
1.115465497970581055e+03	2.962999999999999901e+01
1.117928269624710083e+03	2.958999999999999986e+01
1.120391149759292603e+03	2.962999999999999901e+01
1.122853836297988892e+03	2.962999999999999901e+01
1.125315700292587280e+03	2.962999999999999901e+01
1.127778823614120483e+03	2.958999999999999986e+01
1.130241601228713989e+03	2.958999999999999986e+01
1.132703662395477295e+03	2.958999999999999986e+01
1.135165583133697510e+03	2.955999999999999872e+01
1.137628225803375244e+03	2.962999999999999901e+01
1.140091766595840454e+03	2.962999999999999901e+01
1.142554518938064575e+03	2.958999999999999986e+01
1.145017246246337891e+03	2.958999999999999986e+01
1.147480110645294189e+03	2.958999999999999986e+01
1.149942090988159180e+03	2.958999999999999986e+01
1.152405392646789551e+03	2.955999999999999872e+01
1.154867928981781006e+03	2.958999999999999986e+01
1.157329872846603394e+03	2.955999999999999872e+01
1.159792810916900635e+03	2.962999999999999901e+01
1.162255668163299561e+03	2.962999999999999901e+01
1.164717419385910034e+03	2.958999999999999986e+01
1.167180722713470459e+03	2.962999999999999901e+01
1.169643438100814819e+03	2.958999999999999986e+01
1.172105571508407593e+03	2.955999999999999872e+01
1.174568915367126465e+03	2.955999999999999872e+01
1.177031557798385620e+03	2.958999999999999986e+01
1.179493648052215576e+03	2.955999999999999872e+01
1.181955963373184204e+03	2.955999999999999872e+01
1.184418304920196533e+03	2.958999999999999986e+01
1.186881471872329712e+03	2.955999999999999872e+01
1.189343939781188965e+03	2.958999999999999986e+01
1.191806100845336914e+03	2.958999999999999986e+01
1.194268839836120605e+03	2.958999999999999986e+01
1.196731492519378662e+03	2.962999999999999901e+01
1.199193787336349487e+03	2.958999999999999986e+01
1.201656545400619507e+03	2.958999999999999986e+01
1.204119656562805176e+03	2.958999999999999986e+01
1.206582074642181396e+03	2.962999999999999901e+01
1.209044853448867798e+03	2.966000000000000014e+01
1.211507700204849243e+03	2.962999999999999901e+01
1.213970476627349854e+03	2.962999999999999901e+01
1.216432809829711914e+03	2.966000000000000014e+01
1.218895226240158081e+03	2.962999999999999901e+01
1.221357337474822998e+03	2.962999999999999901e+01
1.223820052623748779e+03	2.962999999999999901e+01
1.226283192396163940e+03	2.962999999999999901e+01
1.228745934963226318e+03	2.962999999999999901e+01
1.231208581447601318e+03	2.962999999999999901e+01
1.233670269727706909e+03	2.962999999999999901e+01
1.236132939577102661e+03	2.955999999999999872e+01
1.238595723390579224e+03	2.962999999999999901e+01
1.241058211088180542e+03	2.958999999999999986e+01
1.243520665884017944e+03	2.962999999999999901e+01
1.245984082221984863e+03	2.958999999999999986e+01
1.248446699857711792e+03	2.958999999999999986e+01
1.250908702850341797e+03	2.962999999999999901e+01
1.253370923995971680e+03	2.962999999999999901e+01
1.255833893775939941e+03	2.955999999999999872e+01
1.258296357154846191e+03	2.958999999999999986e+01
1.260759038686752319e+03	2.962999999999999901e+01
1.263221665859222412e+03	2.962999999999999901e+01
1.265684378147125244e+03	2.962999999999999901e+01
1.268146889448165894e+03	2.958999999999999986e+01
1.270609282732009888e+03	2.962999999999999901e+01
1.273072741270065308e+03	2.958999999999999986e+01
1.275535111188888550e+03	2.958999999999999986e+01
1.277997512817382812e+03	2.958999999999999986e+01
1.280460614681243896e+03	2.962999999999999901e+01
1.282923105716705322e+03	2.958999999999999986e+01
1.285385723352432251e+03	2.962999999999999901e+01
1.287847510576248169e+03	2.969999999999999929e+01
1.290310139417648315e+03	2.962999999999999901e+01
1.292773562192916870e+03	2.966000000000000014e+01
1.295235308408737183e+03	2.966000000000000014e+01
1.297697514057159424e+03	2.969999999999999929e+01
1.300160523414611816e+03	2.966000000000000014e+01
1.302624014616012573e+03	2.966000000000000014e+01
1.305086046218872070e+03	2.962999999999999901e+01
1.307548746347427368e+03	2.958999999999999986e+01
1.310010932922363281e+03	2.962999999999999901e+01
1.312473877668380737e+03	2.966000000000000014e+01
1.314936129093170166e+03	2.966000000000000014e+01
1.317399174690246582e+03	2.966000000000000014e+01
1.319862134456634521e+03	2.958999999999999986e+01
1.322323938608169556e+03	2.962999999999999901e+01
1.324786893844604492e+03	2.962999999999999901e+01
1.327249778032302856e+03	2.962999999999999901e+01
1.329711433410644531e+03	2.962999999999999901e+01
1.332174811124801636e+03	2.958999999999999986e+01
1.334637375593185425e+03	2.962999999999999901e+01
1.337099541902542114e+03	2.962999999999999901e+01
1.339562443017959595e+03	2.955999999999999872e+01
1.342024756193161011e+03	2.962999999999999901e+01
1.344488272428512573e+03	2.966000000000000014e+01
1.346949971675872803e+03	2.962999999999999901e+01
1.349412841796875000e+03	2.958999999999999986e+01
1.351875673770904541e+03	2.958999999999999986e+01
1.354338679790496826e+03	2.958999999999999986e+01
1.356800336122512817e+03	2.958999999999999986e+01
1.359263369083404541e+03	2.962999999999999901e+01
1.361725838899612427e+03	2.955999999999999872e+01
1.364188562870025635e+03	2.962999999999999901e+01
1.366650824069976807e+03	2.958999999999999986e+01
1.369114452123641968e+03	2.958999999999999986e+01
1.371576186656951904e+03	2.958999999999999986e+01
1.374039114475250244e+03	2.962999999999999901e+01
1.376501486539840698e+03	2.962999999999999901e+01
1.378963990449905396e+03	2.962999999999999901e+01
1.381426462888717651e+03	2.962999999999999901e+01
1.383889013767242432e+03	2.958999999999999986e+01
1.386352275609970093e+03	2.958999999999999986e+01
1.388814102888107300e+03	2.962999999999999901e+01
1.391277519464492798e+03	2.962999999999999901e+01
1.393739536523818970e+03	2.969999999999999929e+01
1.396202618837356567e+03	2.962999999999999901e+01
1.398664715766906738e+03	2.969999999999999929e+01
1.401127511739730835e+03	2.962999999999999901e+01
1.403589896440505981e+03	2.966000000000000014e+01
1.406053162097930908e+03	2.962999999999999901e+01
1.408515996217727661e+03	2.966000000000000014e+01
1.410977798223495483e+03	2.962999999999999901e+01
1.413439988136291504e+03	2.966000000000000014e+01
1.415903474092483521e+03	2.966000000000000014e+01
1.418365958929061890e+03	2.962999999999999901e+01
1.420828387975692749e+03	2.958999999999999986e+01
1.423290791034698486e+03	2.966000000000000014e+01
1.425753506898880005e+03	2.966000000000000014e+01
1.428216313123703003e+03	2.966000000000000014e+01
1.430678660631179810e+03	2.966000000000000014e+01
1.433141334056854248e+03	2.962999999999999901e+01
1.435603802919387817e+03	2.962999999999999901e+01
1.438066418886184692e+03	2.966000000000000014e+01
1.440528732299804688e+03	2.962999999999999901e+01
1.442992203474044800e+03	2.962999999999999901e+01
1.445454838752746582e+03	2.966000000000000014e+01
1.447916310071945190e+03	2.962999999999999901e+01
1.450379922628402710e+03	2.962999999999999901e+01
1.452842320680618286e+03	2.962999999999999901e+01
1.455304581880569458e+03	2.958999999999999986e+01
1.457767164468765259e+03	2.962999999999999901e+01
1.460229503154754639e+03	2.962999999999999901e+01
1.462692255973815918e+03	2.966000000000000014e+01
1.465155695915222168e+03	2.966000000000000014e+01
1.467618466615676880e+03	2.962999999999999901e+01
1.470080090045928955e+03	2.962999999999999901e+01
1.472543262243270874e+03	2.962999999999999901e+01
1.475005754232406616e+03	2.962999999999999901e+01
