# 20220727
# time			temp			
0.000000000000000000e+00	2.980000000000000071e+01
2.463280439376831055e+00	2.980000000000000071e+01
4.925463199615478516e+00	2.980000000000000071e+01
7.388688564300537109e+00	2.980000000000000071e+01
9.851572513580322266e+00	2.982999999999999829e+01
1.231294703483581543e+01	2.980000000000000071e+01
1.477626228332519531e+01	2.980000000000000071e+01
1.723876142501831055e+01	2.980000000000000071e+01
1.970120000839233398e+01	2.980000000000000071e+01
2.216389775276184082e+01	2.976000000000000156e+01
2.462690782546997070e+01	2.976000000000000156e+01
2.708889865875244141e+01	2.976000000000000156e+01
2.955104303359985352e+01	2.976000000000000156e+01
3.201452374458312988e+01	2.976000000000000156e+01
3.447690176963806152e+01	2.976000000000000156e+01
3.693914723396301270e+01	2.973000000000000043e+01
3.940210771560668945e+01	2.973000000000000043e+01
4.186471843719482422e+01	2.973000000000000043e+01
4.432762598991394043e+01	2.976000000000000156e+01
4.678960394859313965e+01	2.980000000000000071e+01
4.925182080268859863e+01	2.976000000000000156e+01
5.171518301963806152e+01	2.976000000000000156e+01
5.417723584175109863e+01	2.980000000000000071e+01
5.664006781578063965e+01	2.980000000000000071e+01
5.910225033760070801e+01	2.980000000000000071e+01
6.156574130058288574e+01	2.980000000000000071e+01
6.402809071540832520e+01	2.982999999999999829e+01
6.648972892761230469e+01	2.980000000000000071e+01
6.895329666137695312e+01	2.982999999999999829e+01
7.141566252708435059e+01	2.980000000000000071e+01
7.387808990478515625e+01	2.980000000000000071e+01
7.634122014045715332e+01	2.976000000000000156e+01
7.880355596542358398e+01	2.976000000000000156e+01
8.126576399803161621e+01	2.976000000000000156e+01
8.372890329360961914e+01	2.980000000000000071e+01
8.619053912162780762e+01	2.973000000000000043e+01
8.865348935127258301e+01	2.973000000000000043e+01
9.111623692512512207e+01	2.976000000000000156e+01
9.357899618148803711e+01	2.980000000000000071e+01
9.604061770439147949e+01	2.973000000000000043e+01
9.850437951087951660e+01	2.976000000000000156e+01
1.009667782783508301e+02	2.980000000000000071e+01
1.034294586181640625e+02	2.982999999999999829e+01
1.058916609287261963e+02	2.980000000000000071e+01
1.083543429374694824e+02	2.982999999999999829e+01
1.108168480396270752e+02	2.980000000000000071e+01
1.132795720100402832e+02	2.980000000000000071e+01
1.157417616844177246e+02	2.980000000000000071e+01
1.182052462100982666e+02	2.973000000000000043e+01
1.206670169830322266e+02	2.980000000000000071e+01
1.231302216053009033e+02	2.976000000000000156e+01
1.255926685333251953e+02	2.976000000000000156e+01
1.280554525852203369e+02	2.973000000000000043e+01
1.305169978141784668e+02	2.973000000000000043e+01
1.329798712730407715e+02	2.976000000000000156e+01
1.354427952766418457e+02	2.976000000000000156e+01
1.379057624340057373e+02	2.976000000000000156e+01
1.403673920631408691e+02	2.976000000000000156e+01
1.428301026821136475e+02	2.980000000000000071e+01
1.452930729389190674e+02	2.976000000000000156e+01
1.477555859088897705e+02	2.980000000000000071e+01
1.502176046371459961e+02	2.976000000000000156e+01
1.526810827255249023e+02	2.980000000000000071e+01
1.551435513496398926e+02	2.976000000000000156e+01
1.576064682006835938e+02	2.980000000000000071e+01
1.600682928562164307e+02	2.980000000000000071e+01
1.625310807228088379e+02	2.985999999999999943e+01
1.649942603111267090e+02	2.976000000000000156e+01
1.674563117027282715e+02	2.976000000000000156e+01
1.699185256958007812e+02	2.973000000000000043e+01
1.723815584182739258e+02	2.973000000000000043e+01
1.748433158397674561e+02	2.976000000000000156e+01
1.773071534633636475e+02	2.976000000000000156e+01
1.797687025070190430e+02	2.976000000000000156e+01
1.822324254512786865e+02	2.976000000000000156e+01
1.846938791275024414e+02	2.976000000000000156e+01
1.871567244529724121e+02	2.982999999999999829e+01
1.896193494796752930e+02	2.982999999999999829e+01
1.920822329521179199e+02	2.980000000000000071e+01
1.945451393127441406e+02	2.982999999999999829e+01
1.970073835849761963e+02	2.982999999999999829e+01
1.994700281620025635e+02	2.982999999999999829e+01
2.019328701496124268e+02	2.982999999999999829e+01
2.043951725959777832e+02	2.982999999999999829e+01
2.068583674430847168e+02	2.985999999999999943e+01
2.093203291893005371e+02	2.980000000000000071e+01
2.117833559513092041e+02	2.980000000000000071e+01
2.142456710338592529e+02	2.976000000000000156e+01
2.167087690830230713e+02	2.976000000000000156e+01
2.191709930896759033e+02	2.976000000000000156e+01
2.216335349082946777e+02	2.980000000000000071e+01
2.240961532592773438e+02	2.976000000000000156e+01
2.265586912631988525e+02	2.976000000000000156e+01
2.290211379528045654e+02	2.980000000000000071e+01
2.314836957454681396e+02	2.976000000000000156e+01
2.339466996192932129e+02	2.980000000000000071e+01
2.364088222980499268e+02	2.982999999999999829e+01
2.388714311122894287e+02	2.976000000000000156e+01
2.413345830440521240e+02	2.982999999999999829e+01
2.437965090274810791e+02	2.982999999999999829e+01
2.462589819431304932e+02	2.980000000000000071e+01
2.487224588394165039e+02	2.982999999999999829e+01
2.511848688125610352e+02	2.982999999999999829e+01
2.536469337940216064e+02	2.982999999999999829e+01
2.561093068122863770e+02	2.982999999999999829e+01
2.585726690292358398e+02	2.980000000000000071e+01
2.610346488952636719e+02	2.982999999999999829e+01
2.634972994327545166e+02	2.973000000000000043e+01
2.659600601196289062e+02	2.980000000000000071e+01
2.684221978187561035e+02	2.976000000000000156e+01
2.708856313228607178e+02	2.976000000000000156e+01
2.733473145961761475e+02	2.976000000000000156e+01
2.758109126091003418e+02	2.976000000000000156e+01
2.782727277278900146e+02	2.976000000000000156e+01
2.807360696792602539e+02	2.976000000000000156e+01
2.831977267265319824e+02	2.973000000000000043e+01
2.856610703468322754e+02	2.976000000000000156e+01
2.881232738494873047e+02	2.980000000000000071e+01
2.905861361026763916e+02	2.980000000000000071e+01
2.930481746196746826e+02	2.980000000000000071e+01
2.955112874507904053e+02	2.982999999999999829e+01
2.979742684364318848e+02	2.982999999999999829e+01
3.004368193149566650e+02	2.980000000000000071e+01
3.028988580703735352e+02	2.980000000000000071e+01
3.053614668846130371e+02	2.980000000000000071e+01
3.078242404460906982e+02	2.980000000000000071e+01
3.102862014770507812e+02	2.976000000000000156e+01
3.127492501735687256e+02	2.976000000000000156e+01
3.152115781307220459e+02	2.976000000000000156e+01
3.176743185520172119e+02	2.980000000000000071e+01
3.201370880603790283e+02	2.973000000000000043e+01
3.225999193191528320e+02	2.976000000000000156e+01
3.250618703365325928e+02	2.976000000000000156e+01
3.275248029232025146e+02	2.980000000000000071e+01
3.299873406887054443e+02	2.980000000000000071e+01
3.324502849578857422e+02	2.976000000000000156e+01
3.349128124713897705e+02	2.976000000000000156e+01
3.373752260208129883e+02	2.980000000000000071e+01
3.398369553089141846e+02	2.980000000000000071e+01
3.422995512485504150e+02	2.982999999999999829e+01
3.447628133296966553e+02	2.980000000000000071e+01
3.472253229618072510e+02	2.980000000000000071e+01
3.496877005100250244e+02	2.980000000000000071e+01
3.521506140232086182e+02	2.976000000000000156e+01
3.546134431362152100e+02	2.976000000000000156e+01
3.570760598182678223e+02	2.976000000000000156e+01
3.595381488800048828e+02	2.973000000000000043e+01
3.620003869533538818e+02	2.976000000000000156e+01
3.644633822441101074e+02	2.976000000000000156e+01
3.669261333942413330e+02	2.976000000000000156e+01
3.693885023593902588e+02	2.976000000000000156e+01
3.718513092994689941e+02	2.982999999999999829e+01
3.743134801387786865e+02	2.980000000000000071e+01
3.767767045497894287e+02	2.980000000000000071e+01
3.792390434741973877e+02	2.985999999999999943e+01
3.817013235092163086e+02	2.982999999999999829e+01
3.841636912822723389e+02	2.982999999999999829e+01
3.866269097328186035e+02	2.976000000000000156e+01
3.890889039039611816e+02	2.980000000000000071e+01
3.915519204139709473e+02	2.982999999999999829e+01
3.940150747299194336e+02	2.980000000000000071e+01
3.964768497943878174e+02	2.980000000000000071e+01
3.989399166107177734e+02	2.976000000000000156e+01
4.014022910594940186e+02	2.976000000000000156e+01
4.038649659156799316e+02	2.976000000000000156e+01
4.063270177841186523e+02	2.976000000000000156e+01
4.087907540798187256e+02	2.976000000000000156e+01
4.112522969245910645e+02	2.976000000000000156e+01
4.137151613235473633e+02	2.976000000000000156e+01
4.161779630184173584e+02	2.980000000000000071e+01
4.186400320529937744e+02	2.982999999999999829e+01
4.211031830310821533e+02	2.980000000000000071e+01
4.235652513504028320e+02	2.980000000000000071e+01
4.260285809040069580e+02	2.980000000000000071e+01
4.284911501407623291e+02	2.980000000000000071e+01
4.309530136585235596e+02	2.980000000000000071e+01
4.334154803752899170e+02	2.980000000000000071e+01
4.358780035972595215e+02	2.982999999999999829e+01
4.383410005569458008e+02	2.976000000000000156e+01
4.408039944171905518e+02	2.980000000000000071e+01
4.432659604549407959e+02	2.980000000000000071e+01
4.457291958332061768e+02	2.980000000000000071e+01
4.481918687820434570e+02	2.980000000000000071e+01
4.506539742946624756e+02	2.980000000000000071e+01
4.531169087886810303e+02	2.976000000000000156e+01
4.555789132118225098e+02	2.976000000000000156e+01
4.580418343544006348e+02	2.976000000000000156e+01
4.605046980381011963e+02	2.980000000000000071e+01
4.629668951034545898e+02	2.973000000000000043e+01
4.654293231964111328e+02	2.976000000000000156e+01
4.678917410373687744e+02	2.973000000000000043e+01
4.703546619415283203e+02	2.976000000000000156e+01
4.728176832199096680e+02	2.973000000000000043e+01
4.752798085212707520e+02	2.976000000000000156e+01
4.777427692413330078e+02	2.973000000000000043e+01
4.802051117420196533e+02	2.973000000000000043e+01
4.826672813892364502e+02	2.976000000000000156e+01
4.851302680969238281e+02	2.976000000000000156e+01
4.875925374031066895e+02	2.982999999999999829e+01
4.900559196472167969e+02	2.982999999999999829e+01
4.925177886486053467e+02	2.982999999999999829e+01
4.949810504913330078e+02	2.982999999999999829e+01
4.974436159133911133e+02	2.982999999999999829e+01
4.999050226211547852e+02	2.985999999999999943e+01
5.023680112361907959e+02	2.980000000000000071e+01
5.048311409950256348e+02	2.982999999999999829e+01
5.072932007312774658e+02	2.980000000000000071e+01
5.097563323974609375e+02	2.982999999999999829e+01
5.122185626029968262e+02	2.982999999999999829e+01
5.146810085773468018e+02	2.982999999999999829e+01
5.171440329551696777e+02	2.973000000000000043e+01
5.196069560050964355e+02	2.973000000000000043e+01
5.220681679248809814e+02	2.976000000000000156e+01
5.245322520732879639e+02	2.973000000000000043e+01
5.269939358234405518e+02	2.973000000000000043e+01
5.294563605785369873e+02	2.973000000000000043e+01
5.319193181991577148e+02	2.973000000000000043e+01
5.343820230960845947e+02	2.969999999999999929e+01
5.368451955318450928e+02	2.976000000000000156e+01
5.393070068359375000e+02	2.976000000000000156e+01
5.417695479393005371e+02	2.973000000000000043e+01
5.442320621013641357e+02	2.980000000000000071e+01
5.466945199966430664e+02	2.976000000000000156e+01
5.491569595336914062e+02	2.980000000000000071e+01
5.516202390193939209e+02	2.982999999999999829e+01
5.540829546451568604e+02	2.980000000000000071e+01
5.565456116199493408e+02	2.982999999999999829e+01
5.590075204372406006e+02	2.980000000000000071e+01
5.614708940982818604e+02	2.982999999999999829e+01
5.639333410263061523e+02	2.980000000000000071e+01
5.663962397575378418e+02	2.980000000000000071e+01
5.688579771518707275e+02	2.982999999999999829e+01
5.713205497264862061e+02	2.980000000000000071e+01
5.737838284969329834e+02	2.980000000000000071e+01
5.762457087039947510e+02	2.976000000000000156e+01
5.787089829444885254e+02	2.976000000000000156e+01
5.811710672378540039e+02	2.980000000000000071e+01
5.836341333389282227e+02	2.980000000000000071e+01
5.860968444347381592e+02	2.980000000000000071e+01
5.885593914985656738e+02	2.973000000000000043e+01
5.910215368270874023e+02	2.976000000000000156e+01
5.934847540855407715e+02	2.976000000000000156e+01
5.959471256732940674e+02	2.976000000000000156e+01
5.984089007377624512e+02	2.980000000000000071e+01
6.008723294734954834e+02	2.976000000000000156e+01
6.033337006568908691e+02	2.980000000000000071e+01
6.057976639270782471e+02	2.982999999999999829e+01
6.082599060535430908e+02	2.982999999999999829e+01
6.107221405506134033e+02	2.982999999999999829e+01
6.131860437393188477e+02	2.982999999999999829e+01
6.156478784084320068e+02	2.982999999999999829e+01
6.181103382110595703e+02	2.982999999999999829e+01
6.205724971294403076e+02	2.982999999999999829e+01
6.230352125167846680e+02	2.982999999999999829e+01
6.254975144863128662e+02	2.982999999999999829e+01
6.279610700607299805e+02	2.980000000000000071e+01
6.304228525161743164e+02	2.976000000000000156e+01
6.328856942653656006e+02	2.980000000000000071e+01
6.353478598594665527e+02	2.973000000000000043e+01
6.378110880851745605e+02	2.976000000000000156e+01
6.402733814716339111e+02	2.976000000000000156e+01
6.427356240749359131e+02	2.973000000000000043e+01
6.451984927654266357e+02	2.973000000000000043e+01
6.476609947681427002e+02	2.976000000000000156e+01
6.501243586540222168e+02	2.973000000000000043e+01
6.525869376659393311e+02	2.973000000000000043e+01
6.550492336750030518e+02	2.976000000000000156e+01
6.575117356777191162e+02	2.980000000000000071e+01
6.599744331836700439e+02	2.976000000000000156e+01
6.624368104934692383e+02	2.976000000000000156e+01
6.648993549346923828e+02	2.980000000000000071e+01
6.673622403144836426e+02	2.976000000000000156e+01
6.698244218826293945e+02	2.982999999999999829e+01
6.722868983745574951e+02	2.982999999999999829e+01
6.747500565052032471e+02	2.980000000000000071e+01
6.772126283645629883e+02	2.980000000000000071e+01
6.796750724315643311e+02	2.980000000000000071e+01
6.821370491981506348e+02	2.982999999999999829e+01
6.845997910499572754e+02	2.980000000000000071e+01
6.870624885559082031e+02	2.980000000000000071e+01
6.895253844261169434e+02	2.982999999999999829e+01
6.919875066280364990e+02	2.980000000000000071e+01
6.944498963356018066e+02	2.976000000000000156e+01
6.969133503437042236e+02	2.980000000000000071e+01
6.993751983642578125e+02	2.980000000000000071e+01
7.018378093242645264e+02	2.980000000000000071e+01
7.043003177642822266e+02	2.980000000000000071e+01
7.067637610435485840e+02	2.980000000000000071e+01
7.092255599498748779e+02	2.980000000000000071e+01
7.116885671615600586e+02	2.976000000000000156e+01
7.141512424945831299e+02	2.976000000000000156e+01
7.166132352352142334e+02	2.980000000000000071e+01
7.190767319202423096e+02	2.980000000000000071e+01
7.215391366481781006e+02	2.980000000000000071e+01
7.240012609958648682e+02	2.982999999999999829e+01
7.264635317325592041e+02	2.980000000000000071e+01
7.289269573688507080e+02	2.976000000000000156e+01
7.313893537521362305e+02	2.980000000000000071e+01
7.338518345355987549e+02	2.976000000000000156e+01
7.363145785331726074e+02	2.976000000000000156e+01
7.387771577835083008e+02	2.973000000000000043e+01
7.412391803264617920e+02	2.980000000000000071e+01
7.437024152278900146e+02	2.973000000000000043e+01
7.461648042201995850e+02	2.973000000000000043e+01
7.486273450851440430e+02	2.976000000000000156e+01
7.510893900394439697e+02	2.980000000000000071e+01
7.535516848564147949e+02	2.980000000000000071e+01
7.560151233673095703e+02	2.982999999999999829e+01
7.584769289493560791e+02	2.982999999999999829e+01
7.609403078556060791e+02	2.980000000000000071e+01
7.634028189182281494e+02	2.980000000000000071e+01
7.658652496337890625e+02	2.976000000000000156e+01
7.683281023502349854e+02	2.980000000000000071e+01
7.707903420925140381e+02	2.980000000000000071e+01
7.732533335685729980e+02	2.980000000000000071e+01
7.757162265777587891e+02	2.973000000000000043e+01
7.781777031421661377e+02	2.976000000000000156e+01
7.806400775909423828e+02	2.980000000000000071e+01
7.831032798290252686e+02	2.976000000000000156e+01
7.855656094551086426e+02	2.976000000000000156e+01
7.880288658142089844e+02	2.973000000000000043e+01
7.904912831783294678e+02	2.973000000000000043e+01
7.929539167881011963e+02	2.976000000000000156e+01
7.954161074161529541e+02	2.980000000000000071e+01
7.978785109519958496e+02	2.980000000000000071e+01
8.003415780067443848e+02	2.982999999999999829e+01
8.028040792942047119e+02	2.985999999999999943e+01
8.052668831348419189e+02	2.982999999999999829e+01
8.077296495437622070e+02	2.982999999999999829e+01
8.101920328140258789e+02	2.982999999999999829e+01
8.126542940139770508e+02	2.982999999999999829e+01
8.151172864437103271e+02	2.985999999999999943e+01
8.175801420211791992e+02	2.980000000000000071e+01
8.200428090095520020e+02	2.982999999999999829e+01
8.225047116279602051e+02	2.980000000000000071e+01
8.249669654369354248e+02	2.976000000000000156e+01
8.274294607639312744e+02	2.976000000000000156e+01
8.298922224044799805e+02	2.980000000000000071e+01
8.323554921150207520e+02	2.976000000000000156e+01
8.348172135353088379e+02	2.980000000000000071e+01
8.372803454399108887e+02	2.976000000000000156e+01
8.397433094978332520e+02	2.980000000000000071e+01
8.422057940959930420e+02	2.980000000000000071e+01
8.446678214073181152e+02	2.976000000000000156e+01
8.471303896903991699e+02	2.982999999999999829e+01
8.495931770801544189e+02	2.980000000000000071e+01
8.520558898448944092e+02	2.980000000000000071e+01
8.545186200141906738e+02	2.982999999999999829e+01
8.569813556671142578e+02	2.982999999999999829e+01
8.594438850879669189e+02	2.982999999999999829e+01
8.619065134525299072e+02	2.980000000000000071e+01
8.643683593273162842e+02	2.982999999999999829e+01
8.668311097621917725e+02	2.976000000000000156e+01
8.692941439151763916e+02	2.980000000000000071e+01
8.717567758560180664e+02	2.980000000000000071e+01
8.742186875343322754e+02	2.976000000000000156e+01
8.766815907955169678e+02	2.976000000000000156e+01
8.791443686485290527e+02	2.976000000000000156e+01
8.816062433719635010e+02	2.976000000000000156e+01
8.840692574977874756e+02	2.976000000000000156e+01
8.865318553447723389e+02	2.980000000000000071e+01
8.889950356483459473e+02	2.980000000000000071e+01
8.914575631618499756e+02	2.980000000000000071e+01
8.939200203418731689e+02	2.980000000000000071e+01
8.963827481269836426e+02	2.982999999999999829e+01
8.988450596332550049e+02	2.980000000000000071e+01
9.013077864646911621e+02	2.976000000000000156e+01
9.037709946632385254e+02	2.976000000000000156e+01
9.062334263324737549e+02	2.976000000000000156e+01
9.086958003044128418e+02	2.980000000000000071e+01
9.111585304737091064e+02	2.980000000000000071e+01
9.136200141906738281e+02	2.976000000000000156e+01
9.160835540294647217e+02	2.976000000000000156e+01
9.185463595390319824e+02	2.980000000000000071e+01
9.210076355934143066e+02	2.973000000000000043e+01
9.234712016582489014e+02	2.976000000000000156e+01
9.259332621097564697e+02	2.973000000000000043e+01
9.283959109783172607e+02	2.980000000000000071e+01
9.308587131500244141e+02	2.973000000000000043e+01
9.333208446502685547e+02	2.976000000000000156e+01
9.357838215827941895e+02	2.980000000000000071e+01
9.382468748092651367e+02	2.976000000000000156e+01
9.407089581489562988e+02	2.980000000000000071e+01
9.431714937686920166e+02	2.980000000000000071e+01
9.456343853473663330e+02	2.976000000000000156e+01
9.480963530540466309e+02	2.976000000000000156e+01
9.505592911243438721e+02	2.980000000000000071e+01
9.530214192867279053e+02	2.980000000000000071e+01
9.554841475486755371e+02	2.980000000000000071e+01
9.579466502666473389e+02	2.976000000000000156e+01
9.604093754291534424e+02	2.976000000000000156e+01
9.628723077774047852e+02	2.976000000000000156e+01
9.653347477912902832e+02	2.976000000000000156e+01
9.677973203659057617e+02	2.976000000000000156e+01
9.702603464126586914e+02	2.973000000000000043e+01
9.727229309082031250e+02	2.976000000000000156e+01
9.751847796440124512e+02	2.976000000000000156e+01
9.776482136249542236e+02	2.976000000000000156e+01
9.801102459430694580e+02	2.980000000000000071e+01
9.825729284286499023e+02	2.976000000000000156e+01
9.850360457897186279e+02	2.980000000000000071e+01
9.874985449314117432e+02	2.980000000000000071e+01
9.899607231616973877e+02	2.980000000000000071e+01
9.924229538440704346e+02	2.980000000000000071e+01
9.948859610557556152e+02	2.982999999999999829e+01
9.973485741615295410e+02	2.982999999999999829e+01
9.998107042312622070e+02	2.982999999999999829e+01
1.002274334430694580e+03	2.982999999999999829e+01
1.004736645221710205e+03	2.982999999999999829e+01
1.007199383735656738e+03	2.980000000000000071e+01
1.009661049127578735e+03	2.982999999999999829e+01
1.012124543428421021e+03	2.982999999999999829e+01
1.014586685895919800e+03	2.980000000000000071e+01
1.017049224615097046e+03	2.980000000000000071e+01
1.019512321710586548e+03	2.982999999999999829e+01
1.021974298000335693e+03	2.980000000000000071e+01
1.024436763763427734e+03	2.980000000000000071e+01
1.026900179147720337e+03	2.980000000000000071e+01
1.029361864566802979e+03	2.976000000000000156e+01
1.031824696063995361e+03	2.980000000000000071e+01
1.034287595510482788e+03	2.976000000000000156e+01
1.036750348567962646e+03	2.973000000000000043e+01
1.039212208986282349e+03	2.976000000000000156e+01
1.041674601078033447e+03	2.980000000000000071e+01
1.044136729717254639e+03	2.976000000000000156e+01
1.046600103139877319e+03	2.976000000000000156e+01
1.049062309980392456e+03	2.980000000000000071e+01
1.051524813175201416e+03	2.982999999999999829e+01
1.053988226413726807e+03	2.982999999999999829e+01
1.056450043916702271e+03	2.982999999999999829e+01
1.055773968935012817e+03	2.985999999999999943e+01
1.058235975027084351e+03	2.982999999999999829e+01
1.060699192762374878e+03	2.982999999999999829e+01
1.063160973787307739e+03	2.985999999999999943e+01
1.065624620437622070e+03	2.980000000000000071e+01
1.068085933446884155e+03	2.976000000000000156e+01
1.070548830986022949e+03	2.980000000000000071e+01
1.073012301206588745e+03	2.976000000000000156e+01
1.075475113153457642e+03	2.976000000000000156e+01
1.077937083959579468e+03	2.980000000000000071e+01
1.080399530887603760e+03	2.969999999999999929e+01
1.082862699270248413e+03	2.973000000000000043e+01
1.085325123786926270e+03	2.973000000000000043e+01
1.087787009239196777e+03	2.973000000000000043e+01
1.090249662160873413e+03	2.980000000000000071e+01
1.092712317228317261e+03	2.976000000000000156e+01
1.095175195932388306e+03	2.976000000000000156e+01
1.097637768030166626e+03	2.980000000000000071e+01
1.100100336551666260e+03	2.982999999999999829e+01
1.102562272548675537e+03	2.976000000000000156e+01
1.105025978803634644e+03	2.982999999999999829e+01
1.107487697124481201e+03	2.980000000000000071e+01
1.109951068639755249e+03	2.980000000000000071e+01
1.112412356615066528e+03	2.980000000000000071e+01
1.114875124931335449e+03	2.980000000000000071e+01
1.117338668584823608e+03	2.976000000000000156e+01
1.119801483631134033e+03	2.976000000000000156e+01
1.122263641834259033e+03	2.976000000000000156e+01
1.124725984811782837e+03	2.976000000000000156e+01
1.127189269781112671e+03	2.980000000000000071e+01
1.129651804447174072e+03	2.980000000000000071e+01
1.132113809347152710e+03	2.973000000000000043e+01
1.134576235294342041e+03	2.976000000000000156e+01
1.137039585590362549e+03	2.976000000000000156e+01
1.139502124786376953e+03	2.980000000000000071e+01
1.141964677810668945e+03	2.982999999999999829e+01
1.144427442073822021e+03	2.982999999999999829e+01
1.146889196634292603e+03	2.982999999999999829e+01
1.149351697921752930e+03	2.976000000000000156e+01
1.151815078973770142e+03	2.980000000000000071e+01
1.154277546882629395e+03	2.980000000000000071e+01
1.156740437507629395e+03	2.982999999999999829e+01
1.159202656745910645e+03	2.980000000000000071e+01
1.161665030956268311e+03	2.980000000000000071e+01
1.164128187179565430e+03	2.980000000000000071e+01
1.166590646982192993e+03	2.976000000000000156e+01
1.169052457332611084e+03	2.976000000000000156e+01
1.171515350103378296e+03	2.976000000000000156e+01
1.173977553606033325e+03	2.976000000000000156e+01
1.176440769195556641e+03	2.976000000000000156e+01
1.178903499841690063e+03	2.973000000000000043e+01
1.181365473747253418e+03	2.973000000000000043e+01
1.183827717781066895e+03	2.973000000000000043e+01
1.186290863752365112e+03	2.976000000000000156e+01
1.188752797126770020e+03	2.976000000000000156e+01
1.191215794086456299e+03	2.976000000000000156e+01
1.193678094625473022e+03	2.973000000000000043e+01
1.196141093730926514e+03	2.976000000000000156e+01
1.198604022502899170e+03	2.980000000000000071e+01
1.201066506385803223e+03	2.980000000000000071e+01
1.203529243707656860e+03	2.982999999999999829e+01
1.205991881608963013e+03	2.980000000000000071e+01
1.208453917503356934e+03	2.976000000000000156e+01
1.210916968584060669e+03	2.980000000000000071e+01
1.213379891395568848e+03	2.980000000000000071e+01
1.215841495037078857e+03	2.980000000000000071e+01
1.218304295301437378e+03	2.980000000000000071e+01
1.220767719745635986e+03	2.980000000000000071e+01
1.223229919672012329e+03	2.976000000000000156e+01
1.225692011117935181e+03	2.973000000000000043e+01
1.228155488729476929e+03	2.976000000000000156e+01
1.230617448568344116e+03	2.976000000000000156e+01
1.233080541610717773e+03	2.976000000000000156e+01
1.235543337821960449e+03	2.976000000000000156e+01
1.238005046367645264e+03	2.980000000000000071e+01
1.240468194484710693e+03	2.976000000000000156e+01
1.242930906057357788e+03	2.976000000000000156e+01
1.245393354177474976e+03	2.982999999999999829e+01
1.247855371952056885e+03	2.980000000000000071e+01
1.250318568706512451e+03	2.982999999999999829e+01
1.252781071662902832e+03	2.982999999999999829e+01
1.255242741346359253e+03	2.982999999999999829e+01
1.257706511974334717e+03	2.976000000000000156e+01
1.260169014692306519e+03	2.980000000000000071e+01
1.262631787061691284e+03	2.976000000000000156e+01
1.265094088792800903e+03	2.976000000000000156e+01
1.267555693864822388e+03	2.980000000000000071e+01
1.270019071340560913e+03	2.973000000000000043e+01
1.272482033252716064e+03	2.976000000000000156e+01
1.274944097280502319e+03	2.976000000000000156e+01
1.277406248569488525e+03	2.976000000000000156e+01
1.279869237899780273e+03	2.973000000000000043e+01
1.282332433462142944e+03	2.973000000000000043e+01
1.284794023990631104e+03	2.973000000000000043e+01
1.287257280111312866e+03	2.976000000000000156e+01
1.289720120429992676e+03	2.980000000000000071e+01
1.292182451248168945e+03	2.976000000000000156e+01
1.294645115613937378e+03	2.976000000000000156e+01
1.297107964515686035e+03	2.982999999999999829e+01
1.299569910287857056e+03	2.982999999999999829e+01
1.302032483816146851e+03	2.980000000000000071e+01
1.304495471000671387e+03	2.982999999999999829e+01
1.306958240270614624e+03	2.982999999999999829e+01
1.309420876026153564e+03	2.982999999999999829e+01
1.311883038520812988e+03	2.980000000000000071e+01
1.314345262765884399e+03	2.976000000000000156e+01
1.316807884454727173e+03	2.980000000000000071e+01
1.319270925998687744e+03	2.980000000000000071e+01
1.321733005285263062e+03	2.980000000000000071e+01
1.324196401357650757e+03	2.976000000000000156e+01
1.326658369064331055e+03	2.976000000000000156e+01
1.329121516942977905e+03	2.976000000000000156e+01
1.331584270477294922e+03	2.976000000000000156e+01
1.334046044111251831e+03	2.969999999999999929e+01
1.336508774042129517e+03	2.973000000000000043e+01
1.338971841812133789e+03	2.976000000000000156e+01
1.341434637308120728e+03	2.973000000000000043e+01
1.343896192550659180e+03	2.976000000000000156e+01
1.346359042406082153e+03	2.980000000000000071e+01
1.348821863651275635e+03	2.980000000000000071e+01
1.351284003973007202e+03	2.980000000000000071e+01
1.353747184514999390e+03	2.980000000000000071e+01
1.356209905862808228e+03	2.976000000000000156e+01
1.358672352790832520e+03	2.980000000000000071e+01
1.361134243011474609e+03	2.980000000000000071e+01
1.363597115516662598e+03	2.982999999999999829e+01
1.366059284687042236e+03	2.980000000000000071e+01
1.368522215604782104e+03	2.980000000000000071e+01
1.370985197067260742e+03	2.980000000000000071e+01
1.373448027133941650e+03	2.980000000000000071e+01
1.375910208463668823e+03	2.980000000000000071e+01
1.378373472213745117e+03	2.980000000000000071e+01
1.380835084915161133e+03	2.976000000000000156e+01
1.383297825336456299e+03	2.973000000000000043e+01
1.385760629415512085e+03	2.976000000000000156e+01
1.388222982645034790e+03	2.973000000000000043e+01
1.390686188697814941e+03	2.966000000000000014e+01
1.393148121356964111e+03	2.976000000000000156e+01
1.395610923767089844e+03	2.973000000000000043e+01
1.398073399066925049e+03	2.976000000000000156e+01
1.400535951852798462e+03	2.976000000000000156e+01
1.402998781919479370e+03	2.980000000000000071e+01
1.405461463451385498e+03	2.980000000000000071e+01
1.407923564910888672e+03	2.982999999999999829e+01
1.410386945962905884e+03	2.980000000000000071e+01
1.412849052667617798e+03	2.982999999999999829e+01
1.415311888217926025e+03	2.982999999999999829e+01
1.417773870706558228e+03	2.982999999999999829e+01
1.420237338066101074e+03	2.980000000000000071e+01
1.422699971437454224e+03	2.982999999999999829e+01
1.425161988496780396e+03	2.976000000000000156e+01
1.427625132560729980e+03	2.980000000000000071e+01
1.430087594270706177e+03	2.980000000000000071e+01
1.432550159454345703e+03	2.976000000000000156e+01
1.435012141227722168e+03	2.973000000000000043e+01
1.437475220203399658e+03	2.973000000000000043e+01
1.439938112020492554e+03	2.973000000000000043e+01
1.442399905204772949e+03	2.973000000000000043e+01
1.444862800836563110e+03	2.973000000000000043e+01
1.447324916839599609e+03	2.973000000000000043e+01
1.449787507772445679e+03	2.973000000000000043e+01
1.452249940633773804e+03	2.976000000000000156e+01
1.454712874412536621e+03	2.980000000000000071e+01
1.457175474166870117e+03	2.976000000000000156e+01
1.459638534069061279e+03	2.976000000000000156e+01
1.462101279497146606e+03	2.980000000000000071e+01
1.464564018726348877e+03	2.980000000000000071e+01
1.467025929212570190e+03	2.982999999999999829e+01
1.469489207267761230e+03	2.980000000000000071e+01
1.471951735258102417e+03	2.982999999999999829e+01
