# 20220728
# time			temp			
0.000000000000000000e+00	2.985999999999999943e+01
2.462028503417968750e+00	2.982999999999999829e+01
4.925317764282226562e+00	2.982999999999999829e+01
7.386804580688476562e+00	2.982999999999999829e+01
9.849517345428466797e+00	2.982999999999999829e+01
1.231319069862365723e+01	2.982999999999999829e+01
1.477546072006225586e+01	2.980000000000000071e+01
1.723789310455322266e+01	2.982999999999999829e+01
1.970077967643737793e+01	2.980000000000000071e+01
2.216286087036132812e+01	2.976000000000000156e+01
2.462519550323486328e+01	2.980000000000000071e+01
2.708819723129272461e+01	2.973000000000000043e+01
2.955047678947448730e+01	2.976000000000000156e+01
3.201340913772583008e+01	2.973000000000000043e+01
3.447608399391174316e+01	2.973000000000000043e+01
3.693860435485839844e+01	2.980000000000000071e+01
3.940151667594909668e+01	2.980000000000000071e+01
4.186346483230590820e+01	2.980000000000000071e+01
4.432658720016479492e+01	2.980000000000000071e+01
4.678873705863952637e+01	2.980000000000000071e+01
4.925126671791076660e+01	2.980000000000000071e+01
5.171427726745605469e+01	2.980000000000000071e+01
5.417680406570434570e+01	2.980000000000000071e+01
5.663912987709045410e+01	2.982999999999999829e+01
5.910128545761108398e+01	2.982999999999999829e+01
6.156475782394409180e+01	2.982999999999999829e+01
6.402679324150085449e+01	2.980000000000000071e+01
6.648980283737182617e+01	2.980000000000000071e+01
6.895232415199279785e+01	2.982999999999999829e+01
7.141526389122009277e+01	2.980000000000000071e+01
7.387688779830932617e+01	2.985999999999999943e+01
7.634067630767822266e+01	2.980000000000000071e+01
7.880270624160766602e+01	2.982999999999999829e+01
8.126455664634704590e+01	2.980000000000000071e+01
8.372796821594238281e+01	2.982999999999999829e+01
8.619032335281372070e+01	2.982999999999999829e+01
8.865246820449829102e+01	2.982999999999999829e+01
9.111461377143859863e+01	2.982999999999999829e+01
9.357830119132995605e+01	2.985999999999999943e+01
9.604080176353454590e+01	2.982999999999999829e+01
9.850278782844543457e+01	2.982999999999999829e+01
1.009660546779632568e+02	2.980000000000000071e+01
1.034280066490173340e+02	2.980000000000000071e+01
1.058907339572906494e+02	2.982999999999999829e+01
1.083530278205871582e+02	2.980000000000000071e+01
1.108166615962982178e+02	2.982999999999999829e+01
1.132789804935455322e+02	2.976000000000000156e+01
1.157408714294433594e+02	2.980000000000000071e+01
1.182036399841308594e+02	2.976000000000000156e+01
1.206659820079803467e+02	2.982999999999999829e+01
1.231288862228393555e+02	2.980000000000000071e+01
1.255915231704711914e+02	2.982999999999999829e+01
1.280536549091339111e+02	2.985999999999999943e+01
1.305163631439208984e+02	2.985999999999999943e+01
1.329798247814178467e+02	2.982999999999999829e+01
1.354424493312835693e+02	2.985999999999999943e+01
1.379048235416412354e+02	2.982999999999999829e+01
1.403663465976715088e+02	2.989999999999999858e+01
1.428297154903411865e+02	2.982999999999999829e+01
1.452925615310668945e+02	2.989999999999999858e+01
1.477547531127929688e+02	2.985999999999999943e+01
1.502173314094543457e+02	2.980000000000000071e+01
1.526800386905670166e+02	2.980000000000000071e+01
1.551427509784698486e+02	2.976000000000000156e+01
1.576052210330963135e+02	2.980000000000000071e+01
1.600675146579742432e+02	2.976000000000000156e+01
1.625305678844451904e+02	2.980000000000000071e+01
1.649929456710815430e+02	2.980000000000000071e+01
1.674559092521667480e+02	2.982999999999999829e+01
1.699184668064117432e+02	2.980000000000000071e+01
1.723806369304656982e+02	2.982999999999999829e+01
1.748435988426208496e+02	2.985999999999999943e+01
1.773061895370483398e+02	2.985999999999999943e+01
1.797686281204223633e+02	2.985999999999999943e+01
1.822305417060852051e+02	2.980000000000000071e+01
1.846941404342651367e+02	2.982999999999999829e+01
1.871568450927734375e+02	2.989999999999999858e+01
1.896185555458068848e+02	2.982999999999999829e+01
1.920813660621643066e+02	2.982999999999999829e+01
1.945443832874298096e+02	2.980000000000000071e+01
1.970072185993194580e+02	2.980000000000000071e+01
1.994695951938629150e+02	2.980000000000000071e+01
2.019320406913757324e+02	2.980000000000000071e+01
2.043946855068206787e+02	2.980000000000000071e+01
2.068566198348999023e+02	2.976000000000000156e+01
2.093193559646606445e+02	2.980000000000000071e+01
2.117825222015380859e+02	2.980000000000000071e+01
2.142436783313751221e+02	2.982999999999999829e+01
2.167073702812194824e+02	2.985999999999999943e+01
2.191694114208221436e+02	2.980000000000000071e+01
2.216324951648712158e+02	2.980000000000000071e+01
2.240946950912475586e+02	2.982999999999999829e+01
2.265580518245697021e+02	2.982999999999999829e+01
2.290206561088562012e+02	2.982999999999999829e+01
2.314830482006072998e+02	2.982999999999999829e+01
2.339457063674926758e+02	2.980000000000000071e+01
2.364080972671508789e+02	2.976000000000000156e+01
2.388712730407714844e+02	2.980000000000000071e+01
2.413329460620880127e+02	2.976000000000000156e+01
2.437957131862640381e+02	2.976000000000000156e+01
2.462585012912750244e+02	2.976000000000000156e+01
2.487213764190673828e+02	2.976000000000000156e+01
2.511840064525604248e+02	2.980000000000000071e+01
2.536467063426971436e+02	2.980000000000000071e+01
2.561087987422943115e+02	2.980000000000000071e+01
2.585716817378997803e+02	2.980000000000000071e+01
2.610339589118957520e+02	2.976000000000000156e+01
2.634968707561492920e+02	2.982999999999999829e+01
2.659592127799987793e+02	2.982999999999999829e+01
2.684215724468231201e+02	2.982999999999999829e+01
2.708850431442260742e+02	2.985999999999999943e+01
2.733462462425231934e+02	2.982999999999999829e+01
2.758098883628845215e+02	2.982999999999999829e+01
2.782723798751831055e+02	2.982999999999999829e+01
2.807343463897705078e+02	2.982999999999999829e+01
2.831972284317016602e+02	2.985999999999999943e+01
2.856597740650177002e+02	2.985999999999999943e+01
2.881220102310180664e+02	2.982999999999999829e+01
2.905847287178039551e+02	2.982999999999999829e+01
2.930479352474212646e+02	2.980000000000000071e+01
2.955104312896728516e+02	2.982999999999999829e+01
2.979726514816284180e+02	2.982999999999999829e+01
3.004356875419616699e+02	2.980000000000000071e+01
3.028979008197784424e+02	2.980000000000000071e+01
3.053610162734985352e+02	2.980000000000000071e+01
3.078230423927307129e+02	2.980000000000000071e+01
3.102852280139923096e+02	2.982999999999999829e+01
3.127482621669769287e+02	2.980000000000000071e+01
3.152111034393310547e+02	2.980000000000000071e+01
3.176731874942779541e+02	2.982999999999999829e+01
3.201356241703033447e+02	2.982999999999999829e+01
3.225985629558563232e+02	2.985999999999999943e+01
3.250607924461364746e+02	2.982999999999999829e+01
3.275236382484436035e+02	2.985999999999999943e+01
3.299861102104187012e+02	2.985999999999999943e+01
3.324491212368011475e+02	2.985999999999999943e+01
3.349114081859588623e+02	2.982999999999999829e+01
3.373747920989990234e+02	2.982999999999999829e+01
3.398364844322204590e+02	2.982999999999999829e+01
3.422998123168945312e+02	2.980000000000000071e+01
3.447615694999694824e+02	2.980000000000000071e+01
3.472241296768188477e+02	2.980000000000000071e+01
3.496872835159301758e+02	2.982999999999999829e+01
3.521497077941894531e+02	2.982999999999999829e+01
3.546118662357330322e+02	2.976000000000000156e+01
3.570748145580291748e+02	2.980000000000000071e+01
3.595372562408447266e+02	2.980000000000000071e+01
3.620004136562347412e+02	2.976000000000000156e+01
3.644632527828216553e+02	2.982999999999999829e+01
3.669253990650177002e+02	2.982999999999999829e+01
3.693880536556243896e+02	2.985999999999999943e+01
3.718507506847381592e+02	2.980000000000000071e+01
3.743134071826934814e+02	2.980000000000000071e+01
3.767753808498382568e+02	2.982999999999999829e+01
3.792380478382110596e+02	2.982999999999999829e+01
3.817007217407226562e+02	2.980000000000000071e+01
3.841638858318328857e+02	2.980000000000000071e+01
3.866261940002441406e+02	2.980000000000000071e+01
3.890888996124267578e+02	2.980000000000000071e+01
3.915506219863891602e+02	2.976000000000000156e+01
3.940136721134185791e+02	2.976000000000000156e+01
3.964766178131103516e+02	2.980000000000000071e+01
3.989389481544494629e+02	2.982999999999999829e+01
4.014016542434692383e+02	2.976000000000000156e+01
4.038644490242004395e+02	2.980000000000000071e+01
4.063269531726837158e+02	2.980000000000000071e+01
4.087889621257781982e+02	2.982999999999999829e+01
4.112518813610076904e+02	2.982999999999999829e+01
4.137145705223083496e+02	2.982999999999999829e+01
4.161771533489227295e+02	2.982999999999999829e+01
4.186395771503448486e+02	2.982999999999999829e+01
4.211016423702239990e+02	2.989999999999999858e+01
4.235651123523712158e+02	2.989999999999999858e+01
4.260274312496185303e+02	2.985999999999999943e+01
4.284897229671478271e+02	2.989999999999999858e+01
4.309530158042907715e+02	2.985999999999999943e+01
4.334156596660614014e+02	2.982999999999999829e+01
4.358784782886505127e+02	2.985999999999999943e+01
4.383410346508026123e+02	2.985999999999999943e+01
4.408028001785278320e+02	2.982999999999999829e+01
4.432658274173736572e+02	2.982999999999999829e+01
4.457279386520385742e+02	2.982999999999999829e+01
4.481907694339752197e+02	2.980000000000000071e+01
4.506523606777191162e+02	2.980000000000000071e+01
4.531161262989044189e+02	2.982999999999999829e+01
4.555785706043243408e+02	2.976000000000000156e+01
4.580411024093627930e+02	2.976000000000000156e+01
4.605036187171936035e+02	2.982999999999999829e+01
4.629663476943969727e+02	2.980000000000000071e+01
4.654293758869171143e+02	2.976000000000000156e+01
4.678909251689910889e+02	2.982999999999999829e+01
4.703537664413452148e+02	2.982999999999999829e+01
4.728164699077606201e+02	2.980000000000000071e+01
4.752790429592132568e+02	2.982999999999999829e+01
4.777416775226593018e+02	2.985999999999999943e+01
4.802048258781433105e+02	2.985999999999999943e+01
4.826669273376464844e+02	2.982999999999999829e+01
4.851301543712615967e+02	2.985999999999999943e+01
4.875922329425811768e+02	2.985999999999999943e+01
4.900544340610504150e+02	2.982999999999999829e+01
4.925180482864379883e+02	2.982999999999999829e+01
4.949804203510284424e+02	2.980000000000000071e+01
4.974425785541534424e+02	2.982999999999999829e+01
4.999045729637145996e+02	2.980000000000000071e+01
5.023679189682006836e+02	2.976000000000000156e+01
5.048308467864990234e+02	2.976000000000000156e+01
5.072932286262512207e+02	2.976000000000000156e+01
5.097555320262908936e+02	2.976000000000000156e+01
5.122177278995513916e+02	2.980000000000000071e+01
5.146806089878082275e+02	2.976000000000000156e+01
5.171429746150970459e+02	2.980000000000000071e+01
5.196059858798980713e+02	2.980000000000000071e+01
5.220679008960723877e+02	2.982999999999999829e+01
5.245312652587890625e+02	2.982999999999999829e+01
5.269935770034790039e+02	2.980000000000000071e+01
5.294559717178344727e+02	2.985999999999999943e+01
5.319187853336334229e+02	2.985999999999999943e+01
5.343815295696258545e+02	2.982999999999999829e+01
5.368436653614044189e+02	2.982999999999999829e+01
5.393070604801177979e+02	2.982999999999999829e+01
5.417697458267211914e+02	2.985999999999999943e+01
5.442321152687072754e+02	2.982999999999999829e+01
5.466949450969696045e+02	2.980000000000000071e+01
5.491570415496826172e+02	2.976000000000000156e+01
5.516198921203613281e+02	2.976000000000000156e+01
5.540816423892974854e+02	2.976000000000000156e+01
5.565450844764709473e+02	2.976000000000000156e+01
5.590070602893829346e+02	2.976000000000000156e+01
5.614698221683502197e+02	2.980000000000000071e+01
5.639324495792388916e+02	2.976000000000000156e+01
5.663950548171997070e+02	2.976000000000000156e+01
5.688577599525451660e+02	2.980000000000000071e+01
5.713196642398834229e+02	2.980000000000000071e+01
5.737827107906341553e+02	2.980000000000000071e+01
5.762457289695739746e+02	2.982999999999999829e+01
5.787079498767852783e+02	2.980000000000000071e+01
5.811695120334625244e+02	2.982999999999999829e+01
5.836328539848327637e+02	2.985999999999999943e+01
5.860955979824066162e+02	2.982999999999999829e+01
5.885589764118194580e+02	2.982999999999999829e+01
5.910211036205291748e+02	2.985999999999999943e+01
5.934836869239807129e+02	2.982999999999999829e+01
5.959458804130554199e+02	2.982999999999999829e+01
5.984092078208923340e+02	2.982999999999999829e+01
6.008705739974975586e+02	2.982999999999999829e+01
6.033346436023712158e+02	2.982999999999999829e+01
6.057969899177551270e+02	2.982999999999999829e+01
6.082588803768157959e+02	2.982999999999999829e+01
6.107216043472290039e+02	2.982999999999999829e+01
6.131849262714385986e+02	2.980000000000000071e+01
6.156471030712127686e+02	2.982999999999999829e+01
6.181098823547363281e+02	2.980000000000000071e+01
6.205722410678863525e+02	2.980000000000000071e+01
6.230346584320068359e+02	2.980000000000000071e+01
6.254973559379577637e+02	2.976000000000000156e+01
6.279599125385284424e+02	2.976000000000000156e+01
6.304222126007080078e+02	2.976000000000000156e+01
6.328850805759429932e+02	2.982999999999999829e+01
6.353476846218109131e+02	2.980000000000000071e+01
6.378098957538604736e+02	2.982999999999999829e+01
6.402729990482330322e+02	2.980000000000000071e+01
6.427357285022735596e+02	2.982999999999999829e+01
6.451980280876159668e+02	2.985999999999999943e+01
6.476610438823699951e+02	2.982999999999999829e+01
6.501228036880493164e+02	2.985999999999999943e+01
6.525853886604309082e+02	2.982999999999999829e+01
6.550487942695617676e+02	2.989999999999999858e+01
6.575108575820922852e+02	2.985999999999999943e+01
6.599730584621429443e+02	2.985999999999999943e+01
6.624357280731201172e+02	2.985999999999999943e+01
6.648990676403045654e+02	2.982999999999999829e+01
6.673617148399353027e+02	2.980000000000000071e+01
6.698240344524383545e+02	2.980000000000000071e+01
6.722862515449523926e+02	2.976000000000000156e+01
6.747494113445281982e+02	2.976000000000000156e+01
6.772116982936859131e+02	2.969999999999999929e+01
6.796748127937316895e+02	2.973000000000000043e+01
6.821369373798370361e+02	2.973000000000000043e+01
6.845992233753204346e+02	2.973000000000000043e+01
6.870622026920318604e+02	2.973000000000000043e+01
6.895244266986846924e+02	2.976000000000000156e+01
6.919878685474395752e+02	2.973000000000000043e+01
6.944504473209381104e+02	2.976000000000000156e+01
6.969121477603912354e+02	2.980000000000000071e+01
6.993757433891296387e+02	2.980000000000000071e+01
7.018381240367889404e+02	2.976000000000000156e+01
7.043008224964141846e+02	2.980000000000000071e+01
7.067628521919250488e+02	2.982999999999999829e+01
7.092255625724792480e+02	2.980000000000000071e+01
7.116884903907775879e+02	2.982999999999999829e+01
7.141501865386962891e+02	2.982999999999999829e+01
7.166135179996490479e+02	2.982999999999999829e+01
7.190761044025421143e+02	2.982999999999999829e+01
7.215386431217193604e+02	2.982999999999999829e+01
7.240016877651214600e+02	2.982999999999999829e+01
7.264640998840332031e+02	2.982999999999999829e+01
7.289267671108245850e+02	2.980000000000000071e+01
7.313888089656829834e+02	2.982999999999999829e+01
7.338519091606140137e+02	2.980000000000000071e+01
7.363141820430755615e+02	2.980000000000000071e+01
7.387761161327362061e+02	2.980000000000000071e+01
7.412393016815185547e+02	2.976000000000000156e+01
7.437021269798278809e+02	2.982999999999999829e+01
7.461644847393035889e+02	2.973000000000000043e+01
7.486267728805541992e+02	2.980000000000000071e+01
7.510894279479980469e+02	2.980000000000000071e+01
7.535520520210266113e+02	2.980000000000000071e+01
7.560149168968200684e+02	2.980000000000000071e+01
7.584770660400390625e+02	2.985999999999999943e+01
7.609388198852539062e+02	2.982999999999999829e+01
7.634021999835968018e+02	2.982999999999999829e+01
7.658650434017181396e+02	2.989999999999999858e+01
7.683277325630187988e+02	2.982999999999999829e+01
7.707906208038330078e+02	2.985999999999999943e+01
7.732528302669525146e+02	2.982999999999999829e+01
7.757157108783721924e+02	2.985999999999999943e+01
7.781783130168914795e+02	2.982999999999999829e+01
7.806403918266296387e+02	2.980000000000000071e+01
7.831033766269683838e+02	2.982999999999999829e+01
7.855657982826232910e+02	2.980000000000000071e+01
7.880289196968078613e+02	2.980000000000000071e+01
7.904904615879058838e+02	2.980000000000000071e+01
7.929537091255187988e+02	2.973000000000000043e+01
7.954163997173309326e+02	2.976000000000000156e+01
7.978783900737762451e+02	2.976000000000000156e+01
8.003411507606506348e+02	2.976000000000000156e+01
8.028043355941772461e+02	2.976000000000000156e+01
8.052663223743438721e+02	2.976000000000000156e+01
8.077298676967620850e+02	2.976000000000000156e+01
8.101917939186096191e+02	2.980000000000000071e+01
8.126542556285858154e+02	2.980000000000000071e+01
8.151170828342437744e+02	2.980000000000000071e+01
8.175793185234069824e+02	2.980000000000000071e+01
8.200417513847351074e+02	2.982999999999999829e+01
8.225046834945678711e+02	2.982999999999999829e+01
8.249669430255889893e+02	2.982999999999999829e+01
8.274299731254577637e+02	2.982999999999999829e+01
8.298924396038055420e+02	2.985999999999999943e+01
8.323545606136322021e+02	2.982999999999999829e+01
8.348175451755523682e+02	2.985999999999999943e+01
8.372808992862701416e+02	2.982999999999999829e+01
8.397421710491180420e+02	2.982999999999999829e+01
8.422058238983154297e+02	2.982999999999999829e+01
8.446683654785156250e+02	2.976000000000000156e+01
8.471310758590698242e+02	2.980000000000000071e+01
8.495934462547302246e+02	2.980000000000000071e+01
8.520559449195861816e+02	2.980000000000000071e+01
8.545179111957550049e+02	2.976000000000000156e+01
8.569805169105529785e+02	2.980000000000000071e+01
8.594436831474304199e+02	2.976000000000000156e+01
8.619063336849212646e+02	2.980000000000000071e+01
8.643689320087432861e+02	2.982999999999999829e+01
8.668307282924652100e+02	2.982999999999999829e+01
8.692936635017395020e+02	2.982999999999999829e+01
8.717568342685699463e+02	2.982999999999999829e+01
8.742190721035003662e+02	2.982999999999999829e+01
8.766817617416381836e+02	2.982999999999999829e+01
8.791444756984710693e+02	2.985999999999999943e+01
8.816066699028015137e+02	2.985999999999999943e+01
8.840698182582855225e+02	2.985999999999999943e+01
8.865322799682617188e+02	2.985999999999999943e+01
8.889950597286224365e+02	2.980000000000000071e+01
8.914569919109344482e+02	2.980000000000000071e+01
8.939196383953094482e+02	2.980000000000000071e+01
8.963830325603485107e+02	2.980000000000000071e+01
8.988454964160919189e+02	2.980000000000000071e+01
9.013078653812408447e+02	2.980000000000000071e+01
9.037699649333953857e+02	2.976000000000000156e+01
9.062324578762054443e+02	2.980000000000000071e+01
9.086957995891571045e+02	2.982999999999999829e+01
9.111577591896057129e+02	2.980000000000000071e+01
9.136204855442047119e+02	2.982999999999999829e+01
9.160833313465118408e+02	2.982999999999999829e+01
9.185460445880889893e+02	2.982999999999999829e+01
9.210079848766326904e+02	2.982999999999999829e+01
9.234707412719726562e+02	2.982999999999999829e+01
9.259333317279815674e+02	2.985999999999999943e+01
9.283963196277618408e+02	2.980000000000000071e+01
9.308584082126617432e+02	2.985999999999999943e+01
9.333207259178161621e+02	2.982999999999999829e+01
9.357843897342681885e+02	2.982999999999999829e+01
9.382468674182891846e+02	2.982999999999999829e+01
9.407094559669494629e+02	2.982999999999999829e+01
9.431720161437988281e+02	2.980000000000000071e+01
9.456341481208801270e+02	2.976000000000000156e+01
9.480966558456420898e+02	2.980000000000000071e+01
9.505591232776641846e+02	2.980000000000000071e+01
9.530219800472259521e+02	2.980000000000000071e+01
9.554849598407745361e+02	2.980000000000000071e+01
9.579473693370819092e+02	2.980000000000000071e+01
9.604093480110168457e+02	2.982999999999999829e+01
9.628719632625579834e+02	2.982999999999999829e+01
9.653350329399108887e+02	2.982999999999999829e+01
9.677977457046508789e+02	2.982999999999999829e+01
9.702603693008422852e+02	2.982999999999999829e+01
9.727231438159942627e+02	2.982999999999999829e+01
9.751854727268218994e+02	2.980000000000000071e+01
9.776479310989379883e+02	2.980000000000000071e+01
9.801105935573577881e+02	2.980000000000000071e+01
9.825730621814727783e+02	2.980000000000000071e+01
9.850353214740753174e+02	2.980000000000000071e+01
9.874987018108367920e+02	2.976000000000000156e+01
9.899598171710968018e+02	2.973000000000000043e+01
9.924238080978393555e+02	2.980000000000000071e+01
9.948856580257415771e+02	2.976000000000000156e+01
9.973486876487731934e+02	2.976000000000000156e+01
9.998116905689239502e+02	2.980000000000000071e+01
1.002274040699005127e+03	2.980000000000000071e+01
1.004736256837844849e+03	2.980000000000000071e+01
1.007199301958084106e+03	2.982999999999999829e+01
1.009661961078643799e+03	2.980000000000000071e+01
1.012123560905456543e+03	2.985999999999999943e+01
1.014587063074111938e+03	2.982999999999999829e+01
1.017049673080444336e+03	2.985999999999999943e+01
1.019512608289718628e+03	2.989999999999999858e+01
1.021974821090698242e+03	2.985999999999999943e+01
1.024437088489532471e+03	2.985999999999999943e+01
1.026899775743484497e+03	2.982999999999999829e+01
1.029362154245376587e+03	2.985999999999999943e+01
1.031824654340744019e+03	2.982999999999999829e+01
1.034286891937255859e+03	2.980000000000000071e+01
1.036749962568283081e+03	2.980000000000000071e+01
1.039211777448654175e+03	2.980000000000000071e+01
1.041675505399703979e+03	2.982999999999999829e+01
1.044137828350067139e+03	2.980000000000000071e+01
1.046600763082504272e+03	2.980000000000000071e+01
1.049063141107559204e+03	2.980000000000000071e+01
1.051525675535202026e+03	2.980000000000000071e+01
1.053988133668899536e+03	2.982999999999999829e+01
1.056450242519378662e+03	2.982999999999999829e+01
1.058913740158081055e+03	2.982999999999999829e+01
1.061375823497772217e+03	2.982999999999999829e+01
1.063838913917541504e+03	2.980000000000000071e+01
1.066301206588745117e+03	2.982999999999999829e+01
1.068764178037643433e+03	2.980000000000000071e+01
1.071226073265075684e+03	2.985999999999999943e+01
1.073689004182815552e+03	2.982999999999999829e+01
1.076151453733444214e+03	2.985999999999999943e+01
1.078613578557968140e+03	2.982999999999999829e+01
1.081075773477554321e+03	2.982999999999999829e+01
1.083539335727691650e+03	2.982999999999999829e+01
1.086001679420471191e+03	2.985999999999999943e+01
1.088464396953582764e+03	2.980000000000000071e+01
1.090927677392959595e+03	2.985999999999999943e+01
1.093389634609222412e+03	2.980000000000000071e+01
1.095851799011230469e+03	2.980000000000000071e+01
1.098314278125762939e+03	2.976000000000000156e+01
1.100776745080947876e+03	2.976000000000000156e+01
1.103240141153335571e+03	2.976000000000000156e+01
1.105702208518981934e+03	2.976000000000000156e+01
1.108164822578430176e+03	2.976000000000000156e+01
1.110627722740173340e+03	2.976000000000000156e+01
1.113090442657470703e+03	2.976000000000000156e+01
1.115552831888198853e+03	2.980000000000000071e+01
1.118015813112258911e+03	2.982999999999999829e+01
1.120478438377380371e+03	2.980000000000000071e+01
1.122940424680709839e+03	2.982999999999999829e+01
1.125403176784515381e+03	2.985999999999999943e+01
1.127865506887435913e+03	2.982999999999999829e+01
1.130328114509582520e+03	2.982999999999999829e+01
1.132790766000747681e+03	2.982999999999999829e+01
1.135252976179122925e+03	2.985999999999999943e+01
1.137716361999511719e+03	2.982999999999999829e+01
1.140178036212921143e+03	2.980000000000000071e+01
1.142641812324523926e+03	2.980000000000000071e+01
1.145104132413864136e+03	2.982999999999999829e+01
1.147566177129745483e+03	2.976000000000000156e+01
1.150028920888900757e+03	2.976000000000000156e+01
1.152492175579071045e+03	2.976000000000000156e+01
1.154954684972763062e+03	2.973000000000000043e+01
1.157417166709899902e+03	2.973000000000000043e+01
1.159879037857055664e+03	2.976000000000000156e+01
1.162341563701629639e+03	2.980000000000000071e+01
1.164804053544998169e+03	2.980000000000000071e+01
1.167267870664596558e+03	2.976000000000000156e+01
1.169730239391326904e+03	2.980000000000000071e+01
1.172192898035049438e+03	2.982999999999999829e+01
1.174655000448226929e+03	2.982999999999999829e+01
1.177117908954620361e+03	2.980000000000000071e+01
1.179579571723937988e+03	2.982999999999999829e+01
1.182042866230010986e+03	2.980000000000000071e+01
1.184504698514938354e+03	2.982999999999999829e+01
1.186968654155731201e+03	2.985999999999999943e+01
1.189430814266204834e+03	2.982999999999999829e+01
1.191893012523651123e+03	2.982999999999999829e+01
1.194355222225189209e+03	2.980000000000000071e+01
1.196818741559982300e+03	2.982999999999999829e+01
1.199281301975250244e+03	2.982999999999999829e+01
1.201742978572845459e+03	2.982999999999999829e+01
1.204205557107925415e+03	2.980000000000000071e+01
1.206668340444564819e+03	2.980000000000000071e+01
1.209131515741348267e+03	2.980000000000000071e+01
1.211594275474548340e+03	2.982999999999999829e+01
1.214056751489639282e+03	2.976000000000000156e+01
1.216519165515899658e+03	2.982999999999999829e+01
1.218982052564620972e+03	2.980000000000000071e+01
1.221443981409072876e+03	2.980000000000000071e+01
1.223906914949417114e+03	2.982999999999999829e+01
1.226369507551193237e+03	2.982999999999999829e+01
1.228832272291183472e+03	2.982999999999999829e+01
1.231293893098831177e+03	2.985999999999999943e+01
1.233757201194763184e+03	2.982999999999999829e+01
1.236220259189605713e+03	2.985999999999999943e+01
1.238682986736297607e+03	2.980000000000000071e+01
1.241144632816314697e+03	2.982999999999999829e+01
1.243607223033905029e+03	2.976000000000000156e+01
1.246070235252380371e+03	2.980000000000000071e+01
1.248532678604125977e+03	2.980000000000000071e+01
1.250995388269424438e+03	2.980000000000000071e+01
1.253458508014678955e+03	2.976000000000000156e+01
1.255920433521270752e+03	2.976000000000000156e+01
1.258383358955383301e+03	2.973000000000000043e+01
1.260845424175262451e+03	2.976000000000000156e+01
1.263308013200759888e+03	2.980000000000000071e+01
1.265770676612854004e+03	2.980000000000000071e+01
1.268233331918716431e+03	2.976000000000000156e+01
1.270695715904235840e+03	2.980000000000000071e+01
1.273158845663070679e+03	2.980000000000000071e+01
1.275621920824050903e+03	2.982999999999999829e+01
1.278083830833435059e+03	2.982999999999999829e+01
1.280546874284744263e+03	2.985999999999999943e+01
1.283009126186370850e+03	2.985999999999999943e+01
1.285471277475357056e+03	2.982999999999999829e+01
1.287934466123580933e+03	2.980000000000000071e+01
1.290396905422210693e+03	2.982999999999999829e+01
1.292859889268875122e+03	2.980000000000000071e+01
1.295322200298309326e+03	2.980000000000000071e+01
1.297785190820693970e+03	2.982999999999999829e+01
1.300247334718704224e+03	2.982999999999999829e+01
1.302710081815719604e+03	2.980000000000000071e+01
1.305172420978546143e+03	2.980000000000000071e+01
1.307635321140289307e+03	2.982999999999999829e+01
1.310097398519515991e+03	2.980000000000000071e+01
1.312559795618057251e+03	2.982999999999999829e+01
1.315023122310638428e+03	2.980000000000000071e+01
1.317485730886459351e+03	2.982999999999999829e+01
1.319947022914886475e+03	2.980000000000000071e+01
1.322409924507141113e+03	2.980000000000000071e+01
1.324873289346694946e+03	2.982999999999999829e+01
1.327335191011428833e+03	2.980000000000000071e+01
1.329798395633697510e+03	2.980000000000000071e+01
1.332261315584182739e+03	2.980000000000000071e+01
1.334723750114440918e+03	2.980000000000000071e+01
1.337185488700866699e+03	2.982999999999999829e+01
1.339648477792739868e+03	2.980000000000000071e+01
1.342110702037811279e+03	2.980000000000000071e+01
1.344573959827423096e+03	2.980000000000000071e+01
1.347035938978195190e+03	2.980000000000000071e+01
1.349499158143997192e+03	2.982999999999999829e+01
1.351961951732635498e+03	2.982999999999999829e+01
1.354423946857452393e+03	2.980000000000000071e+01
1.356886982440948486e+03	2.982999999999999829e+01
1.359349481105804443e+03	2.982999999999999829e+01
1.361811831474304199e+03	2.973000000000000043e+01
1.364273970127105713e+03	2.980000000000000071e+01
1.366737148761749268e+03	2.976000000000000156e+01
1.369199948072433472e+03	2.976000000000000156e+01
1.371661780834197998e+03	2.980000000000000071e+01
1.374124993324279785e+03	2.980000000000000071e+01
1.376587107419967651e+03	2.982999999999999829e+01
1.379050425767898560e+03	2.982999999999999829e+01
1.381512805938720703e+03	2.985999999999999943e+01
1.383975110054016113e+03	2.982999999999999829e+01
1.386437840938568115e+03	2.985999999999999943e+01
1.388900321006774902e+03	2.982999999999999829e+01
1.391361975193023682e+03	2.982999999999999829e+01
1.393825295925140381e+03	2.985999999999999943e+01
1.396288328409194946e+03	2.985999999999999943e+01
1.398750553369522095e+03	2.985999999999999943e+01
1.401213340520858765e+03	2.982999999999999829e+01
1.403676365852355957e+03	2.985999999999999943e+01
1.406138249874114990e+03	2.982999999999999829e+01
1.408600723028182983e+03	2.980000000000000071e+01
1.411062936782836914e+03	2.980000000000000071e+01
1.413526372432708740e+03	2.980000000000000071e+01
1.415989051818847656e+03	2.976000000000000156e+01
1.418451145648956299e+03	2.976000000000000156e+01
1.420913902997970581e+03	2.976000000000000156e+01
1.423376495838165283e+03	2.976000000000000156e+01
1.425838688611984253e+03	2.973000000000000043e+01
1.428301828622817993e+03	2.976000000000000156e+01
1.430764334440231323e+03	2.980000000000000071e+01
1.433226712226867676e+03	2.976000000000000156e+01
1.435689889192581177e+03	2.976000000000000156e+01
1.438152493476867676e+03	2.982999999999999829e+01
1.440614979982376099e+03	2.980000000000000071e+01
1.443076868772506714e+03	2.980000000000000071e+01
1.445539529085159302e+03	2.980000000000000071e+01
1.448002686262130737e+03	2.982999999999999829e+01
1.450465233564376831e+03	2.985999999999999943e+01
1.452927787542343140e+03	2.980000000000000071e+01
1.455390608787536621e+03	2.980000000000000071e+01
1.457852356433868408e+03	2.982999999999999829e+01
1.460315305233001709e+03	2.982999999999999829e+01
1.462777916908264160e+03	2.980000000000000071e+01
1.465240439176559448e+03	2.980000000000000071e+01
1.467702645778656006e+03	2.976000000000000156e+01
1.470166062116622925e+03	2.982999999999999829e+01
1.472628375530242920e+03	2.980000000000000071e+01
1.475090770721435547e+03	2.980000000000000071e+01
