# PIO_at_kp=337, ki=1.5,kd=15, setpoint = 72.5
# time(s)_337			Temp(K)_337			
0.000000000000000000e+00	7.184562800000000493e+01
5.715614795684814453e+00	7.168802100000000621e+01
1.182851576805114746e+01	7.159116500000000372e+01
1.755125713348388672e+01	7.156294800000000578e+01
2.363567757606506348e+01	7.155668400000000418e+01
2.935086607933044434e+01	7.155956100000000220e+01
3.506756544113159180e+01	7.156172499999999559e+01
4.107386159896850586e+01	7.156370300000000384e+01
4.679526209831237793e+01	7.156664299999999912e+01
5.252013158798217773e+01	7.156667600000000107e+01
5.853386092185974121e+01	7.156593599999999356e+01
6.427648210525512695e+01	7.156701999999999941e+01
7.037772560119628906e+01	7.156617799999999363e+01
7.609814262390136719e+01	7.156779299999999466e+01
8.183723139762878418e+01	7.156595099999999832e+01
8.785529971122741699e+01	7.156385799999999620e+01
9.357538032531738281e+01	7.156406800000000601e+01
9.931746625900268555e+01	7.156245400000000245e+01
