# PIO_at_kp=120, ki=0.51,kd=100, setpoint = 19.40463325
# time(s)_120			Temp(K)_120			
0.000000000000000000e+00	1.695917899999999889e+01
5.746104240417480469e+00	1.884848900000000071e+01
1.147211790084838867e+01	1.852155799999999886e+01
1.722514605522155762e+01	2.000824199999999919e+01
2.293770933151245117e+01	1.965480499999999964e+01
2.868610692024230957e+01	2.072331600000000051e+01
3.440877175331115723e+01	2.038137499999999847e+01
4.014813232421875000e+01	2.107550200000000018e+01
4.589119648933410645e+01	2.075627599999999973e+01
5.164022135734558105e+01	2.121901099999999829e+01
5.738028478622436523e+01	2.092538800000000165e+01
6.310118150711059570e+01	2.142916400000000010e+01
6.882264637947082520e+01	2.113512800000000169e+01
7.457189798355102539e+01	2.142247400000000113e+01
8.028562998771667480e+01	2.115281099999999981e+01
8.603811383247375488e+01	2.126048199999999966e+01
9.178127837181091309e+01	2.114853899999999953e+01
9.752303719520568848e+01	2.098421499999999895e+01
1.032597208023071289e+02	2.116257299999999830e+01
1.090062513351440430e+02	2.081878299999999982e+01
1.147497208118438721e+02	2.121040400000000048e+01
1.204720778465270996e+02	2.094322999999999979e+01
1.262260909080505371e+02	2.138193700000000064e+01
1.319440922737121582e+02	2.110704000000000136e+01
1.376868445873260498e+02	2.134658200000000150e+01
1.434418959617614746e+02	2.106343400000000088e+01
1.491894986629486084e+02	2.122089000000000070e+01
1.549381971359252930e+02	2.107219200000000114e+01
1.606930899620056152e+02	2.093662000000000134e+01
1.664235575199127197e+02	2.107910400000000095e+01
1.721653695106506348e+02	2.070452299999999823e+01
1.778848760128021240e+02	2.118136399999999853e+01
1.836272947788238525e+02	2.090648900000000054e+01
1.893540806770324707e+02	2.116341099999999997e+01
1.951043453216552734e+02	2.089749600000000029e+01
2.008287250995635986e+02	2.103600700000000145e+01
2.065814936161041260e+02	2.075926199999999966e+01
2.123110156059265137e+02	2.118415900000000107e+01
2.180571141242980957e+02	2.091270000000000095e+01
2.238017203807830811e+02	2.117690100000000086e+01
2.295339581966400146e+02	2.090755899999999912e+01
2.352886922359466553e+02	2.106924199999999914e+01
2.410367152690887451e+02	2.078763700000000014e+01
2.467957584857940674e+02	2.123668999999999940e+01
2.525367724895477295e+02	2.096676799999999830e+01
2.582857232093811035e+02	2.123567200000000099e+01
2.640098867416381836e+02	2.096668700000000030e+01
2.697610735893249512e+02	2.111996399999999952e+01
2.754816000461578369e+02	2.099686099999999911e+01
2.812297031879425049e+02	2.086295499999999947e+01
2.869836506843566895e+02	2.102486299999999986e+01
2.927230811119079590e+02	2.064813499999999991e+01
2.984658045768737793e+02	2.117135299999999987e+01
3.041879274845123291e+02	2.089610599999999963e+01
3.099121110439300537e+02	2.118650399999999934e+01
3.156545865535736084e+02	2.091909800000000175e+01
3.213638777732849121e+02	2.108629799999999932e+01
3.270830714702606201e+02	2.083739100000000022e+01
3.327944266796112061e+02	2.092397300000000016e+01
3.385372583866119385e+02	2.091814300000000060e+01
3.442584366798400879e+02	2.057421899999999937e+01
3.499915015697479248e+02	2.119775200000000126e+01
3.557320961952209473e+02	2.091102000000000061e+01
3.614418106079101562e+02	2.128536599999999979e+01
3.671830706596374512e+02	2.100649500000000103e+01
3.729049410820007324e+02	2.124050499999999886e+01
3.786196169853210449e+02	2.097315800000000152e+01
3.843634116649627686e+02	2.112695700000000087e+01
3.900811591148376465e+02	2.085897800000000046e+01
3.958279280662536621e+02	2.127338699999999960e+01
4.015490803718566895e+02	2.100546100000000038e+01
4.073039805889129639e+02	2.127323300000000117e+01
4.130487022399902344e+02	2.100290000000000035e+01
4.187709422111511230e+02	2.117754000000000048e+01
4.244912021160125732e+02	2.106696200000000019e+01
4.302139160633087158e+02	2.088569800000000143e+01
4.359327757358551025e+02	2.117388000000000048e+01
4.416757757663726807e+02	2.091793099999999939e+01
4.474015583992004395e+02	2.106620900000000063e+01
4.531409130096435547e+02	2.082094800000000134e+01
4.588783926963806152e+02	2.120858199999999982e+01
4.646019370555877686e+02	2.094147200000000097e+01
4.703447830677032471e+02	2.121543099999999882e+01
4.760899400711059570e+02	2.095254299999999859e+01
4.818067383766174316e+02	2.112122400000000155e+01
4.875469207763671875e+02	2.103052999999999884e+01
4.932640817165374756e+02	2.082464099999999974e+01
4.990032322406768799e+02	2.122326400000000035e+01
5.047260692119598389e+02	2.095521000000000100e+01
5.104752616882324219e+02	2.123562300000000036e+01
5.162187261581420898e+02	2.097293700000000172e+01
5.219357016086578369e+02	2.111444799999999944e+01
5.276608037948608398e+02	2.089533899999999988e+01
5.334028611183166504e+02	2.097040499999999952e+01
5.391623959541320801e+02	2.076258699999999990e+01
5.449009079933166504e+02	2.094049400000000105e+01
5.506203806400299072e+02	2.079576799999999892e+01
5.563323650360107422e+02	2.080440499999999915e+01
5.620517065525054932e+02	2.070389099999999871e+01
5.677925462722778320e+02	2.074528300000000058e+01
5.735022053718566895e+02	2.050684000000000040e+01
5.792195417881011963e+02	2.114725500000000125e+01
5.849340400695800781e+02	2.085639000000000109e+01
5.906518771648406982e+02	2.129052499999999881e+01
5.963717267513275146e+02	2.100839399999999912e+01
6.020915508270263672e+02	2.132980699999999885e+01
6.078048059940338135e+02	2.105912700000000015e+01
6.135121119022369385e+02	2.128612899999999897e+01
6.192500858306884766e+02	2.102013499999999979e+01
6.249960711002349854e+02	2.119601199999999963e+01
6.307367067337036133e+02	2.094382699999999886e+01
6.364760777950286865e+02	2.134341699999999875e+01
6.422250337600708008e+02	2.107082799999999878e+01
6.479437081813812256e+02	2.135464199999999835e+01
6.536966996192932129e+02	2.108622599999999991e+01
6.594407167434692383e+02	2.132885599999999826e+01
6.651796810626983643e+02	2.105394199999999927e+01
6.709032051563262939e+02	2.150595200000000062e+01
6.766136748790740967e+02	2.122899299999999911e+01
6.823312153816223145e+02	2.151975699999999847e+01
6.880557928085327148e+02	2.124987199999999987e+01
6.937719960212707520e+02	2.147371800000000164e+01
6.995269114971160889e+02	2.128732000000000113e+01
7.052380743026733398e+02	2.129027500000000117e+01
7.109802534580230713e+02	2.126287699999999958e+01
7.167307608127593994e+02	2.104743799999999965e+01
7.224545831680297852e+02	2.142408599999999907e+01
7.281737091541290283e+02	2.115349000000000146e+01
7.338870768547058105e+02	2.140306100000000100e+01
7.396260676383972168e+02	2.113789099999999976e+01
7.453445012569427490e+02	2.136344599999999971e+01
7.510847604274749756e+02	2.109450400000000059e+01
7.568220326900482178e+02	2.133327200000000090e+01
7.625401086807250977e+02	2.111784300000000059e+01
7.682552423477172852e+02	2.121148799999999923e+01
7.739763450622558594e+02	2.105248299999999873e+01
