# PIO_at_kp=120, ki=0.51,kd=100, setpoint = 18.2318197
# time(s)_120			Temp(K)_120			
0.000000000000000000e+00	1.695917899999999889e+01
5.746104240417480469e+00	1.884848900000000071e+01
1.147211790084838867e+01	1.852155799999999886e+01
1.722514605522155762e+01	2.000824199999999919e+01
2.293770933151245117e+01	1.965480499999999964e+01
2.868610692024230957e+01	2.072331600000000051e+01
3.440877175331115723e+01	2.038137499999999847e+01
4.014813232421875000e+01	2.107550200000000018e+01
4.589119648933410645e+01	2.075627599999999973e+01
5.164022135734558105e+01	2.121901099999999829e+01
5.738028478622436523e+01	2.092538800000000165e+01
6.310118150711059570e+01	2.142916400000000010e+01
6.882264637947082520e+01	2.113512800000000169e+01
7.457189798355102539e+01	2.142247400000000113e+01
8.028562998771667480e+01	2.115281099999999981e+01
8.603811383247375488e+01	2.126048199999999966e+01
9.178127837181091309e+01	2.114853899999999953e+01
9.752303719520568848e+01	2.098421499999999895e+01
1.032597208023071289e+02	2.116257299999999830e+01
1.090062513351440430e+02	2.081878299999999982e+01
1.147497208118438721e+02	2.121040400000000048e+01
1.204720778465270996e+02	2.094322999999999979e+01
1.262260909080505371e+02	2.138193700000000064e+01
1.319440922737121582e+02	2.110704000000000136e+01
1.376868445873260498e+02	2.134658200000000150e+01
1.434418959617614746e+02	2.106343400000000088e+01
1.491894986629486084e+02	2.122089000000000070e+01
1.549381971359252930e+02	2.107219200000000114e+01
1.606930899620056152e+02	2.093662000000000134e+01
1.664235575199127197e+02	2.107910400000000095e+01
1.721653695106506348e+02	2.070452299999999823e+01
1.778848760128021240e+02	2.118136399999999853e+01
1.836272947788238525e+02	2.090648900000000054e+01
1.893540806770324707e+02	2.116341099999999997e+01
1.951043453216552734e+02	2.089749600000000029e+01
2.008287250995635986e+02	2.103600700000000145e+01
2.065814936161041260e+02	2.075926199999999966e+01
2.123110156059265137e+02	2.118415900000000107e+01
2.180571141242980957e+02	2.091270000000000095e+01
2.238017203807830811e+02	2.117690100000000086e+01
2.295339581966400146e+02	2.090755899999999912e+01
2.352886922359466553e+02	2.106924199999999914e+01
2.410367152690887451e+02	2.078763700000000014e+01
2.467957584857940674e+02	2.123668999999999940e+01
2.525367724895477295e+02	2.096676799999999830e+01
2.582857232093811035e+02	2.123567200000000099e+01
2.640098867416381836e+02	2.096668700000000030e+01
2.697610735893249512e+02	2.111996399999999952e+01
2.754816000461578369e+02	2.099686099999999911e+01
2.812297031879425049e+02	2.086295499999999947e+01
2.869836506843566895e+02	2.102486299999999986e+01
2.927230811119079590e+02	2.064813499999999991e+01
2.984658045768737793e+02	2.117135299999999987e+01
3.041879274845123291e+02	2.089610599999999963e+01
3.099121110439300537e+02	2.118650399999999934e+01
3.156545865535736084e+02	2.091909800000000175e+01
3.213638777732849121e+02	2.108629799999999932e+01
