# PIO_at_kp=25, ki=0.1,kd=5, setpoint = 17.91216
# time(s)_25			Temp(K)_25			
0.000000000000000000e+00	1.728029499999999885e+01
5.746634483337402344e+00	1.728197700000000125e+01
1.148716449737548828e+01	1.731666399999999939e+01
1.719747614860534668e+01	1.731255200000000016e+01
2.293995857238769531e+01	1.734315600000000046e+01
2.864878535270690918e+01	1.733907200000000159e+01
3.437094116210937500e+01	1.735356700000000174e+01
4.008977198600769043e+01	1.737322400000000044e+01
4.583483958244323730e+01	1.737528999999999968e+01
5.157941889762878418e+01	1.738225800000000021e+01
5.731723976135253906e+01	1.739641599999999855e+01
6.305383849143981934e+01	1.740348799999999940e+01
6.876984024047851562e+01	1.741922299999999879e+01
7.448848724365234375e+01	1.744222999999999857e+01
8.023320436477661133e+01	1.744500999999999991e+01
8.595170879364013672e+01	1.744109500000000068e+01
9.167290806770324707e+01	1.745980700000000141e+01
9.742253208160400391e+01	1.746952900000000142e+01
1.031592411994934082e+02	1.747450699999999912e+01
1.088825979232788086e+02	1.748568500000000014e+01
1.146252939701080322e+02	1.751200599999999952e+01
1.203705379962921143e+02	1.749747500000000144e+01
1.260841522216796875e+02	1.752075200000000166e+01
1.318008453845977783e+02	1.753853399999999851e+01
1.375207862854003906e+02	1.752990600000000043e+01
1.432434754371643066e+02	1.754668500000000009e+01
1.489642448425292969e+02	1.755872600000000006e+01
1.546831915378570557e+02	1.755361200000000110e+01
1.604174284934997559e+02	1.756531700000000029e+01
1.661532442569732666e+02	1.757404400000000066e+01
1.718888387680053711e+02	1.758117800000000130e+01
1.776114122867584229e+02	1.758640799999999871e+01
1.833527412414550781e+02	1.760491800000000140e+01
1.890732066631317139e+02	1.759934900000000013e+01
1.948122060298919678e+02	1.761572599999999866e+01
2.005355172157287598e+02	1.760439300000000173e+01
2.062738404273986816e+02	1.763847499999999968e+01
2.120225193500518799e+02	1.761909700000000001e+01
2.177349874973297119e+02	1.763160200000000088e+01
2.234729135036468506e+02	1.765094699999999861e+01
2.291960036754608154e+02	1.763731800000000050e+01
2.349334607124328613e+02	1.766148600000000002e+01
2.406799604892730713e+02	1.765323899999999924e+01
2.464037775993347168e+02	1.766219500000000053e+01
2.521438577175140381e+02	1.766732899999999873e+01
2.578628404140472412e+02	1.767738800000000055e+01
2.636002523899078369e+02	1.767668199999999956e+01
2.693231401443481445e+02	1.767869999999999919e+01
2.750589056015014648e+02	1.768930500000000094e+01
2.808076622486114502e+02	1.769046900000000022e+01
2.865165631771087646e+02	1.769509700000000052e+01
