# PIO_at_kp=337, ki=0.69,kd=0, setpoint = 6.236098
# time(s)_337			Temp(K)_337			
0.000000000000000000e+00	6.234823999999999700e+00
6.654115438461303711e+00	6.395401999999999809e+00
1.328538179397583008e+01	6.312419000000000224e+00
1.992208790779113770e+01	6.281564000000000370e+00
2.655179548263549805e+01	6.264561999999999742e+00
3.317951536178588867e+01	6.253711000000000020e+00
3.981410574913024902e+01	6.247029999999999639e+00
4.645493364334106445e+01	6.242277999999999771e+00
5.308965206146240234e+01	6.239246999999999765e+00
5.973367285728454590e+01	6.237260000000000026e+00
6.636538553237915039e+01	6.235810999999999993e+00
7.300776314735412598e+01	6.234665999999999819e+00
7.965081262588500977e+01	6.233980999999999995e+00
8.627644157409667969e+01	6.233230999999999966e+00
9.290766143798828125e+01	6.232724000000000153e+00
9.954328823089599609e+01	6.232776999999999568e+00
1.061806423664093018e+02	6.232579000000000313e+00
1.128183472156524658e+02	6.232359999999999900e+00
1.194635310173034668e+02	6.232207999999999970e+00
1.260926709175109863e+02	6.232338000000000378e+00
1.327236635684967041e+02	6.232204000000000299e+00
1.393485274314880371e+02	6.232035999999999909e+00
1.459828956127166748e+02	6.232056000000000040e+00
1.526160264015197754e+02	6.231989999999999696e+00
1.592631123065948486e+02	6.231845999999999997e+00
1.658983483314514160e+02	6.231790000000000163e+00
1.725356590747833252e+02	6.231771000000000171e+00
1.791635134220123291e+02	6.231705999999999968e+00
1.857954752445220947e+02	6.231863999999999848e+00
1.924238035678863525e+02	6.231671999999999656e+00
1.990686428546905518e+02	6.313401999999999958e+00
2.056936028003692627e+02	6.271207000000000420e+00
2.123336746692657471e+02	6.255850999999999829e+00
2.189746458530426025e+02	6.247330999999999968e+00
2.256055779457092285e+02	6.241888999999999577e+00
2.322470271587371826e+02	6.238514999999999588e+00
2.388768091201782227e+02	6.236097000000000001e+00
2.455069272518157959e+02	6.234949000000000296e+00
2.521383826732635498e+02	6.233998999999999846e+00
2.587686598300933838e+02	6.233353000000000144e+00
2.654096479415893555e+02	6.232831000000000010e+00
2.720468742847442627e+02	6.232638999999999818e+00
2.786755378246307373e+02	6.232750000000000234e+00
2.853073444366455078e+02	6.232600999999999836e+00
