# PIO_at_kp=30, ki=0.1,kd=5, setpoint = 43.639970805
# time(s)_30			Temp(K)_30			
0.000000000000000000e+00	4.172222200000000214e+01
5.742770195007324219e+00	4.146845400000000126e+01
1.148177742958068848e+01	4.123829700000000287e+01
1.722271108627319336e+01	4.105582199999999915e+01
2.296538782119750977e+01	4.091942900000000094e+01
2.869020819664001465e+01	4.082041300000000206e+01
3.442536520957946777e+01	4.090518999999999750e+01
4.015584444999694824e+01	4.075457999999999714e+01
4.589183950424194336e+01	4.079538500000000312e+01
5.162907409667968750e+01	4.075189999999999912e+01
5.736042976379394531e+01	4.071107700000000307e+01
6.310027575492858887e+01	4.067923199999999895e+01
6.884134864807128906e+01	4.065583699999999823e+01
7.456006884574890137e+01	4.063830200000000303e+01
8.027569437026977539e+01	4.062342600000000203e+01
8.601640582084655762e+01	4.061145299999999736e+01
9.176264095306396484e+01	4.060734300000000019e+01
9.750187325477600098e+01	4.061122600000000205e+01
1.032365839481353760e+02	4.061590999999999951e+01
1.089577612876892090e+02	4.062305500000000080e+01
1.146957058906555176e+02	4.063176800000000100e+01
1.204366400241851807e+02	4.064335400000000220e+01
1.261797702312469482e+02	4.065813700000000352e+01
1.319285166263580322e+02	4.067744400000000127e+01
1.376690418720245361e+02	4.069776000000000238e+01
1.433857724666595459e+02	4.071841700000000230e+01
1.491299619674682617e+02	4.073687600000000231e+01
1.548743865489959717e+02	4.076108500000000134e+01
1.605960741043090820e+02	4.078754200000000196e+01
1.663158183097839355e+02	4.081332199999999943e+01
1.720693690776824951e+02	4.083914500000000203e+01
1.777906129360198975e+02	4.086589399999999728e+01
1.835136930942535400e+02	4.089200999999999908e+01
1.892616715431213379e+02	4.092039299999999713e+01
1.949989490509033203e+02	4.095168900000000178e+01
2.007467067241668701e+02	4.098051600000000150e+01
2.064881470203399658e+02	4.100847999999999871e+01
2.122294573783874512e+02	4.103711200000000048e+01
2.179468076229095459e+02	4.106913399999999825e+01
2.236877312660217285e+02	4.109839999999999804e+01
2.294334645271301270e+02	4.112825699999999784e+01
2.351533477306365967e+02	4.115670999999999680e+01
2.408949823379516602e+02	4.118314999999999770e+01
2.466467075347900391e+02	4.121204800000000290e+01
2.523896253108978271e+02	4.124273900000000026e+01
2.581296923160552979e+02	4.127279399999999754e+01
2.638759164810180664e+02	4.130104999999999649e+01
2.696004433631896973e+02	4.132823799999999892e+01
2.753547077178955078e+02	4.135489700000000113e+01
2.810766944885253906e+02	4.138569300000000339e+01
2.868173117637634277e+02	4.141171500000000094e+01
2.925627181529998779e+02	4.143846099999999666e+01
2.983188695907592773e+02	4.146469100000000196e+01
3.040693500041961670e+02	4.149167599999999823e+01
3.097944250106811523e+02	4.152176000000000045e+01
3.155377249717712402e+02	4.154737300000000033e+01
3.212556324005126953e+02	4.157363399999999842e+01
3.269988088607788086e+02	4.159689699999999846e+01
3.327173099517822266e+02	4.162096700000000027e+01
3.384625480175018311e+02	4.164479999999999649e+01
3.442091548442840576e+02	4.167154200000000230e+01
3.499477746486663818e+02	4.169760200000000339e+01
3.556725339889526367e+02	4.172096899999999664e+01
3.613853673934936523e+02	4.174288200000000160e+01
3.671360380649566650e+02	4.176471099999999836e+01
3.728616819381713867e+02	4.179119699999999682e+01
3.786154727935791016e+02	4.181474999999999653e+01
3.843350863456726074e+02	4.183818000000000126e+01
3.900555140972137451e+02	4.185808399999999807e+01
3.957929658889770508e+02	4.188066599999999795e+01
4.015265223979949951e+02	4.190498500000000348e+01
4.072823483943939209e+02	4.192804799999999688e+01
4.130095133781433105e+02	4.195030799999999971e+01
