# 20220801
# time			temp			
0.000000000000000000e+00	2.726000000000000156e+01
2.463003635406494141e+00	2.721999999999999886e+01
4.925268888473510742e+00	2.721999999999999886e+01
7.388468265533447266e+00	2.726000000000000156e+01
9.851060867309570312e+00	2.742999999999999972e+01
1.231343793869018555e+01	2.762999999999999901e+01
1.477582454681396484e+01	2.789999999999999858e+01
1.723871707916259766e+01	2.810000000000000142e+01
1.970085835456848145e+01	2.830999999999999872e+01
2.216370177268981934e+01	2.844000000000000128e+01
2.462646555900573730e+01	2.857999999999999829e+01
2.708925318717956543e+01	2.871000000000000085e+01
2.955124688148498535e+01	2.878000000000000114e+01
3.201437592506408691e+01	2.878000000000000114e+01
3.447638916969299316e+01	2.885000000000000142e+01
3.693890857696533203e+01	2.894999999999999929e+01
3.940139341354370117e+01	2.905000000000000071e+01
4.186454153060913086e+01	2.926000000000000156e+01
4.432599806785583496e+01	2.946000000000000085e+01
4.678912925720214844e+01	2.980000000000000071e+01
4.925241088867187500e+01	3.007000000000000028e+01
5.171469259262084961e+01	3.026999999999999957e+01
5.417812395095825195e+01	3.053999999999999915e+01
5.664007425308227539e+01	3.067999999999999972e+01
5.910262823104858398e+01	3.080999999999999872e+01
6.156540703773498535e+01	3.087999999999999901e+01
6.402758145332336426e+01	3.087999999999999901e+01
6.649026703834533691e+01	3.085000000000000142e+01
6.895279026031494141e+01	3.087999999999999901e+01
7.141534709930419922e+01	3.091000000000000014e+01
7.387804245948791504e+01	3.080999999999999872e+01
7.634108543395996094e+01	3.078000000000000114e+01
7.880339050292968750e+01	3.080999999999999872e+01
8.126681399345397949e+01	3.071000000000000085e+01
8.372873830795288086e+01	3.067999999999999972e+01
8.619159913063049316e+01	3.067999999999999972e+01
8.865419125556945801e+01	3.064000000000000057e+01
9.111627459526062012e+01	3.064000000000000057e+01
9.357879328727722168e+01	3.053999999999999915e+01
9.604258847236633301e+01	3.051000000000000156e+01
9.850446057319641113e+01	3.044000000000000128e+01
1.009674651622772217e+02	3.044000000000000128e+01
1.034301023483276367e+02	3.037000000000000099e+01
1.058927154541015625e+02	3.037000000000000099e+01
1.083564391136169434e+02	3.030999999999999872e+01
1.108182103633880615e+02	3.026999999999999957e+01
1.132810339927673340e+02	3.023999999999999844e+01
1.157429006099700928e+02	3.019999999999999929e+01
1.182050778865814209e+02	3.014000000000000057e+01
1.206676797866821289e+02	3.010000000000000142e+01
1.231311433315277100e+02	3.007000000000000028e+01
1.255931591987609863e+02	3.003000000000000114e+01
1.280566625595092773e+02	2.992999999999999972e+01
1.305184557437896729e+02	2.989999999999999858e+01
1.329819440841674805e+02	2.989999999999999858e+01
1.354437787532806396e+02	2.985999999999999943e+01
1.379066219329833984e+02	2.976000000000000156e+01
1.403698348999023438e+02	2.969999999999999929e+01
1.428319237232208252e+02	2.969999999999999929e+01
1.452952640056610107e+02	2.976000000000000156e+01
1.477575097084045410e+02	2.976000000000000156e+01
1.502194335460662842e+02	2.992999999999999972e+01
1.526822235584259033e+02	3.003000000000000114e+01
1.551454887390136719e+02	3.030999999999999872e+01
1.576072168350219727e+02	3.051000000000000156e+01
1.600703790187835693e+02	3.067999999999999972e+01
1.625324749946594238e+02	3.080999999999999872e+01
1.649950196743011475e+02	3.091000000000000014e+01
1.674583227634429932e+02	3.091000000000000014e+01
1.699204397201538086e+02	3.094999999999999929e+01
1.723839271068572998e+02	3.098000000000000043e+01
1.748458769321441650e+02	3.098000000000000043e+01
1.773083963394165039e+02	3.098000000000000043e+01
1.797717158794403076e+02	3.091000000000000014e+01
1.822335724830627441e+02	3.087999999999999901e+01
1.846964170932769775e+02	3.080999999999999872e+01
1.871586759090423584e+02	3.080999999999999872e+01
1.896221084594726562e+02	3.075000000000000000e+01
1.920841178894042969e+02	3.075000000000000000e+01
1.945467419624328613e+02	3.067999999999999972e+01
1.970095894336700439e+02	3.064000000000000057e+01
1.994723291397094727e+02	3.060999999999999943e+01
2.019345033168792725e+02	3.057999999999999829e+01
2.043973240852355957e+02	3.057999999999999829e+01
2.068600943088531494e+02	3.046999999999999886e+01
2.093226189613342285e+02	3.041000000000000014e+01
2.117853748798370361e+02	3.041000000000000014e+01
2.142484490871429443e+02	3.030999999999999872e+01
2.167103984355926514e+02	3.026999999999999957e+01
2.191737856864929199e+02	3.026999999999999957e+01
2.216354482173919678e+02	3.017000000000000171e+01
2.240980505943298340e+02	3.014000000000000057e+01
2.265610673427581787e+02	3.014000000000000057e+01
2.290233681201934814e+02	3.007000000000000028e+01
2.314867668151855469e+02	3.000000000000000000e+01
2.339486482143402100e+02	3.003000000000000114e+01
2.364120929241180420e+02	2.996999999999999886e+01
2.388743062019348145e+02	2.992999999999999972e+01
2.413365745544433594e+02	2.989999999999999858e+01
2.437992577552795410e+02	2.982999999999999829e+01
2.462626709938049316e+02	2.982999999999999829e+01
2.487244491577148438e+02	2.973000000000000043e+01
2.511870734691619873e+02	2.969999999999999929e+01
2.536498253345489502e+02	2.973000000000000043e+01
2.561122629642486572e+02	2.973000000000000043e+01
2.585757267475128174e+02	2.982999999999999829e+01
2.610378704071044922e+02	3.003000000000000114e+01
2.635005893707275391e+02	3.023999999999999844e+01
2.659628233909606934e+02	3.041000000000000014e+01
2.684251558780670166e+02	3.051000000000000156e+01
2.708884849548339844e+02	3.064000000000000057e+01
2.733515336513519287e+02	3.071000000000000085e+01
2.758142712116241455e+02	3.075000000000000000e+01
2.782763469219207764e+02	3.078000000000000114e+01
2.807384829521179199e+02	3.075000000000000000e+01
2.832007918357849121e+02	3.075000000000000000e+01
2.856639626026153564e+02	3.071000000000000085e+01
2.881267795562744141e+02	3.067999999999999972e+01
2.905895040035247803e+02	3.064000000000000057e+01
2.930514307022094727e+02	3.064000000000000057e+01
2.955143461227416992e+02	3.060999999999999943e+01
2.979772439002990723e+02	3.057999999999999829e+01
3.004398777484893799e+02	3.051000000000000156e+01
3.029019401073455811e+02	3.046999999999999886e+01
3.053651275634765625e+02	3.044000000000000128e+01
3.078268523216247559e+02	3.041000000000000014e+01
3.102899086475372314e+02	3.033999999999999986e+01
3.127534320354461670e+02	3.030999999999999872e+01
3.152155969142913818e+02	3.030999999999999872e+01
3.176781728267669678e+02	3.019999999999999929e+01
3.201409103870391846e+02	3.019999999999999929e+01
3.226034157276153564e+02	3.014000000000000057e+01
3.250654752254486084e+02	3.014000000000000057e+01
3.275285961627960205e+02	2.996999999999999886e+01
3.299915826320648193e+02	3.003000000000000114e+01
3.324547359943389893e+02	2.992999999999999972e+01
3.349172263145446777e+02	2.989999999999999858e+01
3.373790390491485596e+02	2.992999999999999972e+01
3.398417737483978271e+02	2.989999999999999858e+01
3.423052084445953369e+02	2.982999999999999829e+01
3.447672383785247803e+02	2.973000000000000043e+01
3.472295866012573242e+02	2.973000000000000043e+01
3.496920607089996338e+02	2.969999999999999929e+01
3.521553883552551270e+02	2.969999999999999929e+01
3.546180534362792969e+02	2.966000000000000014e+01
3.570806941986083984e+02	2.966000000000000014e+01
3.595427277088165283e+02	2.962999999999999901e+01
3.620057260990142822e+02	2.962999999999999901e+01
3.644684641361236572e+02	2.966000000000000014e+01
3.669306263923645020e+02	2.980000000000000071e+01
3.693938612937927246e+02	2.989999999999999858e+01
3.718566060066223145e+02	3.010000000000000142e+01
3.743183710575103760e+02	3.026999999999999957e+01
3.767816751003265381e+02	3.044000000000000128e+01
3.792442879676818848e+02	3.046999999999999886e+01
3.817068274021148682e+02	3.064000000000000057e+01
3.841690862178802490e+02	3.060999999999999943e+01
3.866313707828521729e+02	3.064000000000000057e+01
3.890947020053863525e+02	3.064000000000000057e+01
3.915572695732116699e+02	3.064000000000000057e+01
3.940201961994171143e+02	3.057999999999999829e+01
3.964827039241790771e+02	3.057999999999999829e+01
3.989448194503784180e+02	3.057999999999999829e+01
4.014077129364013672e+02	3.046999999999999886e+01
4.038695962429046631e+02	3.046999999999999886e+01
4.063330018520355225e+02	3.044000000000000128e+01
4.087952876091003418e+02	3.041000000000000014e+01
4.112577037811279297e+02	3.030999999999999872e+01
4.137197339534759521e+02	3.026999999999999957e+01
4.161829085350036621e+02	3.026999999999999957e+01
4.186454436779022217e+02	3.023999999999999844e+01
4.211083436012268066e+02	3.019999999999999929e+01
4.235712809562683105e+02	3.019999999999999929e+01
4.260334470272064209e+02	3.007000000000000028e+01
4.284968402385711670e+02	3.003000000000000114e+01
4.309585790634155273e+02	3.007000000000000028e+01
4.334224412441253662e+02	3.000000000000000000e+01
4.358850641250610352e+02	2.996999999999999886e+01
4.383469297885894775e+02	2.989999999999999858e+01
4.408096909523010254e+02	2.989999999999999858e+01
4.432720055580139160e+02	2.985999999999999943e+01
4.457345933914184570e+02	2.980000000000000071e+01
4.481978535652160645e+02	2.976000000000000156e+01
4.506596953868865967e+02	2.969999999999999929e+01
4.531229903697967529e+02	2.969999999999999929e+01
4.555852818489074707e+02	2.969999999999999929e+01
4.580484640598297119e+02	2.966000000000000014e+01
4.605105733871459961e+02	2.966000000000000014e+01
4.629734857082366943e+02	2.966000000000000014e+01
4.654356663227081299e+02	2.962999999999999901e+01
4.678976464271545410e+02	2.966000000000000014e+01
4.703613486289978027e+02	2.966000000000000014e+01
4.728239202499389648e+02	2.969999999999999929e+01
4.752868473529815674e+02	2.982999999999999829e+01
4.777483203411102295e+02	2.996999999999999886e+01
4.802118968963623047e+02	3.019999999999999929e+01
4.826735563278198242e+02	3.037000000000000099e+01
4.851371080875396729e+02	3.051000000000000156e+01
4.875994093418121338e+02	3.060999999999999943e+01
4.900622348785400391e+02	3.060999999999999943e+01
4.925247652530670166e+02	3.071000000000000085e+01
4.949871957302093506e+02	3.067999999999999972e+01
4.974497463703155518e+02	3.067999999999999972e+01
4.999122412204742432e+02	3.071000000000000085e+01
5.023754172325134277e+02	3.067999999999999972e+01
5.048374478816986084e+02	3.057999999999999829e+01
5.073005034923553467e+02	3.057999999999999829e+01
5.097628338336944580e+02	3.053999999999999915e+01
5.122252366542816162e+02	3.046999999999999886e+01
5.146881270408630371e+02	3.051000000000000156e+01
5.171503033638000488e+02	3.044000000000000128e+01
5.196130912303924561e+02	3.044000000000000128e+01
5.220766046047210693e+02	3.037000000000000099e+01
5.245382454395294189e+02	3.030999999999999872e+01
5.270014383792877197e+02	3.026999999999999957e+01
5.294640786647796631e+02	3.019999999999999929e+01
5.319261505603790283e+02	3.019999999999999929e+01
5.343887834548950195e+02	3.017000000000000171e+01
5.368513669967651367e+02	3.014000000000000057e+01
5.393140587806701660e+02	3.010000000000000142e+01
5.417774350643157959e+02	3.000000000000000000e+01
5.442399125099182129e+02	2.996999999999999886e+01
5.467020268440246582e+02	3.000000000000000000e+01
5.491648235321044922e+02	2.989999999999999858e+01
5.516271448135375977e+02	2.989999999999999858e+01
5.540908684730529785e+02	2.982999999999999829e+01
5.565524652004241943e+02	2.980000000000000071e+01
5.590160193443298340e+02	2.976000000000000156e+01
5.614778473377227783e+02	2.973000000000000043e+01
5.639405472278594971e+02	2.966000000000000014e+01
5.664033343791961670e+02	2.969999999999999929e+01
5.688659172058105469e+02	2.966000000000000014e+01
5.713291952610015869e+02	2.966000000000000014e+01
5.737913484573364258e+02	2.962999999999999901e+01
5.762544414997100830e+02	2.955999999999999872e+01
5.787162880897521973e+02	2.969999999999999929e+01
5.811788609027862549e+02	2.966000000000000014e+01
5.836417207717895508e+02	2.973000000000000043e+01
5.861047925949096680e+02	2.985999999999999943e+01
5.885674738883972168e+02	3.010000000000000142e+01
5.910296351909637451e+02	3.023999999999999844e+01
5.934920241832733154e+02	3.051000000000000156e+01
5.959549107551574707e+02	3.067999999999999972e+01
5.984177672863006592e+02	3.075000000000000000e+01
6.008802051544189453e+02	3.078000000000000114e+01
6.033431062698364258e+02	3.085000000000000142e+01
6.058050663471221924e+02	3.085000000000000142e+01
6.082674312591552734e+02	3.087999999999999901e+01
6.107304475307464600e+02	3.085000000000000142e+01
6.131936161518096924e+02	3.078000000000000114e+01
6.156551494598388672e+02	3.078000000000000114e+01
6.181185865402221680e+02	3.067999999999999972e+01
6.205814287662506104e+02	3.071000000000000085e+01
6.230435988903045654e+02	3.064000000000000057e+01
6.255066053867340088e+02	3.060999999999999943e+01
6.279684779644012451e+02	3.060999999999999943e+01
6.304319164752960205e+02	3.053999999999999915e+01
6.328944435119628906e+02	3.051000000000000156e+01
6.353571918010711670e+02	3.046999999999999886e+01
6.378193249702453613e+02	3.041000000000000014e+01
6.402816996574401855e+02	3.037000000000000099e+01
6.427436137199401855e+02	3.037000000000000099e+01
6.452068271636962891e+02	3.023999999999999844e+01
6.476693615913391113e+02	3.019999999999999929e+01
6.501323263645172119e+02	3.019999999999999929e+01
6.525948984622955322e+02	3.014000000000000057e+01
6.550566737651824951e+02	3.010000000000000142e+01
6.575198256969451904e+02	3.007000000000000028e+01
6.599825127124786377e+02	3.010000000000000142e+01
6.624452297687530518e+02	3.000000000000000000e+01
6.649081270694732666e+02	3.000000000000000000e+01
6.673704164028167725e+02	2.989999999999999858e+01
6.698339684009552002e+02	2.985999999999999943e+01
6.722956304550170898e+02	2.982999999999999829e+01
6.747588555812835693e+02	2.985999999999999943e+01
6.772211308479309082e+02	2.976000000000000156e+01
6.796828908920288086e+02	2.969999999999999929e+01
6.821461634635925293e+02	2.973000000000000043e+01
6.846091570854187012e+02	2.966000000000000014e+01
6.870712053775787354e+02	2.973000000000000043e+01
6.895345802307128906e+02	2.966000000000000014e+01
6.919964785575866699e+02	2.976000000000000156e+01
6.944594426155090332e+02	2.985999999999999943e+01
6.969217555522918701e+02	3.003000000000000114e+01
6.993843629360198975e+02	3.030999999999999872e+01
7.018477003574371338e+02	3.046999999999999886e+01
7.043103289604187012e+02	3.060999999999999943e+01
7.067722470760345459e+02	3.078000000000000114e+01
7.092348105907440186e+02	3.080999999999999872e+01
7.116977188587188721e+02	3.080999999999999872e+01
7.141599674224853516e+02	3.085000000000000142e+01
7.166225275993347168e+02	3.080999999999999872e+01
7.190853061676025391e+02	3.085000000000000142e+01
7.215479903221130371e+02	3.085000000000000142e+01
7.240114574432373047e+02	3.078000000000000114e+01
7.264734046459197998e+02	3.075000000000000000e+01
7.289357841014862061e+02	3.071000000000000085e+01
7.313989193439483643e+02	3.060999999999999943e+01
7.338618247509002686e+02	3.060999999999999943e+01
7.363242447376251221e+02	3.060999999999999943e+01
7.387866251468658447e+02	3.051000000000000156e+01
7.412490346431732178e+02	3.051000000000000156e+01
7.437110555171966553e+02	3.046999999999999886e+01
7.461746706962585449e+02	3.041000000000000014e+01
7.486364185810089111e+02	3.041000000000000014e+01
7.510995450019836426e+02	3.030999999999999872e+01
7.535624794960021973e+02	3.030999999999999872e+01
7.560248281955718994e+02	3.026999999999999957e+01
7.584872777462005615e+02	3.019999999999999929e+01
7.609503595829010010e+02	3.017000000000000171e+01
7.634129168987274170e+02	3.014000000000000057e+01
7.658745336532592773e+02	3.010000000000000142e+01
7.683381769657135010e+02	3.010000000000000142e+01
7.708006494045257568e+02	3.000000000000000000e+01
7.732636315822601318e+02	2.996999999999999886e+01
7.757258920669555664e+02	2.992999999999999972e+01
7.781881585121154785e+02	2.992999999999999972e+01
7.806509134769439697e+02	2.982999999999999829e+01
7.831142077445983887e+02	2.976000000000000156e+01
7.855763845443725586e+02	2.973000000000000043e+01
7.880387201309204102e+02	2.969999999999999929e+01
7.905014050006866455e+02	2.973000000000000043e+01
7.929641573429107666e+02	2.969999999999999929e+01
7.954274792671203613e+02	2.966000000000000014e+01
7.978897874355316162e+02	2.969999999999999929e+01
8.003520748615264893e+02	2.973000000000000043e+01
8.028150827884674072e+02	2.989999999999999858e+01
8.052772638797760010e+02	3.010000000000000142e+01
8.077396810054779053e+02	3.026999999999999957e+01
8.102023830413818359e+02	3.044000000000000128e+01
8.126642439365386963e+02	3.064000000000000057e+01
8.151276798248291016e+02	3.078000000000000114e+01
8.175910029411315918e+02	3.080999999999999872e+01
8.200525419712066650e+02	3.085000000000000142e+01
8.225159912109375000e+02	3.085000000000000142e+01
8.249781725406646729e+02	3.085000000000000142e+01
8.274409508705139160e+02	3.087999999999999901e+01
8.299031515121459961e+02	3.080999999999999872e+01
8.323656411170959473e+02	3.080999999999999872e+01
8.348291101455688477e+02	3.075000000000000000e+01
8.372909762859344482e+02	3.075000000000000000e+01
8.397540616989135742e+02	3.071000000000000085e+01
8.422168505191802979e+02	3.064000000000000057e+01
8.446780986785888672e+02	3.067999999999999972e+01
8.471419467926025391e+02	3.053999999999999915e+01
8.496038918495178223e+02	3.051000000000000156e+01
8.520667340755462646e+02	3.051000000000000156e+01
8.545299196243286133e+02	3.046999999999999886e+01
8.569920260906219482e+02	3.041000000000000014e+01
8.594550442695617676e+02	3.033999999999999986e+01
8.619171829223632812e+02	3.030999999999999872e+01
8.643806810379028320e+02	3.023999999999999844e+01
8.668423264026641846e+02	3.026999999999999957e+01
8.693056988716125488e+02	3.023999999999999844e+01
8.717678732872009277e+02	3.014000000000000057e+01
8.742303938865661621e+02	3.010000000000000142e+01
8.766927349567413330e+02	3.007000000000000028e+01
8.791553611755371094e+02	3.003000000000000114e+01
8.816184499263763428e+02	3.000000000000000000e+01
8.840819144248962402e+02	2.996999999999999886e+01
8.865445241928100586e+02	2.992999999999999972e+01
8.890061891078948975e+02	2.989999999999999858e+01
8.914691336154937744e+02	2.982999999999999829e+01
8.939324202537536621e+02	2.982999999999999829e+01
8.963947272300720215e+02	2.976000000000000156e+01
8.988569123744964600e+02	2.973000000000000043e+01
9.013200592994689941e+02	2.969999999999999929e+01
9.037825937271118164e+02	2.969999999999999929e+01
9.062453756332397461e+02	2.969999999999999929e+01
9.087075419425964355e+02	2.980000000000000071e+01
9.111705818176269531e+02	2.996999999999999886e+01
9.136330194473266602e+02	3.010000000000000142e+01
9.160953788757324219e+02	3.030999999999999872e+01
9.185580885410308838e+02	3.051000000000000156e+01
9.210207788944244385e+02	3.057999999999999829e+01
9.234833502769470215e+02	3.071000000000000085e+01
9.259455757141113281e+02	3.075000000000000000e+01
9.284083349704742432e+02	3.078000000000000114e+01
9.308712632656097412e+02	3.080999999999999872e+01
9.333333585262298584e+02	3.080999999999999872e+01
9.357963275909423828e+02	3.080999999999999872e+01
9.382587330341339111e+02	3.078000000000000114e+01
9.407214684486389160e+02	3.071000000000000085e+01
9.431841707229614258e+02	3.071000000000000085e+01
9.456464092731475830e+02	3.067999999999999972e+01
9.481090507507324219e+02	3.060999999999999943e+01
9.505720815658569336e+02	3.060999999999999943e+01
9.530340361595153809e+02	3.053999999999999915e+01
9.554970932006835938e+02	3.051000000000000156e+01
9.579595978260040283e+02	3.046999999999999886e+01
9.604227099418640137e+02	3.041000000000000014e+01
9.628847804069519043e+02	3.037000000000000099e+01
9.653475980758666992e+02	3.033999999999999986e+01
9.678102610111236572e+02	3.033999999999999986e+01
9.702731792926788330e+02	3.026999999999999957e+01
9.727353317737579346e+02	3.023999999999999844e+01
9.751977598667144775e+02	3.019999999999999929e+01
9.776606314182281494e+02	3.014000000000000057e+01
9.801236500740051270e+02	3.010000000000000142e+01
9.825856087207794189e+02	3.010000000000000142e+01
9.850488572120666504e+02	3.003000000000000114e+01
9.875116107463836670e+02	2.996999999999999886e+01
9.899742431640625000e+02	2.992999999999999972e+01
9.924369022846221924e+02	2.992999999999999972e+01
9.948993718624114990e+02	2.985999999999999943e+01
9.973616595268249512e+02	2.982999999999999829e+01
9.998246264457702637e+02	2.980000000000000071e+01
1.002287428379058838e+03	2.980000000000000071e+01
1.004749484539031982e+03	2.976000000000000156e+01
1.007212509155273438e+03	2.973000000000000043e+01
1.009674501895904541e+03	2.969999999999999929e+01
1.012138124227523804e+03	2.966000000000000014e+01
1.014600602388381958e+03	2.969999999999999929e+01
1.017062582492828369e+03	2.980000000000000071e+01
1.019525406599044800e+03	2.996999999999999886e+01
1.021988185167312622e+03	3.014000000000000057e+01
1.024450286626815796e+03	3.026999999999999957e+01
1.026913650989532471e+03	3.044000000000000128e+01
1.029375959873199463e+03	3.053999999999999915e+01
1.031838681459426880e+03	3.060999999999999943e+01
1.034301232814788818e+03	3.067999999999999972e+01
1.036763901710510254e+03	3.071000000000000085e+01
1.039226184129714966e+03	3.071000000000000085e+01
1.041688978910446167e+03	3.071000000000000085e+01
1.044151809453964233e+03	3.067999999999999972e+01
1.046614436388015747e+03	3.060999999999999943e+01
1.049077380180358887e+03	3.064000000000000057e+01
1.051539016485214233e+03	3.057999999999999829e+01
1.054001767873764038e+03	3.053999999999999915e+01
1.056464702129364014e+03	3.053999999999999915e+01
1.058926951646804810e+03	3.046999999999999886e+01
1.061390482187271118e+03	3.041000000000000014e+01
1.063852177381515503e+03	3.033999999999999986e+01
1.066314650535583496e+03	3.033999999999999986e+01
1.068777324199676514e+03	3.030999999999999872e+01
1.071240819454193115e+03	3.026999999999999957e+01
1.073702462911605835e+03	3.019999999999999929e+01
1.076165488719940186e+03	3.017000000000000171e+01
1.078628015995025635e+03	3.017000000000000171e+01
1.081091181278228760e+03	3.007000000000000028e+01
1.083553330183029175e+03	3.003000000000000114e+01
1.086016222238540649e+03	3.000000000000000000e+01
1.088478334903717041e+03	3.000000000000000000e+01
1.090941223859786987e+03	2.996999999999999886e+01
1.093404083967208862e+03	2.989999999999999858e+01
1.095867549896240234e+03	2.982999999999999829e+01
1.098328665494918823e+03	2.980000000000000071e+01
1.100792476177215576e+03	2.980000000000000071e+01
1.103255096673965454e+03	2.976000000000000156e+01
1.105717235088348389e+03	2.969999999999999929e+01
1.108179727792739868e+03	2.969999999999999929e+01
1.110642765760421753e+03	2.966000000000000014e+01
1.113105043649673462e+03	2.962999999999999901e+01
1.115568102598190308e+03	2.962999999999999901e+01
1.118031270980834961e+03	2.962999999999999901e+01
1.120493073225021362e+03	2.962999999999999901e+01
1.122955523729324341e+03	2.962999999999999901e+01
1.125417465686798096e+03	2.973000000000000043e+01
1.127880336761474609e+03	2.980000000000000071e+01
1.130344009399414062e+03	3.003000000000000114e+01
1.132805680274963379e+03	3.019999999999999929e+01
1.135268496036529541e+03	3.044000000000000128e+01
1.137731226444244385e+03	3.057999999999999829e+01
1.140194361448287964e+03	3.071000000000000085e+01
1.142656153917312622e+03	3.075000000000000000e+01
1.145119049310684204e+03	3.087999999999999901e+01
1.147581452131271362e+03	3.087999999999999901e+01
1.150045021772384644e+03	3.087999999999999901e+01
1.152507317543029785e+03	3.085000000000000142e+01
1.154969880819320679e+03	3.085000000000000142e+01
1.157432218790054321e+03	3.078000000000000114e+01
1.159895570993423462e+03	3.075000000000000000e+01
1.162357559680938721e+03	3.075000000000000000e+01
1.164819692611694336e+03	3.064000000000000057e+01
1.167282858848571777e+03	3.064000000000000057e+01
1.169745645046234131e+03	3.057999999999999829e+01
1.172207633972167969e+03	3.057999999999999829e+01
1.174670007705688477e+03	3.053999999999999915e+01
1.177133122205734253e+03	3.051000000000000156e+01
1.179596300601959229e+03	3.046999999999999886e+01
1.182058444023132324e+03	3.041000000000000014e+01
1.184520969867706299e+03	3.033999999999999986e+01
1.186983273029327393e+03	3.033999999999999986e+01
1.189446318149566650e+03	3.033999999999999986e+01
1.191909026622772217e+03	3.023999999999999844e+01
1.194372086763381958e+03	3.019999999999999929e+01
1.196834282636642456e+03	3.017000000000000171e+01
1.199296116113662720e+03	3.014000000000000057e+01
1.201759156227111816e+03	3.007000000000000028e+01
1.204221960544586182e+03	3.003000000000000114e+01
1.206684226274490356e+03	3.007000000000000028e+01
1.209147302627563477e+03	3.000000000000000000e+01
1.211609984397888184e+03	2.989999999999999858e+01
1.214072251558303833e+03	2.989999999999999858e+01
1.216535582065582275e+03	2.985999999999999943e+01
1.218997935533523560e+03	2.982999999999999829e+01
1.221460162639617920e+03	2.976000000000000156e+01
1.223923065662384033e+03	2.976000000000000156e+01
1.226385832548141479e+03	2.973000000000000043e+01
1.228848224401473999e+03	2.969999999999999929e+01
1.231310917854309082e+03	2.969999999999999929e+01
1.233773067951202393e+03	2.969999999999999929e+01
1.236236016273498535e+03	2.982999999999999829e+01
1.238698252439498901e+03	2.992999999999999972e+01
1.241161030769348145e+03	3.017000000000000171e+01
1.243623813152313232e+03	3.037000000000000099e+01
1.246086733579635620e+03	3.051000000000000156e+01
1.248548867464065552e+03	3.067999999999999972e+01
1.251011831521987915e+03	3.078000000000000114e+01
1.253474961757659912e+03	3.078000000000000114e+01
1.255937052249908447e+03	3.085000000000000142e+01
1.258398830890655518e+03	3.085000000000000142e+01
1.260862854480743408e+03	3.080999999999999872e+01
1.263325214624404907e+03	3.080999999999999872e+01
1.265787094593048096e+03	3.071000000000000085e+01
1.268250263214111328e+03	3.080999999999999872e+01
1.270712051391601562e+03	3.075000000000000000e+01
1.273175481081008911e+03	3.071000000000000085e+01
1.275637872219085693e+03	3.067999999999999972e+01
1.278101081132888794e+03	3.064000000000000057e+01
1.280563280105590820e+03	3.060999999999999943e+01
1.283025662899017334e+03	3.053999999999999915e+01
1.285488293886184692e+03	3.046999999999999886e+01
1.287951309204101562e+03	3.046999999999999886e+01
1.290414075613021851e+03	3.046999999999999886e+01
1.292876111030578613e+03	3.037000000000000099e+01
1.295339333772659302e+03	3.033999999999999986e+01
1.297801241397857666e+03	3.030999999999999872e+01
1.300264203548431396e+03	3.026999999999999957e+01
1.302725993871688843e+03	3.019999999999999929e+01
1.305189001083374023e+03	3.019999999999999929e+01
1.307651367187500000e+03	3.014000000000000057e+01
1.310114727497100830e+03	3.014000000000000057e+01
1.312576955795288086e+03	3.007000000000000028e+01
1.315039207458496094e+03	3.003000000000000114e+01
1.317502872943878174e+03	3.000000000000000000e+01
1.319964969873428345e+03	2.996999999999999886e+01
1.322427871465682983e+03	2.992999999999999972e+01
1.324890990018844604e+03	2.989999999999999858e+01
1.327352916717529297e+03	2.980000000000000071e+01
1.329815522670745850e+03	2.980000000000000071e+01
1.332278578519821167e+03	2.973000000000000043e+01
1.334741308689117432e+03	2.973000000000000043e+01
1.337203713178634644e+03	2.969999999999999929e+01
1.339666298627853394e+03	2.973000000000000043e+01
1.342128878355026245e+03	2.969999999999999929e+01
1.344591362237930298e+03	2.985999999999999943e+01
1.347053930759429932e+03	3.003000000000000114e+01
1.349516812562942505e+03	3.026999999999999957e+01
1.351979826450347900e+03	3.046999999999999886e+01
1.354442000150680542e+03	3.060999999999999943e+01
1.356904986143112183e+03	3.075000000000000000e+01
1.359367371559143066e+03	3.078000000000000114e+01
1.361830221891403198e+03	3.085000000000000142e+01
1.364292141437530518e+03	3.087999999999999901e+01
1.366754774093627930e+03	3.085000000000000142e+01
1.369217174053192139e+03	3.080999999999999872e+01
1.371680046319961548e+03	3.085000000000000142e+01
1.374142617702484131e+03	3.078000000000000114e+01
1.376604848146438599e+03	3.075000000000000000e+01
1.379068098068237305e+03	3.075000000000000000e+01
1.381530970335006714e+03	3.071000000000000085e+01
1.383993836641311646e+03	3.067999999999999972e+01
1.386456142425537109e+03	3.060999999999999943e+01
1.388918196201324463e+03	3.057999999999999829e+01
1.391381741762161255e+03	3.046999999999999886e+01
1.393844010353088379e+03	3.044000000000000128e+01
1.396305887460708618e+03	3.041000000000000014e+01
1.398769139766693115e+03	3.041000000000000014e+01
1.401231983900070190e+03	3.037000000000000099e+01
1.403693261623382568e+03	3.030999999999999872e+01
1.406157411098480225e+03	3.026999999999999957e+01
1.408618747234344482e+03	3.023999999999999844e+01
1.411081918954849243e+03	3.019999999999999929e+01
1.413544505596160889e+03	3.014000000000000057e+01
1.416007729768753052e+03	3.010000000000000142e+01
1.418470260381698608e+03	3.007000000000000028e+01
1.420932286739349365e+03	3.000000000000000000e+01
1.423395657777786255e+03	2.996999999999999886e+01
1.425858408451080322e+03	2.996999999999999886e+01
1.428320397853851318e+03	2.989999999999999858e+01
1.430783450603485107e+03	2.985999999999999943e+01
1.433245886325836182e+03	2.982999999999999829e+01
1.435707577466964722e+03	2.980000000000000071e+01
1.438171040296554565e+03	2.976000000000000156e+01
1.440633828401565552e+03	2.973000000000000043e+01
1.443096264600753784e+03	2.966000000000000014e+01
1.445559610605239868e+03	2.966000000000000014e+01
1.448021449804306030e+03	2.969999999999999929e+01
1.450484620571136475e+03	2.969999999999999929e+01
1.452946955919265747e+03	2.992999999999999972e+01
1.455409737825393677e+03	3.007000000000000028e+01
1.457872104644775391e+03	3.023999999999999844e+01
1.460335287332534790e+03	3.046999999999999886e+01
1.462796853303909302e+03	3.057999999999999829e+01
1.465260032176971436e+03	3.071000000000000085e+01
1.467722245454788208e+03	3.075000000000000000e+01
1.470185070991516113e+03	3.080999999999999872e+01
1.472647428274154663e+03	3.085000000000000142e+01
1.475110243320465088e+03	3.080999999999999872e+01
1.477572591543197632e+03	3.080999999999999872e+01
1.480035283565521240e+03	3.078000000000000114e+01
1.482498558759689331e+03	3.071000000000000085e+01
1.484960737943649292e+03	3.075000000000000000e+01
1.487423420906066895e+03	3.064000000000000057e+01
1.489885388612747192e+03	3.064000000000000057e+01
1.492349093437194824e+03	3.060999999999999943e+01
1.494811341047286987e+03	3.057999999999999829e+01
1.497273884773254395e+03	3.051000000000000156e+01
1.499736014842987061e+03	3.044000000000000128e+01
1.502199220657348633e+03	3.044000000000000128e+01
1.504661521196365356e+03	3.037000000000000099e+01
1.507124769449234009e+03	3.041000000000000014e+01
1.509587468624114990e+03	3.033999999999999986e+01
1.512049720287322998e+03	3.030999999999999872e+01
1.514512597084045410e+03	3.023999999999999844e+01
1.516974972009658813e+03	3.019999999999999929e+01
1.519437251806259155e+03	3.017000000000000171e+01
1.521900504112243652e+03	3.014000000000000057e+01
1.524362541675567627e+03	3.007000000000000028e+01
1.526824929714202881e+03	3.003000000000000114e+01
1.529288085222244263e+03	3.003000000000000114e+01
1.531750818729400635e+03	2.992999999999999972e+01
1.534214046955108643e+03	2.989999999999999858e+01
1.536675560235977173e+03	2.989999999999999858e+01
1.539138105154037476e+03	2.985999999999999943e+01
1.541600975513458252e+03	2.982999999999999829e+01
1.544064560890197754e+03	2.973000000000000043e+01
1.546526292800903320e+03	2.973000000000000043e+01
1.548988705635070801e+03	2.969999999999999929e+01
1.551451960086822510e+03	2.966000000000000014e+01
1.553913818359375000e+03	2.969999999999999929e+01
1.556376959323883057e+03	2.973000000000000043e+01
1.558839118719100952e+03	2.966000000000000014e+01
1.561301984786987305e+03	2.976000000000000156e+01
1.563764765024185181e+03	2.989999999999999858e+01
1.566227012157440186e+03	3.010000000000000142e+01
1.568690124988555908e+03	3.030999999999999872e+01
1.571152736902236938e+03	3.046999999999999886e+01
1.573614887714385986e+03	3.057999999999999829e+01
1.576078311681747437e+03	3.064000000000000057e+01
1.578540509700775146e+03	3.064000000000000057e+01
1.581003185272216797e+03	3.067999999999999972e+01
1.583465985536575317e+03	3.067999999999999972e+01
1.585927939414978027e+03	3.060999999999999943e+01
1.588391417503356934e+03	3.064000000000000057e+01
1.590853338956832886e+03	3.060999999999999943e+01
1.593316236972808838e+03	3.057999999999999829e+01
1.595779297590255737e+03	3.051000000000000156e+01
1.598240777015686035e+03	3.046999999999999886e+01
1.600704109430313110e+03	3.046999999999999886e+01
1.603166898965835571e+03	3.041000000000000014e+01
1.605629316329956055e+03	3.044000000000000128e+01
1.608091961622238159e+03	3.037000000000000099e+01
1.610555199146270752e+03	3.026999999999999957e+01
1.613017087936401367e+03	3.023999999999999844e+01
1.615479815244674683e+03	3.023999999999999844e+01
1.617942770004272461e+03	3.014000000000000057e+01
1.620405259609222412e+03	3.017000000000000171e+01
1.622867377281188965e+03	3.010000000000000142e+01
1.625330534696578979e+03	3.007000000000000028e+01
1.627793023347854614e+03	3.000000000000000000e+01
1.630255782365798950e+03	2.992999999999999972e+01
1.632717862844467163e+03	2.989999999999999858e+01
1.635181336164474487e+03	2.992999999999999972e+01
1.637642930746078491e+03	2.985999999999999943e+01
1.640106104850769043e+03	2.982999999999999829e+01
1.642569308757781982e+03	2.980000000000000071e+01
1.645031192302703857e+03	2.973000000000000043e+01
1.647494008064270020e+03	2.969999999999999929e+01
1.649957135200500488e+03	2.966000000000000014e+01
1.652419636011123657e+03	2.966000000000000014e+01
1.654881749153137207e+03	2.966000000000000014e+01
1.657344333887100220e+03	2.966000000000000014e+01
1.659806926012039185e+03	2.958999999999999986e+01
1.662269909143447876e+03	2.966000000000000014e+01
1.664731477737426758e+03	2.958999999999999986e+01
1.667194866180419922e+03	2.966000000000000014e+01
1.669657595396041870e+03	2.976000000000000156e+01
1.672120465040206909e+03	2.985999999999999943e+01
1.674582765102386475e+03	3.007000000000000028e+01
1.677045769929885864e+03	3.033999999999999986e+01
1.679507874488830566e+03	3.046999999999999886e+01
1.681970656871795654e+03	3.064000000000000057e+01
1.684432748317718506e+03	3.080999999999999872e+01
1.686895625829696655e+03	3.080999999999999872e+01
1.689358084678649902e+03	3.085000000000000142e+01
1.691820726633071899e+03	3.087999999999999901e+01
1.694283329963684082e+03	3.085000000000000142e+01
1.696745824575424194e+03	3.080999999999999872e+01
1.699209301948547363e+03	3.078000000000000114e+01
1.701671272516250610e+03	3.080999999999999872e+01
1.704133591651916504e+03	3.078000000000000114e+01
1.706597152233123779e+03	3.067999999999999972e+01
1.709059155464172363e+03	3.067999999999999972e+01
1.711521645069122314e+03	3.064000000000000057e+01
1.713984315156936646e+03	3.057999999999999829e+01
1.716447220802307129e+03	3.057999999999999829e+01
1.718909163236618042e+03	3.046999999999999886e+01
1.721372509241104126e+03	3.044000000000000128e+01
1.723835188150405884e+03	3.044000000000000128e+01
1.726297752141952515e+03	3.041000000000000014e+01
1.728759550571441650e+03	3.041000000000000014e+01
1.731222978591918945e+03	3.030999999999999872e+01
1.733685336589813232e+03	3.023999999999999844e+01
1.736147826910018921e+03	3.023999999999999844e+01
1.738610461235046387e+03	3.017000000000000171e+01
1.741073836088180542e+03	3.017000000000000171e+01
1.743535742998123169e+03	3.010000000000000142e+01
1.745998685121536255e+03	3.007000000000000028e+01
1.748460772991180420e+03	3.000000000000000000e+01
1.750923990726470947e+03	2.996999999999999886e+01
1.753387060642242432e+03	2.989999999999999858e+01
1.755849329710006714e+03	2.985999999999999943e+01
1.758311655521392822e+03	2.985999999999999943e+01
1.760774526834487915e+03	2.976000000000000156e+01
1.763236660003662109e+03	2.976000000000000156e+01
1.765699333906173706e+03	2.969999999999999929e+01
1.768162141561508179e+03	2.973000000000000043e+01
1.770624704122543335e+03	2.966000000000000014e+01
1.773088061332702637e+03	2.969999999999999929e+01
1.775550177335739136e+03	2.969999999999999929e+01
1.778012315988540649e+03	2.980000000000000071e+01
1.780475496292114258e+03	2.992999999999999972e+01
1.782937666893005371e+03	3.014000000000000057e+01
1.785401054620742798e+03	3.037000000000000099e+01
1.787862841367721558e+03	3.051000000000000156e+01
1.790326004028320312e+03	3.064000000000000057e+01
1.792788178682327271e+03	3.075000000000000000e+01
1.795251280784606934e+03	3.080999999999999872e+01
1.797713396549224854e+03	3.085000000000000142e+01
1.800176537752151489e+03	3.080999999999999872e+01
1.802638293743133545e+03	3.085000000000000142e+01
1.805101372003555298e+03	3.078000000000000114e+01
1.807563805103302002e+03	3.078000000000000114e+01
1.810026437520980835e+03	3.071000000000000085e+01
1.812489006280899048e+03	3.071000000000000085e+01
1.814952122688293457e+03	3.067999999999999972e+01
1.817414100170135498e+03	3.057999999999999829e+01
1.819877199411392212e+03	3.057999999999999829e+01
1.822340018272399902e+03	3.053999999999999915e+01
1.824802944660186768e+03	3.051000000000000156e+01
1.827265261173248291e+03	3.044000000000000128e+01
1.829727961540222168e+03	3.041000000000000014e+01
1.832190643548965454e+03	3.037000000000000099e+01
1.834653140306472778e+03	3.033999999999999986e+01
1.837115428924560547e+03	3.023999999999999844e+01
1.839578377008438110e+03	3.023999999999999844e+01
1.842040786504745483e+03	3.023999999999999844e+01
1.844502650499343872e+03	3.017000000000000171e+01
1.846966082334518433e+03	3.017000000000000171e+01
1.849428918361663818e+03	3.010000000000000142e+01
1.851891053199768066e+03	3.000000000000000000e+01
1.854353803634643555e+03	3.003000000000000114e+01
1.856816664457321167e+03	3.000000000000000000e+01
1.859278517246246338e+03	2.992999999999999972e+01
1.861742321252822876e+03	2.989999999999999858e+01
1.864204937219619751e+03	2.982999999999999829e+01
1.866666536808013916e+03	2.982999999999999829e+01
1.869129727363586426e+03	2.976000000000000156e+01
1.871592897415161133e+03	2.980000000000000071e+01
1.874055146932601929e+03	2.976000000000000156e+01
1.876517708301544189e+03	2.973000000000000043e+01
1.878979665756225586e+03	2.966000000000000014e+01
1.881442743062973022e+03	2.973000000000000043e+01
1.883905983924865723e+03	2.973000000000000043e+01
1.886367347478866577e+03	2.985999999999999943e+01
1.888830586671829224e+03	2.996999999999999886e+01
1.891293495655059814e+03	3.019999999999999929e+01
1.893756239414215088e+03	3.041000000000000014e+01
1.896219096660614014e+03	3.057999999999999829e+01
1.898680815219879150e+03	3.071000000000000085e+01
1.901143856763839722e+03	3.078000000000000114e+01
1.903606254100799561e+03	3.087999999999999901e+01
1.906068630695343018e+03	3.085000000000000142e+01
1.908531538963317871e+03	3.087999999999999901e+01
1.910994135141372681e+03	3.087999999999999901e+01
1.913457415103912354e+03	3.085000000000000142e+01
1.915919461488723755e+03	3.085000000000000142e+01
1.918382134675979614e+03	3.080999999999999872e+01
1.920844417810440063e+03	3.078000000000000114e+01
1.923307340145111084e+03	3.071000000000000085e+01
1.925769855737686157e+03	3.067999999999999972e+01
1.928232561349868774e+03	3.064000000000000057e+01
1.930694812774658203e+03	3.057999999999999829e+01
1.933157499074935913e+03	3.060999999999999943e+01
1.935620450735092163e+03	3.051000000000000156e+01
1.938082847833633423e+03	3.046999999999999886e+01
1.940545700550079346e+03	3.044000000000000128e+01
1.943008327007293701e+03	3.044000000000000128e+01
1.945470427513122559e+03	3.037000000000000099e+01
1.947933859109878540e+03	3.030999999999999872e+01
1.950396850109100342e+03	3.026999999999999957e+01
1.952858023166656494e+03	3.023999999999999844e+01
1.955321171283721924e+03	3.023999999999999844e+01
1.957783857822418213e+03	3.014000000000000057e+01
1.960246592283248901e+03	3.010000000000000142e+01
1.962709070682525635e+03	3.014000000000000057e+01
1.965170936107635498e+03	3.007000000000000028e+01
1.967633872032165527e+03	3.000000000000000000e+01
1.970096488475799561e+03	2.996999999999999886e+01
1.972559954166412354e+03	2.989999999999999858e+01
1.975022985696792603e+03	2.985999999999999943e+01
1.977485165596008301e+03	2.985999999999999943e+01
1.979947383642196655e+03	2.980000000000000071e+01
1.982410728454589844e+03	2.980000000000000071e+01
1.984872939586639404e+03	2.969999999999999929e+01
1.987335212230682373e+03	2.973000000000000043e+01
1.989797415256500244e+03	2.969999999999999929e+01
1.992260426998138428e+03	2.969999999999999929e+01
1.994723017692565918e+03	2.980000000000000071e+01
1.997185682058334351e+03	2.989999999999999858e+01
1.999648804903030396e+03	3.007000000000000028e+01
2.002111373424530029e+03	3.026999999999999957e+01
2.004574211359024048e+03	3.041000000000000014e+01
2.007037079334259033e+03	3.051000000000000156e+01
2.009499267816543579e+03	3.060999999999999943e+01
2.011961553573608398e+03	3.060999999999999943e+01
2.014424318552017212e+03	3.067999999999999972e+01
2.016886590003967285e+03	3.067999999999999972e+01
2.019349540948867798e+03	3.067999999999999972e+01
2.021812024354934692e+03	3.067999999999999972e+01
2.024274062395095825e+03	3.060999999999999943e+01
2.026736918687820435e+03	3.060999999999999943e+01
2.029200128555297852e+03	3.057999999999999829e+01
2.031662632703781128e+03	3.053999999999999915e+01
2.034125609159469604e+03	3.051000000000000156e+01
2.036588075160980225e+03	3.044000000000000128e+01
2.039049607276916504e+03	3.044000000000000128e+01
2.041512598514556885e+03	3.033999999999999986e+01
2.043975359201431274e+03	3.033999999999999986e+01
2.046437997579574585e+03	3.026999999999999957e+01
2.048900638818740845e+03	3.023999999999999844e+01
2.051363665342330933e+03	3.017000000000000171e+01
2.053826021909713745e+03	3.014000000000000057e+01
2.056288757801055908e+03	3.014000000000000057e+01
2.058751686573028564e+03	3.007000000000000028e+01
2.061213768005371094e+03	3.007000000000000028e+01
2.063676178455352783e+03	3.000000000000000000e+01
2.066139565229415894e+03	3.000000000000000000e+01
2.068601695537567139e+03	2.992999999999999972e+01
2.071064529895782471e+03	2.989999999999999858e+01
2.073527860641479492e+03	2.985999999999999943e+01
2.075989918708801270e+03	2.982999999999999829e+01
2.078452761650085449e+03	2.976000000000000156e+01
2.080915510654449463e+03	2.976000000000000156e+01
2.083377574205398560e+03	2.969999999999999929e+01
2.085839840173721313e+03	2.969999999999999929e+01
2.088302330017089844e+03	2.969999999999999929e+01
2.090765433073043823e+03	2.966000000000000014e+01
2.093227977037429810e+03	2.966000000000000014e+01
2.095690937995910645e+03	2.958999999999999986e+01
2.098153134346008301e+03	2.962999999999999901e+01
2.100616179466247559e+03	2.969999999999999929e+01
2.103078547954559326e+03	2.976000000000000156e+01
2.105541335821151733e+03	2.985999999999999943e+01
2.108004491329193115e+03	3.000000000000000000e+01
2.110467099189758301e+03	3.023999999999999844e+01
2.112929031610488892e+03	3.044000000000000128e+01
2.115391566514968872e+03	3.060999999999999943e+01
2.117854592084884644e+03	3.071000000000000085e+01
2.120316996335983276e+03	3.080999999999999872e+01
2.122779429435729980e+03	3.085000000000000142e+01
2.125242409229278564e+03	3.085000000000000142e+01
2.127704428911209106e+03	3.087999999999999901e+01
2.130167490959167480e+03	3.085000000000000142e+01
2.132630160093307495e+03	3.085000000000000142e+01
2.135092342376708984e+03	3.080999999999999872e+01
2.137555684089660645e+03	3.075000000000000000e+01
2.140017966747283936e+03	3.075000000000000000e+01
2.142481086969375610e+03	3.071000000000000085e+01
2.144943336486816406e+03	3.067999999999999972e+01
2.147405796527862549e+03	3.064000000000000057e+01
2.149869032621383667e+03	3.060999999999999943e+01
2.152331635713577271e+03	3.053999999999999915e+01
2.154793548345565796e+03	3.046999999999999886e+01
2.157256709575653076e+03	3.044000000000000128e+01
2.159718683719635010e+03	3.044000000000000128e+01
2.162181207656860352e+03	3.041000000000000014e+01
2.164643386363983154e+03	3.033999999999999986e+01
2.167106922626495361e+03	3.030999999999999872e+01
2.169568898200988770e+03	3.026999999999999957e+01
2.172032251834869385e+03	3.017000000000000171e+01
2.174494986772537231e+03	3.014000000000000057e+01
2.176957696676254272e+03	3.017000000000000171e+01
2.179419873476028442e+03	3.014000000000000057e+01
2.181882174968719482e+03	3.003000000000000114e+01
2.184344861984252930e+03	3.003000000000000114e+01
2.186807590961456299e+03	2.996999999999999886e+01
2.189270452499389648e+03	2.989999999999999858e+01
2.191732859849929810e+03	2.985999999999999943e+01
2.194195328235626221e+03	2.989999999999999858e+01
2.196658272504806519e+03	2.980000000000000071e+01
2.199120817184448242e+03	2.980000000000000071e+01
2.201583855152130127e+03	2.973000000000000043e+01
2.204045599937438965e+03	2.973000000000000043e+01
2.206509290933609009e+03	2.969999999999999929e+01
2.208971795082092285e+03	2.969999999999999929e+01
2.211434173822402954e+03	2.980000000000000071e+01
2.213896492004394531e+03	2.989999999999999858e+01
