# \Setpoint = 30.0C, Output = 0.47%, PID value = 1.31,0.00,0.00
# 20220801
# time			temp			
0.000000000000000000e+00	2.701999999999999957e+01
2.371427059173583984e+00	2.701999999999999957e+01
4.700093984603881836e+00	2.705000000000000071e+01
7.071870088577270508e+00	2.694999999999999929e+01
9.401676654815673828e+00	2.694999999999999929e+01
1.177195334434509277e+01	2.692000000000000171e+01
1.410201311111450195e+01	2.692000000000000171e+01
1.647220778465270996e+01	2.687999999999999901e+01
1.880227947235107422e+01	2.687999999999999901e+01
2.117316293716430664e+01	2.685000000000000142e+01
2.350269222259521484e+01	2.682000000000000028e+01
2.587289977073669434e+01	2.682000000000000028e+01
2.820348381996154785e+01	2.678000000000000114e+01
3.057341790199279785e+01	2.671999999999999886e+01
3.290309786796569824e+01	2.675000000000000000e+01
3.527357912063598633e+01	2.675000000000000000e+01
3.760347700119018555e+01	2.671999999999999886e+01
3.997459197044372559e+01	2.667999999999999972e+01
4.230406570434570312e+01	2.667999999999999972e+01
4.467470073699951172e+01	2.667999999999999972e+01
4.700420093536376953e+01	2.667999999999999972e+01
4.937519717216491699e+01	2.660999999999999943e+01
5.170473027229309082e+01	2.660999999999999943e+01
5.407597208023071289e+01	2.657999999999999829e+01
5.640566182136535645e+01	2.657999999999999829e+01
5.877600359916687012e+01	2.655000000000000071e+01
6.110605096817016602e+01	2.651000000000000156e+01
6.347622036933898926e+01	2.648000000000000043e+01
6.580645871162414551e+01	2.644000000000000128e+01
6.817685365676879883e+01	2.648000000000000043e+01
7.050660037994384766e+01	2.648000000000000043e+01
7.287716221809387207e+01	2.648000000000000043e+01
7.520676493644714355e+01	2.641000000000000014e+01
7.757777357101440430e+01	2.637999999999999901e+01
8.004015350341796875e+01	2.641000000000000014e+01
8.236947679519653320e+01	2.633999999999999986e+01
8.474077248573303223e+01	2.633999999999999986e+01
8.707008028030395508e+01	2.633999999999999986e+01
8.944085168838500977e+01	2.628000000000000114e+01
9.177092432975769043e+01	2.630999999999999872e+01
9.414192128181457520e+01	2.633999999999999986e+01
9.647240400314331055e+01	2.633999999999999986e+01
9.884333562850952148e+01	2.651000000000000156e+01
1.011734254360198975e+02	2.657999999999999829e+01
1.035443770885467529e+02	2.685000000000000142e+01
1.058743083477020264e+02	2.716000000000000014e+01
1.082458760738372803e+02	2.746000000000000085e+01
1.105752284526824951e+02	2.780000000000000071e+01
1.129470632076263428e+02	2.814000000000000057e+01
1.152765381336212158e+02	2.837000000000000099e+01
1.176475419998168945e+02	2.867999999999999972e+01
1.199778378009796143e+02	2.885000000000000142e+01
1.223490252494812012e+02	2.892000000000000171e+01
1.246783556938171387e+02	2.905000000000000071e+01
1.270502846240997314e+02	2.914999999999999858e+01
1.293808917999267578e+02	2.921999999999999886e+01
1.317505750656127930e+02	2.928999999999999915e+01
1.340811650753021240e+02	2.932000000000000028e+01
1.364525039196014404e+02	2.935999999999999943e+01
1.387830109596252441e+02	2.939000000000000057e+01
1.411539070606231689e+02	2.953000000000000114e+01
1.434838922023773193e+02	2.966000000000000014e+01
1.458541636466979980e+02	2.989999999999999858e+01
1.481849446296691895e+02	3.010000000000000142e+01
1.505558083057403564e+02	3.037000000000000099e+01
1.528859236240386963e+02	3.053999999999999915e+01
1.552570865154266357e+02	3.064000000000000057e+01
1.575869662761688232e+02	3.078000000000000114e+01
1.599583609104156494e+02	3.087999999999999901e+01
1.622880055904388428e+02	3.094999999999999929e+01
1.646583471298217773e+02	3.098000000000000043e+01
1.669888322353363037e+02	3.094999999999999929e+01
1.693602206707000732e+02	3.094999999999999929e+01
1.716903502941131592e+02	3.087999999999999901e+01
1.740616846084594727e+02	3.091000000000000014e+01
1.763913931846618652e+02	3.087999999999999901e+01
1.787625825405120850e+02	3.085000000000000142e+01
1.810924577713012695e+02	3.078000000000000114e+01
1.834639062881469727e+02	3.075000000000000000e+01
1.857942805290222168e+02	3.067999999999999972e+01
1.881652565002441406e+02	3.064000000000000057e+01
1.904952309131622314e+02	3.057999999999999829e+01
1.928659467697143555e+02	3.053999999999999915e+01
1.951965284347534180e+02	3.057999999999999829e+01
1.975671002864837646e+02	3.046999999999999886e+01
1.998978943824768066e+02	3.041000000000000014e+01
2.022685985565185547e+02	3.037000000000000099e+01
2.045988099575042725e+02	3.033999999999999986e+01
2.069696221351623535e+02	3.030999999999999872e+01
2.092996237277984619e+02	3.023999999999999844e+01
2.116705145835876465e+02	3.019999999999999929e+01
2.140008091926574707e+02	3.010000000000000142e+01
2.163718788623809814e+02	3.010000000000000142e+01
2.187021441459655762e+02	3.010000000000000142e+01
2.210727353096008301e+02	3.003000000000000114e+01
2.234034521579742432e+02	2.996999999999999886e+01
2.257738907337188721e+02	2.992999999999999972e+01
2.281042890548706055e+02	2.989999999999999858e+01
2.304757277965545654e+02	2.985999999999999943e+01
2.328058822154998779e+02	2.980000000000000071e+01
2.351764504909515381e+02	2.982999999999999829e+01
2.375065371990203857e+02	2.973000000000000043e+01
2.398777117729187012e+02	2.976000000000000156e+01
2.422076585292816162e+02	2.976000000000000156e+01
2.445794084072113037e+02	2.985999999999999943e+01
2.469089510440826416e+02	3.003000000000000114e+01
2.492811524868011475e+02	3.023999999999999844e+01
2.516107068061828613e+02	3.037000000000000099e+01
2.539813599586486816e+02	3.053999999999999915e+01
2.563116314411163330e+02	3.064000000000000057e+01
2.586825063228607178e+02	3.071000000000000085e+01
2.610128881931304932e+02	3.078000000000000114e+01
2.633843460083007812e+02	3.080999999999999872e+01
2.657134838104248047e+02	3.078000000000000114e+01
2.680853414535522461e+02	3.075000000000000000e+01
2.704146950244903564e+02	3.075000000000000000e+01
2.727866668701171875e+02	3.067999999999999972e+01
2.751160514354705811e+02	3.067999999999999972e+01
2.774878730773925781e+02	3.060999999999999943e+01
2.798169701099395752e+02	3.060999999999999943e+01
2.821877796649932861e+02	3.053999999999999915e+01
2.845192091464996338e+02	3.053999999999999915e+01
2.868899512290954590e+02	3.051000000000000156e+01
2.892198212146759033e+02	3.046999999999999886e+01
2.915913820266723633e+02	3.044000000000000128e+01
2.939216043949127197e+02	3.033999999999999986e+01
2.962916822433471680e+02	3.030999999999999872e+01
2.986221275329589844e+02	3.033999999999999986e+01
3.009927353858947754e+02	3.023999999999999844e+01
3.033239181041717529e+02	3.026999999999999957e+01
3.056936740875244141e+02	3.017000000000000171e+01
3.080243701934814453e+02	3.014000000000000057e+01
3.103950185775756836e+02	3.010000000000000142e+01
3.127254908084869385e+02	3.007000000000000028e+01
3.150968074798583984e+02	3.000000000000000000e+01
3.174272773265838623e+02	3.000000000000000000e+01
3.197986724376678467e+02	2.992999999999999972e+01
3.221279139518737793e+02	2.992999999999999972e+01
3.244999325275421143e+02	2.989999999999999858e+01
3.268297827243804932e+02	2.982999999999999829e+01
3.292012484073638916e+02	2.969999999999999929e+01
3.315308351516723633e+02	2.973000000000000043e+01
3.339016311168670654e+02	2.969999999999999929e+01
3.362319769859313965e+02	2.969999999999999929e+01
3.386027019023895264e+02	2.966000000000000014e+01
3.409334623813629150e+02	2.966000000000000014e+01
3.433039929866790771e+02	2.966000000000000014e+01
3.456337687969207764e+02	2.976000000000000156e+01
3.480047700405120850e+02	2.985999999999999943e+01
3.503353867530822754e+02	3.007000000000000028e+01
3.527059073448181152e+02	3.030999999999999872e+01
3.550366489887237549e+02	3.057999999999999829e+01
3.574074754714965820e+02	3.071000000000000085e+01
3.597371811866760254e+02	3.085000000000000142e+01
3.621082158088684082e+02	3.087999999999999901e+01
3.644388754367828369e+02	3.094999999999999929e+01
3.668098983764648438e+02	3.101999999999999957e+01
3.691397998332977295e+02	3.098000000000000043e+01
3.715112378597259521e+02	3.101999999999999957e+01
3.738417389392852783e+02	3.098000000000000043e+01
3.762121529579162598e+02	3.098000000000000043e+01
3.785422949790954590e+02	3.094999999999999929e+01
3.809130513668060303e+02	3.087999999999999901e+01
3.832431731224060059e+02	3.087999999999999901e+01
3.856149168014526367e+02	3.087999999999999901e+01
3.879444842338562012e+02	3.078000000000000114e+01
3.903155326843261719e+02	3.078000000000000114e+01
3.926450555324554443e+02	3.075000000000000000e+01
3.950167520046234131e+02	3.060999999999999943e+01
3.973468348979949951e+02	3.064000000000000057e+01
3.997177226543426514e+02	3.057999999999999829e+01
4.020475854873657227e+02	3.053999999999999915e+01
4.044197835922241211e+02	3.053999999999999915e+01
4.067490162849426270e+02	3.044000000000000128e+01
4.091199219226837158e+02	3.041000000000000014e+01
4.114506173133850098e+02	3.037000000000000099e+01
4.138210864067077637e+02	3.033999999999999986e+01
4.161513273715972900e+02	3.026999999999999957e+01
4.185231294631958008e+02	3.026999999999999957e+01
4.208528544902801514e+02	3.019999999999999929e+01
4.232234663963317871e+02	3.017000000000000171e+01
4.255541203022003174e+02	3.014000000000000057e+01
4.279252462387084961e+02	3.010000000000000142e+01
4.302549796104431152e+02	3.003000000000000114e+01
4.326253256797790527e+02	3.003000000000000114e+01
4.349557135105133057e+02	2.996999999999999886e+01
4.373273687362670898e+02	2.992999999999999972e+01
4.396566789150238037e+02	2.989999999999999858e+01
4.420282428264617920e+02	2.982999999999999829e+01
4.443588316440582275e+02	2.980000000000000071e+01
4.467287976741790771e+02	2.973000000000000043e+01
4.490599842071533203e+02	2.976000000000000156e+01
4.514309732913970947e+02	2.980000000000000071e+01
4.537606847286224365e+02	2.989999999999999858e+01
4.561318798065185547e+02	3.007000000000000028e+01
4.584626934528350830e+02	3.017000000000000171e+01
4.608336825370788574e+02	3.023999999999999844e+01
4.631637341976165771e+02	3.037000000000000099e+01
4.655349354743957520e+02	3.033999999999999986e+01
4.678648493289947510e+02	3.044000000000000128e+01
4.702354769706726074e+02	3.046999999999999886e+01
4.725659806728363037e+02	3.044000000000000128e+01
4.749366619586944580e+02	3.044000000000000128e+01
4.772670352458953857e+02	3.044000000000000128e+01
4.796379492282867432e+02	3.044000000000000128e+01
4.819675812721252441e+02	3.041000000000000014e+01
4.843385903835296631e+02	3.033999999999999986e+01
4.866688623428344727e+02	3.030999999999999872e+01
4.890402991771697998e+02	3.030999999999999872e+01
4.913707292079925537e+02	3.023999999999999844e+01
4.937409107685089111e+02	3.019999999999999929e+01
4.960721364021301270e+02	3.017000000000000171e+01
4.984423520565032959e+02	3.014000000000000057e+01
5.007726230621337891e+02	3.010000000000000142e+01
5.031440706253051758e+02	3.003000000000000114e+01
5.054737355709075928e+02	3.007000000000000028e+01
5.078456482887268066e+02	2.996999999999999886e+01
5.101760332584381104e+02	2.996999999999999886e+01
5.125460641384124756e+02	2.985999999999999943e+01
5.148768482208251953e+02	2.985999999999999943e+01
5.172477872371673584e+02	2.985999999999999943e+01
5.195778081417083740e+02	2.980000000000000071e+01
5.219487133026123047e+02	2.976000000000000156e+01
5.242794423103332520e+02	2.969999999999999929e+01
5.266500039100646973e+02	2.973000000000000043e+01
5.289806067943572998e+02	2.966000000000000014e+01
5.313517236709594727e+02	2.966000000000000014e+01
5.336811833381652832e+02	2.969999999999999929e+01
5.360517647266387939e+02	2.966000000000000014e+01
5.383818101882934570e+02	2.966000000000000014e+01
5.407538909912109375e+02	2.966000000000000014e+01
5.430836753845214844e+02	2.966000000000000014e+01
5.454541039466857910e+02	2.969999999999999929e+01
5.477848615646362305e+02	2.976000000000000156e+01
5.501558706760406494e+02	2.989999999999999858e+01
5.524860403537750244e+02	3.007000000000000028e+01
5.548567848205566406e+02	3.023999999999999844e+01
5.571867396831512451e+02	3.044000000000000128e+01
5.595581073760986328e+02	3.060999999999999943e+01
5.618887975215911865e+02	3.075000000000000000e+01
5.642588844299316406e+02	3.080999999999999872e+01
5.665898160934448242e+02	3.085000000000000142e+01
5.689600870609283447e+02	3.091000000000000014e+01
5.712909662723541260e+02	3.087999999999999901e+01
5.736608309745788574e+02	3.087999999999999901e+01
5.759911904335021973e+02	3.085000000000000142e+01
5.783628854751586914e+02	3.080999999999999872e+01
5.806921839714050293e+02	3.078000000000000114e+01
5.830636692047119141e+02	3.075000000000000000e+01
5.853935995101928711e+02	3.071000000000000085e+01
5.877651405334472656e+02	3.067999999999999972e+01
5.900949840545654297e+02	3.064000000000000057e+01
5.924659998416900635e+02	3.057999999999999829e+01
5.947966494560241699e+02	3.053999999999999915e+01
5.971663758754730225e+02	3.051000000000000156e+01
5.994971675872802734e+02	3.046999999999999886e+01
6.018687119483947754e+02	3.041000000000000014e+01
6.041983516216278076e+02	3.041000000000000014e+01
6.065690298080444336e+02	3.037000000000000099e+01
6.089000520706176758e+02	3.033999999999999986e+01
6.112713077068328857e+02	3.023999999999999844e+01
6.136006417274475098e+02	3.023999999999999844e+01
6.159715306758880615e+02	3.023999999999999844e+01
6.183019416332244873e+02	3.014000000000000057e+01
6.206722424030303955e+02	3.017000000000000171e+01
6.230029792785644531e+02	3.007000000000000028e+01
6.253745419979095459e+02	3.007000000000000028e+01
6.277046196460723877e+02	3.000000000000000000e+01
6.300761251449584961e+02	2.992999999999999972e+01
6.324060986042022705e+02	2.996999999999999886e+01
6.347764666080474854e+02	2.992999999999999972e+01
6.371066911220550537e+02	2.985999999999999943e+01
6.394778749942779541e+02	2.985999999999999943e+01
6.418084197044372559e+02	2.976000000000000156e+01
6.441796729564666748e+02	2.973000000000000043e+01
6.465089166164398193e+02	2.976000000000000156e+01
6.488805611133575439e+02	2.976000000000000156e+01
6.512106108665466309e+02	2.985999999999999943e+01
6.535819103717803955e+02	3.000000000000000000e+01
6.559114940166473389e+02	3.017000000000000171e+01
6.582822892665863037e+02	3.030999999999999872e+01
6.606129963397979736e+02	3.041000000000000014e+01
6.629835145473480225e+02	3.046999999999999886e+01
6.653141922950744629e+02	3.057999999999999829e+01
6.676847662925720215e+02	3.064000000000000057e+01
6.700155053138732910e+02	3.064000000000000057e+01
6.723857893943786621e+02	3.057999999999999829e+01
6.747169144153594971e+02	3.064000000000000057e+01
6.770875480175018311e+02	3.060999999999999943e+01
6.794182906150817871e+02	3.057999999999999829e+01
6.817883675098419189e+02	3.051000000000000156e+01
6.841186103820800781e+02	3.053999999999999915e+01
6.864899287223815918e+02	3.046999999999999886e+01
6.888197178840637207e+02	3.044000000000000128e+01
6.911910979747772217e+02	3.041000000000000014e+01
6.935213534832000732e+02	3.037000000000000099e+01
6.958913426399230957e+02	3.033999999999999986e+01
6.982218070030212402e+02	3.026999999999999957e+01
7.005927388668060303e+02	3.026999999999999957e+01
7.029223346710205078e+02	3.019999999999999929e+01
7.052948002815246582e+02	3.017000000000000171e+01
7.076236701011657715e+02	3.010000000000000142e+01
7.099955534934997559e+02	3.010000000000000142e+01
7.123259925842285156e+02	3.007000000000000028e+01
7.146963682174682617e+02	3.007000000000000028e+01
7.170263855457305908e+02	3.000000000000000000e+01
7.193978910446166992e+02	2.996999999999999886e+01
7.217280914783477783e+02	2.992999999999999972e+01
7.240994155406951904e+02	2.989999999999999858e+01
7.264289453029632568e+02	2.976000000000000156e+01
7.288005986213684082e+02	2.980000000000000071e+01
7.311303622722625732e+02	2.976000000000000156e+01
7.335012438297271729e+02	2.973000000000000043e+01
7.358317663669586182e+02	2.969999999999999929e+01
7.382026562690734863e+02	2.966000000000000014e+01
7.405325255393981934e+02	2.973000000000000043e+01
7.429043776988983154e+02	2.966000000000000014e+01
7.452340245246887207e+02	2.966000000000000014e+01
7.476054730415344238e+02	2.969999999999999929e+01
7.499353570938110352e+02	2.973000000000000043e+01
7.523063771724700928e+02	2.985999999999999943e+01
7.546359522342681885e+02	3.000000000000000000e+01
7.570076315402984619e+02	3.019999999999999929e+01
7.593376424312591553e+02	3.037000000000000099e+01
7.617086083889007568e+02	3.057999999999999829e+01
7.640386884212493896e+02	3.071000000000000085e+01
7.664104218482971191e+02	3.078000000000000114e+01
7.687400400638580322e+02	3.087999999999999901e+01
7.711114215850830078e+02	3.085000000000000142e+01
7.734412434101104736e+02	3.087999999999999901e+01
7.758119165897369385e+02	3.087999999999999901e+01
7.781422312259674072e+02	3.085000000000000142e+01
7.805133190155029297e+02	3.085000000000000142e+01
7.828441157341003418e+02	3.078000000000000114e+01
7.852140693664550781e+02	3.078000000000000114e+01
7.875452911853790283e+02	3.071000000000000085e+01
7.899161360263824463e+02	3.071000000000000085e+01
7.922458286285400391e+02	3.060999999999999943e+01
7.946160128116607666e+02	3.064000000000000057e+01
7.969468674659729004e+02	3.057999999999999829e+01
7.993185834884643555e+02	3.051000000000000156e+01
8.016482000350952148e+02	3.053999999999999915e+01
8.040193896293640137e+02	3.046999999999999886e+01
8.063493344783782959e+02	3.041000000000000014e+01
8.087206375598907471e+02	3.041000000000000014e+01
8.110502333641052246e+02	3.030999999999999872e+01
8.134218223094940186e+02	3.030999999999999872e+01
8.157510998249053955e+02	3.026999999999999957e+01
8.181223797798156738e+02	3.023999999999999844e+01
8.204531755447387695e+02	3.019999999999999929e+01
8.228238980770111084e+02	3.017000000000000171e+01
8.251542780399322510e+02	3.010000000000000142e+01
8.275250439643859863e+02	3.007000000000000028e+01
8.298555641174316406e+02	3.007000000000000028e+01
8.322261595726013184e+02	2.996999999999999886e+01
8.345567250251770020e+02	2.996999999999999886e+01
8.369281034469604492e+02	2.992999999999999972e+01
8.392572033405303955e+02	2.985999999999999943e+01
8.416283726692199707e+02	2.982999999999999829e+01
8.439591786861419678e+02	2.980000000000000071e+01
8.463304769992828369e+02	2.973000000000000043e+01
8.486600360870361328e+02	2.976000000000000156e+01
8.510309522151947021e+02	2.973000000000000043e+01
8.533612983226776123e+02	2.976000000000000156e+01
8.557317593097686768e+02	2.989999999999999858e+01
8.580631015300750732e+02	3.000000000000000000e+01
8.604337496757507324e+02	3.019999999999999929e+01
8.627637429237365723e+02	3.037000000000000099e+01
8.651348304748535156e+02	3.053999999999999915e+01
8.674651122093200684e+02	3.067999999999999972e+01
8.698361852169036865e+02	3.071000000000000085e+01
8.721663279533386230e+02	3.075000000000000000e+01
8.745372312068939209e+02	3.080999999999999872e+01
8.768676328659057617e+02	3.078000000000000114e+01
8.792382230758666992e+02	3.078000000000000114e+01
8.815688052177429199e+02	3.078000000000000114e+01
8.839387719631195068e+02	3.067999999999999972e+01
8.862693586349487305e+02	3.067999999999999972e+01
8.886396927833557129e+02	3.064000000000000057e+01
8.909701292514801025e+02	3.060999999999999943e+01
8.933413016796112061e+02	3.053999999999999915e+01
8.956711008548736572e+02	3.051000000000000156e+01
8.980423338413238525e+02	3.051000000000000156e+01
9.003723084926605225e+02	3.041000000000000014e+01
9.027446269989013672e+02	3.041000000000000014e+01
9.050740299224853516e+02	3.037000000000000099e+01
9.074453666210174561e+02	3.030999999999999872e+01
9.097749989032745361e+02	3.030999999999999872e+01
9.121462440490722656e+02	3.026999999999999957e+01
9.144763410091400146e+02	3.023999999999999844e+01
9.168475029468536377e+02	3.019999999999999929e+01
9.191781730651855469e+02	3.014000000000000057e+01
9.215490803718566895e+02	3.010000000000000142e+01
9.238790006637573242e+02	3.007000000000000028e+01
9.262490649223327637e+02	3.003000000000000114e+01
9.285792191028594971e+02	2.996999999999999886e+01
9.309510662555694580e+02	2.996999999999999886e+01
9.332814626693725586e+02	2.989999999999999858e+01
9.356515421867370605e+02	2.989999999999999858e+01
9.379828195571899414e+02	2.985999999999999943e+01
9.403537411689758301e+02	2.982999999999999829e+01
9.426834385395050049e+02	2.980000000000000071e+01
9.450551230907440186e+02	2.976000000000000156e+01
9.473850500583648682e+02	2.969999999999999929e+01
9.497560529708862305e+02	2.969999999999999929e+01
9.520859012603759766e+02	2.969999999999999929e+01
9.544573383331298828e+02	2.973000000000000043e+01
9.567871866226196289e+02	2.980000000000000071e+01
9.591581835746765137e+02	2.996999999999999886e+01
9.614890112876892090e+02	3.014000000000000057e+01
9.638595252037048340e+02	3.037000000000000099e+01
9.661896293163299561e+02	3.044000000000000128e+01
9.685607666969299316e+02	3.053999999999999915e+01
9.708905425071716309e+02	3.057999999999999829e+01
9.732615990638732910e+02	3.064000000000000057e+01
9.755923769474029541e+02	3.064000000000000057e+01
9.779636797904968262e+02	3.067999999999999972e+01
9.802930395603179932e+02	3.064000000000000057e+01
9.826643629074096680e+02	3.064000000000000057e+01
9.849946777820587158e+02	3.060999999999999943e+01
9.873654353618621826e+02	3.057999999999999829e+01
9.896953785419464111e+02	3.057999999999999829e+01
9.920666973590850830e+02	3.046999999999999886e+01
9.943966059684753418e+02	3.046999999999999886e+01
9.967679932117462158e+02	3.044000000000000128e+01
9.990976836681365967e+02	3.037000000000000099e+01
1.001468493223190308e+03	3.037000000000000099e+01
1.003799154520034790e+03	3.030999999999999872e+01
1.006169362068176270e+03	3.030999999999999872e+01
1.008500290155410767e+03	3.023999999999999844e+01
1.010870633363723755e+03	3.023999999999999844e+01
1.013201886892318726e+03	3.017000000000000171e+01
1.015572674274444580e+03	3.010000000000000142e+01
1.017902972459793091e+03	3.003000000000000114e+01
1.020273547649383545e+03	3.003000000000000114e+01
1.022604293823242188e+03	3.000000000000000000e+01
1.024974819421768188e+03	3.000000000000000000e+01
1.027305114269256592e+03	2.989999999999999858e+01
1.029675811290740967e+03	2.985999999999999943e+01
1.032006411552429199e+03	2.982999999999999829e+01
1.034377209424972534e+03	2.980000000000000071e+01
1.036706956148147583e+03	2.976000000000000156e+01
1.039078008651733398e+03	2.973000000000000043e+01
1.041408410310745239e+03	2.969999999999999929e+01
1.043779370069503784e+03	2.966000000000000014e+01
1.046109390258789062e+03	2.969999999999999929e+01
1.048480733871459961e+03	2.966000000000000014e+01
1.050810374498367310e+03	2.966000000000000014e+01
1.053181619644165039e+03	2.969999999999999929e+01
1.055643688917160034e+03	2.969999999999999929e+01
1.057974163055419922e+03	2.982999999999999829e+01
1.060345631599426270e+03	3.003000000000000114e+01
1.062807852268218994e+03	3.023999999999999844e+01
1.065138335227966309e+03	3.037000000000000099e+01
1.067509588241577148e+03	3.051000000000000156e+01
1.069839455842971802e+03	3.060999999999999943e+01
1.072210482835769653e+03	3.064000000000000057e+01
1.074541186332702637e+03	3.067999999999999972e+01
1.076911477804183960e+03	3.071000000000000085e+01
1.079241617918014526e+03	3.067999999999999972e+01
1.081612826585769653e+03	3.064000000000000057e+01
1.083943115949630737e+03	3.057999999999999829e+01
1.086314080953598022e+03	3.064000000000000057e+01
1.088775959253311157e+03	3.060999999999999943e+01
1.091106945037841797e+03	3.053999999999999915e+01
1.093478091478347778e+03	3.046999999999999886e+01
1.095807698011398315e+03	3.046999999999999886e+01
1.098178393125534058e+03	3.041000000000000014e+01
1.100509565114974976e+03	3.041000000000000014e+01
1.102880069494247437e+03	3.041000000000000014e+01
1.105210412025451660e+03	3.033999999999999986e+01
1.107580964803695679e+03	3.026999999999999957e+01
1.109911003589630127e+03	3.026999999999999957e+01
1.112281378269195557e+03	3.023999999999999844e+01
1.114612090826034546e+03	3.019999999999999929e+01
1.116983665227890015e+03	3.014000000000000057e+01
1.119313562154769897e+03	3.010000000000000142e+01
1.121684337854385376e+03	3.010000000000000142e+01
1.124014723539352417e+03	3.003000000000000114e+01
1.126385716438293457e+03	3.000000000000000000e+01
1.128715636968612671e+03	2.996999999999999886e+01
1.131086905241012573e+03	2.992999999999999972e+01
1.133549401998519897e+03	2.985999999999999943e+01
1.135879029512405396e+03	2.982999999999999829e+01
1.138251163005828857e+03	2.982999999999999829e+01
1.140713142871856689e+03	2.980000000000000071e+01
1.143043683528900146e+03	2.973000000000000043e+01
1.145414417743682861e+03	2.969999999999999929e+01
1.147744737148284912e+03	2.969999999999999929e+01
1.150115997076034546e+03	2.966000000000000014e+01
1.152446597099304199e+03	2.966000000000000014e+01
1.154817014932632446e+03	2.962999999999999901e+01
1.157278983831405640e+03	2.973000000000000043e+01
1.159609745264053345e+03	2.982999999999999829e+01
1.161980215311050415e+03	2.996999999999999886e+01
1.164310672044754028e+03	3.017000000000000171e+01
1.166681126832962036e+03	3.030999999999999872e+01
1.169011993646621704e+03	3.053999999999999915e+01
1.171382829666137695e+03	3.064000000000000057e+01
1.173712673425674438e+03	3.067999999999999972e+01
1.176083419799804688e+03	3.078000000000000114e+01
1.178413912296295166e+03	3.085000000000000142e+01
1.180785120010375977e+03	3.078000000000000114e+01
1.183115900039672852e+03	3.078000000000000114e+01
1.185485760927200317e+03	3.080999999999999872e+01
1.187816158056259155e+03	3.071000000000000085e+01
1.190187649250030518e+03	3.067999999999999972e+01
1.192517581224441528e+03	3.071000000000000085e+01
1.194888406038284302e+03	3.067999999999999972e+01
1.197219576835632324e+03	3.060999999999999943e+01
1.199589623928070068e+03	3.057999999999999829e+01
1.201919669866561890e+03	3.046999999999999886e+01
1.204290661811828613e+03	3.051000000000000156e+01
1.206621416091918945e+03	3.041000000000000014e+01
1.208991614818572998e+03	3.037000000000000099e+01
1.211322585582733154e+03	3.037000000000000099e+01
1.213692978382110596e+03	3.030999999999999872e+01
1.216022809982299805e+03	3.026999999999999957e+01
1.218394259214401245e+03	3.019999999999999929e+01
1.220724030971527100e+03	3.019999999999999929e+01
1.223095661163330078e+03	3.014000000000000057e+01
1.225426310539245605e+03	3.010000000000000142e+01
1.227796601057052612e+03	3.010000000000000142e+01
1.230127646446228027e+03	3.000000000000000000e+01
1.232497890949249268e+03	3.000000000000000000e+01
1.234828849792480469e+03	2.989999999999999858e+01
1.237198998689651489e+03	2.985999999999999943e+01
1.239529736757278442e+03	2.985999999999999943e+01
1.241900897979736328e+03	2.980000000000000071e+01
1.244231086254119873e+03	2.980000000000000071e+01
1.246601599931716919e+03	2.976000000000000156e+01
1.248931745052337646e+03	2.969999999999999929e+01
1.251303319692611694e+03	2.969999999999999929e+01
1.253633107423782349e+03	2.969999999999999929e+01
1.256003530263900757e+03	2.966000000000000014e+01
1.258333988428115845e+03	2.973000000000000043e+01
1.260704530715942383e+03	2.982999999999999829e+01
1.263035660982131958e+03	3.000000000000000000e+01
1.265405961990356445e+03	3.017000000000000171e+01
1.267736265897750854e+03	3.037000000000000099e+01
1.270106942415237427e+03	3.057999999999999829e+01
1.272438459157943726e+03	3.064000000000000057e+01
1.274808692216873169e+03	3.075000000000000000e+01
1.277138774871826172e+03	3.078000000000000114e+01
1.279509818077087402e+03	3.080999999999999872e+01
1.281839905023574829e+03	3.091000000000000014e+01
1.284210717201232910e+03	3.085000000000000142e+01
1.286541239261627197e+03	3.078000000000000114e+01
1.288912424564361572e+03	3.078000000000000114e+01
1.291242096662521362e+03	3.075000000000000000e+01
1.293613555192947388e+03	3.075000000000000000e+01
1.295942479848861694e+03	3.067999999999999972e+01
1.298314466714859009e+03	3.064000000000000057e+01
1.300643956661224365e+03	3.064000000000000057e+01
1.303015363454818726e+03	3.057999999999999829e+01
1.305345270872116089e+03	3.053999999999999915e+01
1.307717170715332031e+03	3.051000000000000156e+01
1.310047554016113281e+03	3.046999999999999886e+01
1.312417628049850464e+03	3.041000000000000014e+01
1.314747907638549805e+03	3.037000000000000099e+01
1.317118535757064819e+03	3.041000000000000014e+01
1.319449419498443604e+03	3.026999999999999957e+01
1.321820171594619751e+03	3.023999999999999844e+01
1.324150009870529175e+03	3.023999999999999844e+01
1.326521244049072266e+03	3.019999999999999929e+01
1.328851817369461060e+03	3.014000000000000057e+01
1.331222210168838501e+03	3.010000000000000142e+01
1.333552561044692993e+03	3.007000000000000028e+01
1.335924158334732056e+03	3.000000000000000000e+01
1.338254599571228027e+03	3.000000000000000000e+01
1.340624671459197998e+03	2.992999999999999972e+01
1.342955566167831421e+03	2.989999999999999858e+01
1.345326530218124390e+03	2.985999999999999943e+01
1.347656608104705811e+03	2.976000000000000156e+01
1.350028468132019043e+03	2.980000000000000071e+01
1.352358519792556763e+03	2.976000000000000156e+01
1.354728864669799805e+03	2.976000000000000156e+01
1.357059460401535034e+03	2.969999999999999929e+01
1.359429739475250244e+03	2.973000000000000043e+01
1.361760186195373535e+03	2.973000000000000043e+01
1.364130769014358521e+03	2.985999999999999943e+01
1.366461880922317505e+03	3.007000000000000028e+01
1.368831956148147583e+03	3.023999999999999844e+01
1.371162350416183472e+03	3.044000000000000128e+01
1.373533984422683716e+03	3.060999999999999943e+01
1.375863242387771606e+03	3.060999999999999943e+01
1.378235089540481567e+03	3.071000000000000085e+01
1.380564465522766113e+03	3.075000000000000000e+01
1.382935914039611816e+03	3.085000000000000142e+01
1.385266340017318726e+03	3.078000000000000114e+01
1.387636710405349731e+03	3.080999999999999872e+01
1.389967531681060791e+03	3.078000000000000114e+01
1.392338625192642212e+03	3.078000000000000114e+01
1.394668373107910156e+03	3.071000000000000085e+01
1.397039522647857666e+03	3.067999999999999972e+01
1.399370075702667236e+03	3.064000000000000057e+01
1.401740042686462402e+03	3.060999999999999943e+01
1.404070962190628052e+03	3.057999999999999829e+01
1.406442231416702271e+03	3.053999999999999915e+01
1.408771786928176880e+03	3.046999999999999886e+01
1.411142761468887329e+03	3.044000000000000128e+01
1.413472859144210815e+03	3.041000000000000014e+01
1.415843852758407593e+03	3.041000000000000014e+01
1.418174465417861938e+03	3.033999999999999986e+01
1.420545237541198730e+03	3.030999999999999872e+01
1.422875808000564575e+03	3.019999999999999929e+01
1.425246457099914551e+03	3.019999999999999929e+01
1.427576298713684082e+03	3.017000000000000171e+01
1.429947270154953003e+03	3.014000000000000057e+01
1.432410980463027954e+03	3.007000000000000028e+01
1.434740331411361694e+03	3.000000000000000000e+01
1.437111554145812988e+03	3.000000000000000000e+01
1.439441634893417358e+03	2.996999999999999886e+01
1.441813663721084595e+03	2.992999999999999972e+01
1.444143109560012817e+03	2.985999999999999943e+01
1.446514299154281616e+03	2.980000000000000071e+01
1.448844254970550537e+03	2.985999999999999943e+01
1.451215698003768921e+03	2.980000000000000071e+01
1.453678016662597656e+03	2.973000000000000043e+01
1.456007855415344238e+03	2.969999999999999929e+01
1.458379214525222778e+03	2.966000000000000014e+01
1.460709165334701538e+03	2.966000000000000014e+01
1.463080879449844360e+03	2.976000000000000156e+01
1.465410366058349609e+03	2.982999999999999829e+01
1.467781919479370117e+03	3.000000000000000000e+01
1.470111958265304565e+03	3.023999999999999844e+01
1.472482642173767090e+03	3.041000000000000014e+01
1.474946062564849854e+03	3.057999999999999829e+01
1.477275424480438232e+03	3.067999999999999972e+01
1.479646466732025146e+03	3.075000000000000000e+01
1.481976776838302612e+03	3.078000000000000114e+01
1.484347992420196533e+03	3.085000000000000142e+01
1.486677618026733398e+03	3.080999999999999872e+01
1.489049515724182129e+03	3.080999999999999872e+01
1.491379481554031372e+03	3.085000000000000142e+01
1.493749760627746582e+03	3.078000000000000114e+01
1.496080454349517822e+03	3.078000000000000114e+01
1.498451375246047974e+03	3.075000000000000000e+01
1.500781568527221680e+03	3.067999999999999972e+01
1.503153134584426880e+03	3.067999999999999972e+01
1.505615476846694946e+03	3.057999999999999829e+01
1.507945444583892822e+03	3.057999999999999829e+01
1.510316568613052368e+03	3.051000000000000156e+01
1.512645618438720703e+03	3.051000000000000156e+01
1.515017362117767334e+03	3.044000000000000128e+01
1.517347100019454956e+03	3.041000000000000014e+01
1.519718828439712524e+03	3.037000000000000099e+01
1.522048579692840576e+03	3.033999999999999986e+01
1.524419564723968506e+03	3.030999999999999872e+01
1.526750077724456787e+03	3.023999999999999844e+01
1.529121479034423828e+03	3.023999999999999844e+01
1.531450972318649292e+03	3.019999999999999929e+01
1.533821847915649414e+03	3.014000000000000057e+01
1.536152243137359619e+03	3.007000000000000028e+01
1.538523659467697144e+03	3.010000000000000142e+01
1.540853827953338623e+03	2.996999999999999886e+01
1.543225228786468506e+03	3.000000000000000000e+01
1.545687283039093018e+03	2.992999999999999972e+01
1.548017795085906982e+03	2.985999999999999943e+01
1.550388484001159668e+03	2.985999999999999943e+01
1.552718280553817749e+03	2.982999999999999829e+01
1.555089647293090820e+03	2.976000000000000156e+01
1.557420380830764771e+03	2.980000000000000071e+01
1.559790701150894165e+03	2.973000000000000043e+01
1.562121396780014038e+03	2.969999999999999929e+01
1.564491977214813232e+03	2.973000000000000043e+01
1.566822251558303833e+03	2.985999999999999943e+01
1.569193557977676392e+03	3.000000000000000000e+01
1.571524107694625854e+03	3.014000000000000057e+01
1.573895053148269653e+03	3.033999999999999986e+01
1.576224737167358398e+03	3.044000000000000128e+01
1.578595806360244751e+03	3.053999999999999915e+01
1.580926131725311279e+03	3.057999999999999829e+01
1.583297242403030396e+03	3.060999999999999943e+01
1.585626824140548706e+03	3.064000000000000057e+01
1.587998284816741943e+03	3.060999999999999943e+01
1.590328641653060913e+03	3.064000000000000057e+01
1.592698257684707642e+03	3.060999999999999943e+01
1.595029701709747314e+03	3.057999999999999829e+01
1.597400179147720337e+03	3.057999999999999829e+01
1.599730112791061401e+03	3.051000000000000156e+01
1.602101258039474487e+03	3.046999999999999886e+01
1.604431262969970703e+03	3.044000000000000128e+01
1.606802466154098511e+03	3.044000000000000128e+01
1.609132346630096436e+03	3.033999999999999986e+01
1.611503381729125977e+03	3.037000000000000099e+01
1.613833600521087646e+03	3.030999999999999872e+01
1.616204824686050415e+03	3.026999999999999957e+01
1.618535259723663330e+03	3.026999999999999957e+01
1.620906682252883911e+03	3.017000000000000171e+01
1.623236360073089600e+03	3.017000000000000171e+01
1.625608038902282715e+03	3.014000000000000057e+01
1.627937456846237183e+03	3.007000000000000028e+01
1.630309029579162598e+03	3.007000000000000028e+01
1.632638835430145264e+03	3.000000000000000000e+01
1.635010027647018433e+03	2.996999999999999886e+01
1.637340692996978760e+03	2.996999999999999886e+01
1.639710519790649414e+03	2.985999999999999943e+01
1.642041547060012817e+03	2.982999999999999829e+01
1.644412710428237915e+03	2.985999999999999943e+01
1.646742548465728760e+03	2.973000000000000043e+01
1.649114090442657471e+03	2.976000000000000156e+01
1.651575699567794800e+03	2.976000000000000156e+01
1.653906552791595459e+03	2.973000000000000043e+01
1.656276907682418823e+03	2.966000000000000014e+01
1.658607229948043823e+03	2.969999999999999929e+01
1.660978638887405396e+03	2.969999999999999929e+01
1.663308812141418457e+03	2.966000000000000014e+01
1.665679627656936646e+03	2.969999999999999929e+01
1.668142705917358398e+03	2.973000000000000043e+01
1.670471989154815674e+03	2.985999999999999943e+01
1.672843287467956543e+03	3.003000000000000114e+01
1.675172930717468262e+03	3.023999999999999844e+01
1.677544336318969727e+03	3.044000000000000128e+01
1.679874861478805542e+03	3.064000000000000057e+01
1.682245738506317139e+03	3.071000000000000085e+01
1.684576366901397705e+03	3.078000000000000114e+01
1.686946843862533569e+03	3.085000000000000142e+01
1.689276771545410156e+03	3.087999999999999901e+01
1.691647630214691162e+03	3.091000000000000014e+01
1.693977790117263794e+03	3.087999999999999901e+01
1.696348528146743774e+03	3.078000000000000114e+01
1.698679116010665894e+03	3.085000000000000142e+01
1.701050520658493042e+03	3.078000000000000114e+01
1.703512269496917725e+03	3.078000000000000114e+01
1.705843589544296265e+03	3.075000000000000000e+01
1.708214722394943237e+03	3.071000000000000085e+01
1.710545243024826050e+03	3.060999999999999943e+01
1.712915999174118042e+03	3.064000000000000057e+01
1.715246056795120239e+03	3.057999999999999829e+01
1.717616426944732666e+03	3.057999999999999829e+01
1.720080022811889648e+03	3.051000000000000156e+01
1.722541907787322998e+03	3.046999999999999886e+01
1.725004391193389893e+03	3.041000000000000014e+01
1.727467738866806030e+03	3.033999999999999986e+01
1.729929925680160522e+03	3.030999999999999872e+01
1.732259951114654541e+03	3.026999999999999957e+01
1.734630694389343262e+03	3.023999999999999844e+01
1.736960659980773926e+03	3.017000000000000171e+01
1.739331474542617798e+03	3.014000000000000057e+01
1.741795053958892822e+03	3.007000000000000028e+01
1.744124787092208862e+03	3.010000000000000142e+01
1.746495700836181641e+03	3.007000000000000028e+01
1.748825735807418823e+03	3.003000000000000114e+01
1.751197369813919067e+03	2.992999999999999972e+01
1.753527387142181396e+03	2.992999999999999972e+01
1.755898141145706177e+03	2.992999999999999972e+01
1.758228613853454590e+03	2.985999999999999943e+01
1.760600252151489258e+03	2.982999999999999829e+01
1.763062652826309204e+03	2.976000000000000156e+01
1.765392296075820923e+03	2.980000000000000071e+01
1.767762948036193848e+03	2.973000000000000043e+01
1.770093554019927979e+03	2.973000000000000043e+01
1.772464417934417725e+03	2.980000000000000071e+01
1.774794623374938965e+03	2.996999999999999886e+01
1.777165306806564331e+03	3.014000000000000057e+01
1.779496368646621704e+03	3.033999999999999986e+01
1.781866612911224365e+03	3.051000000000000156e+01
1.784197372198104858e+03	3.060999999999999943e+01
1.786567229032516479e+03	3.071000000000000085e+01
1.788897919893264771e+03	3.078000000000000114e+01
1.791268663883209229e+03	3.080999999999999872e+01
1.793731152772903442e+03	3.085000000000000142e+01
1.796061416864395142e+03	3.080999999999999872e+01
1.798433095693588257e+03	3.078000000000000114e+01
1.800895294666290283e+03	3.075000000000000000e+01
1.803225788593292236e+03	3.078000000000000114e+01
1.805597034931182861e+03	3.071000000000000085e+01
1.807926743030548096e+03	3.064000000000000057e+01
1.810297703981399536e+03	3.064000000000000057e+01
1.812627014160156250e+03	3.064000000000000057e+01
1.814998835325241089e+03	3.060999999999999943e+01
1.817329058647155762e+03	3.051000000000000156e+01
1.819699459075927734e+03	3.051000000000000156e+01
1.822029885053634644e+03	3.051000000000000156e+01
1.824400627851486206e+03	3.041000000000000014e+01
1.826862996816635132e+03	3.037000000000000099e+01
1.829194585084915161e+03	3.033999999999999986e+01
1.831565738916397095e+03	3.030999999999999872e+01
1.834027271270751953e+03	3.019999999999999929e+01
1.836489833116531372e+03	3.023999999999999844e+01
1.838820204019546509e+03	3.014000000000000057e+01
1.841190447807312012e+03	3.017000000000000171e+01
1.843521099567413330e+03	3.010000000000000142e+01
1.845891978979110718e+03	3.007000000000000028e+01
1.848222449541091919e+03	3.003000000000000114e+01
1.850593622922897339e+03	3.000000000000000000e+01
1.852924277782440186e+03	2.996999999999999886e+01
1.855295089960098267e+03	2.989999999999999858e+01
1.857624723196029663e+03	2.989999999999999858e+01
1.859997021675109863e+03	2.982999999999999829e+01
1.862458896875381470e+03	2.982999999999999829e+01
1.864789401292800903e+03	2.980000000000000071e+01
1.867160360574722290e+03	2.976000000000000156e+01
1.869622663497924805e+03	2.969999999999999929e+01
1.871953389167785645e+03	2.973000000000000043e+01
1.874323698520660400e+03	2.980000000000000071e+01
1.876653941869735718e+03	2.982999999999999829e+01
1.879025654554367065e+03	3.007000000000000028e+01
1.881355503797531128e+03	3.023999999999999844e+01
1.883725854873657227e+03	3.046999999999999886e+01
1.886188407659530640e+03	3.057999999999999829e+01
1.888518499851226807e+03	3.067999999999999972e+01
1.890889601945877075e+03	3.078000000000000114e+01
1.893352716684341431e+03	3.085000000000000142e+01
1.895683370113372803e+03	3.085000000000000142e+01
1.898054293394088745e+03	3.085000000000000142e+01
1.900384526968002319e+03	3.080999999999999872e+01
1.902754158735275269e+03	3.080999999999999872e+01
1.905085106134414673e+03	3.075000000000000000e+01
1.907456448793411255e+03	3.080999999999999872e+01
1.909786327123641968e+03	3.071000000000000085e+01
1.912157691478729248e+03	3.067999999999999972e+01
1.914487528562545776e+03	3.064000000000000057e+01
1.916858868837356567e+03	3.060999999999999943e+01
1.919320878982543945e+03	3.053999999999999915e+01
1.921651421070098877e+03	3.051000000000000156e+01
1.924021325349807739e+03	3.046999999999999886e+01
1.926484461307525635e+03	3.046999999999999886e+01
1.928815372705459595e+03	3.046999999999999886e+01
1.931185503005981445e+03	3.037000000000000099e+01
1.933515575408935547e+03	3.033999999999999986e+01
1.935886885166168213e+03	3.026999999999999957e+01
1.938348994970321655e+03	3.023999999999999844e+01
1.940679089546203613e+03	3.019999999999999929e+01
1.943051227569580078e+03	3.014000000000000057e+01
1.945380766630172729e+03	3.014000000000000057e+01
1.947752553701400757e+03	3.007000000000000028e+01
1.950082983732223511e+03	3.007000000000000028e+01
1.952453910112380981e+03	3.000000000000000000e+01
1.954784451484680176e+03	3.000000000000000000e+01
1.957154622554779053e+03	2.992999999999999972e+01
1.959485213279724121e+03	2.985999999999999943e+01
1.961856577157974243e+03	2.985999999999999943e+01
1.964186007261276245e+03	2.985999999999999943e+01
1.966556869268417358e+03	2.980000000000000071e+01
1.969020199775695801e+03	2.973000000000000043e+01
1.971349604368209839e+03	2.973000000000000043e+01
1.973721255064010620e+03	2.976000000000000156e+01
1.976050958633422852e+03	2.976000000000000156e+01
1.978422863483428955e+03	2.989999999999999858e+01
1.980752559185028076e+03	3.003000000000000114e+01
1.983122825145721436e+03	3.026999999999999957e+01
1.985453414440155029e+03	3.041000000000000014e+01
1.987824890375137329e+03	3.057999999999999829e+01
1.990155368566513062e+03	3.067999999999999972e+01
1.992525527715682983e+03	3.078000000000000114e+01
1.994856220722198486e+03	3.080999999999999872e+01
1.997227398157119751e+03	3.085000000000000142e+01
1.999688824176788330e+03	3.078000000000000114e+01
2.002020021677017212e+03	3.080999999999999872e+01
2.004390884399414062e+03	3.080999999999999872e+01
2.006720677137374878e+03	3.075000000000000000e+01
2.009091799020767212e+03	3.075000000000000000e+01
2.011554786682128906e+03	3.067999999999999972e+01
2.013885186672210693e+03	3.064000000000000057e+01
2.016256143808364868e+03	3.060999999999999943e+01
2.018585685491561890e+03	3.064000000000000057e+01
2.020957108497619629e+03	3.053999999999999915e+01
2.023287376642227173e+03	3.051000000000000156e+01
2.025657597541809082e+03	3.044000000000000128e+01
2.027988426685333252e+03	3.044000000000000128e+01
2.030359768867492676e+03	3.037000000000000099e+01
2.032689512014389038e+03	3.033999999999999986e+01
2.035060207843780518e+03	3.030999999999999872e+01
2.037389837265014648e+03	3.026999999999999957e+01
2.039762103319168091e+03	3.019999999999999929e+01
2.042091675519943237e+03	3.019999999999999929e+01
2.044463257551193237e+03	3.014000000000000057e+01
2.046792900800704956e+03	3.014000000000000057e+01
2.049164478302001953e+03	3.010000000000000142e+01
2.051494670629501343e+03	3.000000000000000000e+01
2.053865626335144043e+03	3.000000000000000000e+01
2.056195769548416138e+03	2.996999999999999886e+01
2.058567081451416016e+03	2.992999999999999972e+01
2.060896729946136475e+03	2.985999999999999943e+01
2.063268207311630249e+03	2.982999999999999829e+01
2.065598788499832153e+03	2.982999999999999829e+01
2.067969701290130615e+03	2.980000000000000071e+01
2.070299226045608521e+03	2.976000000000000156e+01
2.072670587062835693e+03	2.973000000000000043e+01
2.075000686645507812e+03	2.969999999999999929e+01
2.077371597528457642e+03	2.973000000000000043e+01
2.079702080726623535e+03	2.969999999999999929e+01
2.082072636127471924e+03	2.982999999999999829e+01
2.084402807712554932e+03	3.003000000000000114e+01
2.086774195432662964e+03	3.019999999999999929e+01
2.089104680538177490e+03	3.037000000000000099e+01
2.091475045680999756e+03	3.057999999999999829e+01
2.093937436342239380e+03	3.067999999999999972e+01
2.096267409801483154e+03	3.075000000000000000e+01
2.098639387369155884e+03	3.080999999999999872e+01
2.100969546079635620e+03	3.085000000000000142e+01
2.103339958190917969e+03	3.080999999999999872e+01
2.105669580698013306e+03	3.085000000000000142e+01
2.108041704654693604e+03	3.080999999999999872e+01
2.110371857404708862e+03	3.080999999999999872e+01
2.112741611957550049e+03	3.078000000000000114e+01
2.115072669744491577e+03	3.075000000000000000e+01
2.117443619012832642e+03	3.071000000000000085e+01
2.119774015665054321e+03	3.067999999999999972e+01
2.122144744157791138e+03	3.060999999999999943e+01
2.124474678039550781e+03	3.057999999999999829e+01
2.126846210956573486e+03	3.057999999999999829e+01
2.129175645112991333e+03	3.046999999999999886e+01
2.131547688722610474e+03	3.046999999999999886e+01
2.133877022743225098e+03	3.044000000000000128e+01
2.136248411655426025e+03	3.037000000000000099e+01
2.138578727006912231e+03	3.037000000000000099e+01
2.140949421644210815e+03	3.030999999999999872e+01
2.143279800415039062e+03	3.026999999999999957e+01
2.145650558233261108e+03	3.023999999999999844e+01
2.147981542587280273e+03	3.017000000000000171e+01
2.150351617574691772e+03	3.014000000000000057e+01
2.152681694507598877e+03	3.007000000000000028e+01
2.155053611040115356e+03	3.007000000000000028e+01
2.157382542610168457e+03	3.003000000000000114e+01
2.159753823518753052e+03	3.003000000000000114e+01
2.162084758520126343e+03	2.996999999999999886e+01
2.164455612421035767e+03	2.992999999999999972e+01
2.166785312175750732e+03	2.989999999999999858e+01
2.169156853675842285e+03	2.982999999999999829e+01
2.171486777067184448e+03	2.982999999999999829e+01
2.173857804536819458e+03	2.976000000000000156e+01
2.176187863588333130e+03	2.969999999999999929e+01
2.178559611320495605e+03	2.969999999999999929e+01
2.181021992683410645e+03	2.973000000000000043e+01
2.183484899520874023e+03	2.980000000000000071e+01
2.185947007417678833e+03	2.996999999999999886e+01
2.188277600288391113e+03	3.017000000000000171e+01
2.190648499727249146e+03	3.037000000000000099e+01
2.193110585689544678e+03	3.053999999999999915e+01
2.195440837621688843e+03	3.067999999999999972e+01
2.197812696218490601e+03	3.075000000000000000e+01
2.200274289369583130e+03	3.078000000000000114e+01
2.202736411809921265e+03	3.080999999999999872e+01
2.205067572355270386e+03	3.080999999999999872e+01
2.207438334941864014e+03	3.080999999999999872e+01
2.209768586397171021e+03	3.078000000000000114e+01
2.212139389991760254e+03	3.080999999999999872e+01
2.214470304965972900e+03	3.075000000000000000e+01
2.216840871334075928e+03	3.071000000000000085e+01
2.219170757532119751e+03	3.075000000000000000e+01
2.221542342901229858e+03	3.064000000000000057e+01
2.224004757404327393e+03	3.060999999999999943e+01
2.226467090368270874e+03	3.057999999999999829e+01
2.228798261642456055e+03	3.053999999999999915e+01
2.231168291807174683e+03	3.046999999999999886e+01
2.233499337434768677e+03	3.044000000000000128e+01
2.235869358062744141e+03	3.041000000000000014e+01
2.238199506044387817e+03	3.037000000000000099e+01
2.240571218729019165e+03	3.030999999999999872e+01
2.242901050090789795e+03	3.030999999999999872e+01
2.245272384643554688e+03	3.023999999999999844e+01
2.247602550029754639e+03	3.023999999999999844e+01
2.249973173141479492e+03	3.017000000000000171e+01
2.252303416728973389e+03	3.014000000000000057e+01
2.254674356222152710e+03	3.010000000000000142e+01
2.257004855155944824e+03	3.010000000000000142e+01
2.259375547409057617e+03	3.003000000000000114e+01
2.261705591440200806e+03	3.003000000000000114e+01
2.264077344894409180e+03	2.989999999999999858e+01
2.266406601905822754e+03	2.992999999999999972e+01
2.268778450012207031e+03	2.985999999999999943e+01
2.271241084098815918e+03	2.980000000000000071e+01
2.273571335792541504e+03	2.980000000000000071e+01
2.275942663192749023e+03	2.976000000000000156e+01
2.278271731138229370e+03	2.973000000000000043e+01
2.280643031597137451e+03	2.966000000000000014e+01
2.282972891092300415e+03	2.966000000000000014e+01
2.285343945503234863e+03	2.973000000000000043e+01
2.287674407720565796e+03	2.982999999999999829e+01
2.290045643806457520e+03	2.996999999999999886e+01
2.292376435041427612e+03	3.019999999999999929e+01
2.294746567964553833e+03	3.026999999999999957e+01
2.297209190845489502e+03	3.053999999999999915e+01
2.299540555000305176e+03	3.064000000000000057e+01
2.301910835742950439e+03	3.071000000000000085e+01
2.304241265058517456e+03	3.075000000000000000e+01
2.306611763477325439e+03	3.080999999999999872e+01
2.308942070245742798e+03	3.085000000000000142e+01
2.311313554763793945e+03	3.080999999999999872e+01
2.313775963783264160e+03	3.085000000000000142e+01
2.316106487989425659e+03	3.075000000000000000e+01
2.318477293491363525e+03	3.078000000000000114e+01
2.320807314634323120e+03	3.075000000000000000e+01
2.323178696632385254e+03	3.067999999999999972e+01
2.325641269207000732e+03	3.064000000000000057e+01
2.328103529214859009e+03	3.060999999999999943e+01
2.330565958023071289e+03	3.057999999999999829e+01
2.332896489143371582e+03	3.051000000000000156e+01
2.335267471551895142e+03	3.051000000000000156e+01
2.337730051755905151e+03	3.044000000000000128e+01
2.340060195446014404e+03	3.041000000000000014e+01
2.342430851221084595e+03	3.033999999999999986e+01
2.344761811971664429e+03	3.030999999999999872e+01
2.347132225751876831e+03	3.026999999999999957e+01
2.349594763040542603e+03	3.023999999999999844e+01
2.352057265281677246e+03	3.019999999999999929e+01
2.354387669086456299e+03	3.019999999999999929e+01
2.356758350849151611e+03	3.014000000000000057e+01
2.359088651657104492e+03	3.010000000000000142e+01
2.361459487438201904e+03	3.007000000000000028e+01
2.363789752483367920e+03	3.007000000000000028e+01
2.366160885095596313e+03	2.996999999999999886e+01
2.368490825414657593e+03	2.996999999999999886e+01
2.370862347126007080e+03	2.989999999999999858e+01
2.373192953109741211e+03	2.982999999999999829e+01
2.375563983440399170e+03	2.980000000000000071e+01
2.378025812864303589e+03	2.976000000000000156e+01
2.380356291055679321e+03	2.973000000000000043e+01
2.382726951599121094e+03	2.973000000000000043e+01
2.385189872980117798e+03	2.973000000000000043e+01
2.387520500898361206e+03	2.969999999999999929e+01
2.389890766859054565e+03	2.976000000000000156e+01
2.392221246957778931e+03	2.989999999999999858e+01
2.394592445135116577e+03	3.014000000000000057e+01
2.397055654764175415e+03	3.026999999999999957e+01
2.399384803295135498e+03	3.033999999999999986e+01
2.401756860494613647e+03	3.037000000000000099e+01
2.404087073564529419e+03	3.046999999999999886e+01
2.406457689285278320e+03	3.051000000000000156e+01
2.408787343740463257e+03	3.053999999999999915e+01
2.411158843517303467e+03	3.053999999999999915e+01
2.413620727539062500e+03	3.051000000000000156e+01
2.415951092243194580e+03	3.046999999999999886e+01
2.418322801828384399e+03	3.051000000000000156e+01
2.420651726245880127e+03	3.044000000000000128e+01
2.423024109601974487e+03	3.037000000000000099e+01
2.425354280948638916e+03	3.033999999999999986e+01
2.427724567651748657e+03	3.037000000000000099e+01
2.430055530786514282e+03	3.030999999999999872e+01
2.432425649881362915e+03	3.026999999999999957e+01
2.434755922317504883e+03	3.023999999999999844e+01
2.437126974344253540e+03	3.017000000000000171e+01
2.439457560777664185e+03	3.014000000000000057e+01
2.441828722715377808e+03	3.007000000000000028e+01
2.444158495903015137e+03	3.003000000000000114e+01
2.446529944419860840e+03	3.003000000000000114e+01
2.448860072135925293e+03	3.000000000000000000e+01
2.451231231451034546e+03	2.996999999999999886e+01
2.453560792922973633e+03	2.989999999999999858e+01
2.455932898521423340e+03	2.985999999999999943e+01
2.458262030363082886e+03	2.982999999999999829e+01
2.460633098840713501e+03	2.980000000000000071e+01
2.462963506460189819e+03	2.976000000000000156e+01
2.465335396289825439e+03	2.973000000000000043e+01
2.467664829730987549e+03	2.973000000000000043e+01
2.500928833246231079e+03	3.037000000000000099e+01
2.503259830951690674e+03	3.051000000000000156e+01
2.505630091190338135e+03	3.053999999999999915e+01
2.508184803485870361e+03	3.067999999999999972e+01
