# 20220801
# time			temp			
0.000000000000000000e+00	2.708999999999999986e+01
2.461775302886962891e+00	2.701999999999999957e+01
4.925402879714965820e+00	2.708999999999999986e+01
7.387694835662841797e+00	2.716000000000000014e+01
9.850034475326538086e+00	2.728999999999999915e+01
1.231333518028259277e+01	2.748999999999999844e+01
1.477518868446350098e+01	2.773000000000000043e+01
1.723765087127685547e+01	2.803999999999999915e+01
1.970087623596191406e+01	2.837000000000000099e+01
2.216271352767944336e+01	2.867999999999999972e+01
2.462615275382995605e+01	2.905000000000000071e+01
2.708824944496154785e+01	2.939000000000000057e+01
2.955105400085449219e+01	2.976000000000000156e+01
3.201371288299560547e+01	3.010000000000000142e+01
3.447579050064086914e+01	3.033999999999999986e+01
3.693836665153503418e+01	3.053999999999999915e+01
3.940092349052429199e+01	3.064000000000000057e+01
4.186464953422546387e+01	3.075000000000000000e+01
4.432623696327209473e+01	3.078000000000000114e+01
4.678941464424133301e+01	3.080999999999999872e+01
4.925162863731384277e+01	3.078000000000000114e+01
5.171412467956542969e+01	3.080999999999999872e+01
5.417707848548889160e+01	3.080999999999999872e+01
5.663938140869140625e+01	3.075000000000000000e+01
5.910203790664672852e+01	3.075000000000000000e+01
6.156498622894287109e+01	3.071000000000000085e+01
6.402778100967407227e+01	3.060999999999999943e+01
6.649003624916076660e+01	3.057999999999999829e+01
6.895263409614562988e+01	3.051000000000000156e+01
7.141438460350036621e+01	3.046999999999999886e+01
7.387863731384277344e+01	3.046999999999999886e+01
7.634020924568176270e+01	3.041000000000000014e+01
7.880390262603759766e+01	3.037000000000000099e+01
8.126631450653076172e+01	3.030999999999999872e+01
8.372858786582946777e+01	3.023999999999999844e+01
8.619166827201843262e+01	3.026999999999999957e+01
8.865354776382446289e+01	3.019999999999999929e+01
9.111616063117980957e+01	3.014000000000000057e+01
9.357905530929565430e+01	3.010000000000000142e+01
9.604166603088378906e+01	3.007000000000000028e+01
9.850415158271789551e+01	3.003000000000000114e+01
1.009673659801483154e+02	3.000000000000000000e+01
1.034296612739562988e+02	2.992999999999999972e+01
1.058924453258514404e+02	2.989999999999999858e+01
1.083556208610534668e+02	2.982999999999999829e+01
1.108180444240570068e+02	2.980000000000000071e+01
1.132802534103393555e+02	2.976000000000000156e+01
1.157430214881896973e+02	2.973000000000000043e+01
1.182058773040771484e+02	2.973000000000000043e+01
1.206680781841278076e+02	2.966000000000000014e+01
1.231307256221771240e+02	2.966000000000000014e+01
1.255930447578430176e+02	2.969999999999999929e+01
1.280561487674713135e+02	2.969999999999999929e+01
1.305182261466979980e+02	2.982999999999999829e+01
1.329808630943298340e+02	3.003000000000000114e+01
1.354436438083648682e+02	3.019999999999999929e+01
1.379066753387451172e+02	3.046999999999999886e+01
1.403690783977508545e+02	3.053999999999999915e+01
1.428320839405059814e+02	3.067999999999999972e+01
1.452947788238525391e+02	3.075000000000000000e+01
1.477565624713897705e+02	3.085000000000000142e+01
1.502201519012451172e+02	3.080999999999999872e+01
1.526819682121276855e+02	3.085000000000000142e+01
1.551450314521789551e+02	3.078000000000000114e+01
1.576065964698791504e+02	3.078000000000000114e+01
1.600688378810882568e+02	3.080999999999999872e+01
1.625322406291961670e+02	3.071000000000000085e+01
1.649951775074005127e+02	3.071000000000000085e+01
1.674569044113159180e+02	3.067999999999999972e+01
1.699200990200042725e+02	3.057999999999999829e+01
1.723827302455902100e+02	3.053999999999999915e+01
1.748447408676147461e+02	3.053999999999999915e+01
1.773076405525207520e+02	3.046999999999999886e+01
1.797707064151763916e+02	3.044000000000000128e+01
1.822333500385284424e+02	3.041000000000000014e+01
1.846954557895660400e+02	3.037000000000000099e+01
1.871585843563079834e+02	3.030999999999999872e+01
1.896213076114654541e+02	3.026999999999999957e+01
1.920829918384552002e+02	3.019999999999999929e+01
1.945466179847717285e+02	3.014000000000000057e+01
1.970091967582702637e+02	3.010000000000000142e+01
1.994716351032257080e+02	3.010000000000000142e+01
2.019344089031219482e+02	3.007000000000000028e+01
2.043959186077117920e+02	3.000000000000000000e+01
2.068598110675811768e+02	3.000000000000000000e+01
2.093218700885772705e+02	2.992999999999999972e+01
2.117844464778900146e+02	2.989999999999999858e+01
2.142477498054504395e+02	2.985999999999999943e+01
2.167099263668060303e+02	2.982999999999999829e+01
2.191729812622070312e+02	2.980000000000000071e+01
2.216354122161865234e+02	2.973000000000000043e+01
2.240986120700836182e+02	2.969999999999999929e+01
2.265604870319366455e+02	2.976000000000000156e+01
2.290234298706054688e+02	2.962999999999999901e+01
2.314850456714630127e+02	2.969999999999999929e+01
2.339480624198913574e+02	2.969999999999999929e+01
2.364112081527709961e+02	2.973000000000000043e+01
2.388734169006347656e+02	2.982999999999999829e+01
2.413363490104675293e+02	3.003000000000000114e+01
2.437992634773254395e+02	3.023999999999999844e+01
2.462618227005004883e+02	3.044000000000000128e+01
2.487234945297241211e+02	3.064000000000000057e+01
2.511871707439422607e+02	3.078000000000000114e+01
2.536492848396301270e+02	3.094999999999999929e+01
2.561119475364685059e+02	3.101999999999999957e+01
2.585741221904754639e+02	3.098000000000000043e+01
2.610374965667724609e+02	3.101999999999999957e+01
2.634985692501068115e+02	3.101999999999999957e+01
2.659623835086822510e+02	3.098000000000000043e+01
2.684242346286773682e+02	3.094999999999999929e+01
2.708873729705810547e+02	3.094999999999999929e+01
2.733497447967529297e+02	3.091000000000000014e+01
2.758121323585510254e+02	3.087999999999999901e+01
2.782754149436950684e+02	3.080999999999999872e+01
2.807383077144622803e+02	3.075000000000000000e+01
2.831999881267547607e+02	3.071000000000000085e+01
2.856627414226531982e+02	3.067999999999999972e+01
2.881256890296936035e+02	3.064000000000000057e+01
2.905887005329132080e+02	3.057999999999999829e+01
2.930508909225463867e+02	3.057999999999999829e+01
2.955131933689117432e+02	3.046999999999999886e+01
2.979754848480224609e+02	3.051000000000000156e+01
3.004383428096771240e+02	3.044000000000000128e+01
3.029013733863830566e+02	3.041000000000000014e+01
3.053644695281982422e+02	3.033999999999999986e+01
3.078263471126556396e+02	3.030999999999999872e+01
3.102889130115509033e+02	3.026999999999999957e+01
3.127520191669464111e+02	3.019999999999999929e+01
3.152141406536102295e+02	3.014000000000000057e+01
3.176774933338165283e+02	3.017000000000000171e+01
3.201393249034881592e+02	3.007000000000000028e+01
3.226021716594696045e+02	3.000000000000000000e+01
3.250647423267364502e+02	3.000000000000000000e+01
3.275283987522125244e+02	3.000000000000000000e+01
3.299901530742645264e+02	2.989999999999999858e+01
3.324523391723632812e+02	2.985999999999999943e+01
3.349165070056915283e+02	2.985999999999999943e+01
3.373781578540802002e+02	2.982999999999999829e+01
3.398413703441619873e+02	2.973000000000000043e+01
3.423037340641021729e+02	2.976000000000000156e+01
3.447659449577331543e+02	2.980000000000000071e+01
3.472286200523376465e+02	2.992999999999999972e+01
3.496917917728424072e+02	3.010000000000000142e+01
3.521544895172119141e+02	3.019999999999999929e+01
3.546168758869171143e+02	3.041000000000000014e+01
3.570795581340789795e+02	3.051000000000000156e+01
3.595417103767395020e+02	3.060999999999999943e+01
3.620045351982116699e+02	3.060999999999999943e+01
3.644663007259368896e+02	3.064000000000000057e+01
3.669302198886871338e+02	3.060999999999999943e+01
3.693916444778442383e+02	3.064000000000000057e+01
3.718546063899993896e+02	3.060999999999999943e+01
3.743175542354583740e+02	3.057999999999999829e+01
3.767805109024047852e+02	3.053999999999999915e+01
3.792433371543884277e+02	3.053999999999999915e+01
3.817052152156829834e+02	3.046999999999999886e+01
3.841685469150543213e+02	3.041000000000000014e+01
3.866312978267669678e+02	3.041000000000000014e+01
3.890932791233062744e+02	3.033999999999999986e+01
3.915562667846679688e+02	3.026999999999999957e+01
3.940181701183319092e+02	3.023999999999999844e+01
3.964809408187866211e+02	3.017000000000000171e+01
3.989439411163330078e+02	3.019999999999999929e+01
4.014060037136077881e+02	3.017000000000000171e+01
4.038693315982818604e+02	3.014000000000000057e+01
4.063323621749877930e+02	3.003000000000000114e+01
4.087947559356689453e+02	3.003000000000000114e+01
4.112571551799774170e+02	2.996999999999999886e+01
4.137193801403045654e+02	2.992999999999999972e+01
4.161827585697174072e+02	2.985999999999999943e+01
4.186455171108245850e+02	2.989999999999999858e+01
4.211071915626525879e+02	2.980000000000000071e+01
4.235697901248931885e+02	2.973000000000000043e+01
4.260326232910156250e+02	2.976000000000000156e+01
4.284952969551086426e+02	2.969999999999999929e+01
4.309581108093261719e+02	2.966000000000000014e+01
4.334200685024261475e+02	2.969999999999999929e+01
4.358832666873931885e+02	2.966000000000000014e+01
4.383464419841766357e+02	2.966000000000000014e+01
4.408092067241668701e+02	2.962999999999999901e+01
4.432715179920196533e+02	2.958999999999999986e+01
4.457345814704895020e+02	2.966000000000000014e+01
4.481964638233184814e+02	2.962999999999999901e+01
4.506590125560760498e+02	2.969999999999999929e+01
4.531220512390136719e+02	2.973000000000000043e+01
4.555836884975433350e+02	2.989999999999999858e+01
4.580470004081726074e+02	3.010000000000000142e+01
4.605094163417816162e+02	3.030999999999999872e+01
4.629719114303588867e+02	3.053999999999999915e+01
4.654344739913940430e+02	3.067999999999999972e+01
4.678970038890838623e+02	3.085000000000000142e+01
4.703600375652313232e+02	3.091000000000000014e+01
4.728224086761474609e+02	3.098000000000000043e+01
4.752854008674621582e+02	3.101999999999999957e+01
4.777478907108306885e+02	3.107999999999999829e+01
4.802097802162170410e+02	3.101999999999999957e+01
4.826721634864807129e+02	3.098000000000000043e+01
4.851348180770874023e+02	3.094999999999999929e+01
4.875976591110229492e+02	3.091000000000000014e+01
4.900605564117431641e+02	3.091000000000000014e+01
4.925235850811004639e+02	3.087999999999999901e+01
4.949852392673492432e+02	3.085000000000000142e+01
4.974480381011962891e+02	3.075000000000000000e+01
4.999105820655822754e+02	3.067999999999999972e+01
5.023741514682769775e+02	3.071000000000000085e+01
5.048362116813659668e+02	3.064000000000000057e+01
5.072987811565399170e+02	3.060999999999999943e+01
5.097618117332458496e+02	3.053999999999999915e+01
5.122242846488952637e+02	3.051000000000000156e+01
5.146867401599884033e+02	3.041000000000000014e+01
5.171493189334869385e+02	3.044000000000000128e+01
5.196115703582763672e+02	3.037000000000000099e+01
5.220746271610260010e+02	3.030999999999999872e+01
5.245376930236816406e+02	3.019999999999999929e+01
5.269996845722198486e+02	3.026999999999999957e+01
5.294619190692901611e+02	3.023999999999999844e+01
5.319249041080474854e+02	3.014000000000000057e+01
5.343871338367462158e+02	3.007000000000000028e+01
5.368504607677459717e+02	3.007000000000000028e+01
5.393128352165222168e+02	3.003000000000000114e+01
5.417753045558929443e+02	2.996999999999999886e+01
5.442385787963867188e+02	2.989999999999999858e+01
5.467013852596282959e+02	2.989999999999999858e+01
5.491636328697204590e+02	2.982999999999999829e+01
5.516267721652984619e+02	2.976000000000000156e+01
5.540890660285949707e+02	2.976000000000000156e+01
5.565515534877777100e+02	2.976000000000000156e+01
5.590136351585388184e+02	2.973000000000000043e+01
5.614765911102294922e+02	2.969999999999999929e+01
5.639397089481353760e+02	2.980000000000000071e+01
5.664017679691314697e+02	2.996999999999999886e+01
5.688646976947784424e+02	3.019999999999999929e+01
5.713275172710418701e+02	3.037000000000000099e+01
5.737897582054138184e+02	3.053999999999999915e+01
5.762531421184539795e+02	3.064000000000000057e+01
5.787155916690826416e+02	3.067999999999999972e+01
5.811779663562774658e+02	3.078000000000000114e+01
5.836399688720703125e+02	3.080999999999999872e+01
5.861036181449890137e+02	3.080999999999999872e+01
5.885657587051391602e+02	3.078000000000000114e+01
5.910277910232543945e+02	3.080999999999999872e+01
5.934899537563323975e+02	3.075000000000000000e+01
5.959532916545867920e+02	3.071000000000000085e+01
5.984162485599517822e+02	3.067999999999999972e+01
6.008788752555847168e+02	3.060999999999999943e+01
6.033407289981842041e+02	3.064000000000000057e+01
6.058035504817962646e+02	3.057999999999999829e+01
6.082660303115844727e+02	3.046999999999999886e+01
6.107293214797973633e+02	3.044000000000000128e+01
6.131918332576751709e+02	3.041000000000000014e+01
6.156548535823822021e+02	3.041000000000000014e+01
6.181169309616088867e+02	3.033999999999999986e+01
6.205791742801666260e+02	3.026999999999999957e+01
6.230415141582489014e+02	3.026999999999999957e+01
6.255044927597045898e+02	3.019999999999999929e+01
6.279674298763275146e+02	3.014000000000000057e+01
6.304304528236389160e+02	3.014000000000000057e+01
6.328923890590667725e+02	3.010000000000000142e+01
6.353555409908294678e+02	3.003000000000000114e+01
6.378177657127380371e+02	3.000000000000000000e+01
6.402804214954376221e+02	2.996999999999999886e+01
6.427443518638610840e+02	2.989999999999999858e+01
6.452064940929412842e+02	2.989999999999999858e+01
6.476692373752593994e+02	2.982999999999999829e+01
6.501315400600433350e+02	2.985999999999999943e+01
6.525941293239593506e+02	2.976000000000000156e+01
6.550568575859069824e+02	2.973000000000000043e+01
6.575191090106964111e+02	2.969999999999999929e+01
6.599812567234039307e+02	2.969999999999999929e+01
6.624439730644226074e+02	2.962999999999999901e+01
6.649066958427429199e+02	2.966000000000000014e+01
6.673692045211791992e+02	2.962999999999999901e+01
6.698321664333343506e+02	2.969999999999999929e+01
6.722954752445220947e+02	2.973000000000000043e+01
6.747571425437927246e+02	2.992999999999999972e+01
6.772204442024230957e+02	3.017000000000000171e+01
6.796823217868804932e+02	3.030999999999999872e+01
6.821450023651123047e+02	3.051000000000000156e+01
6.846080458164215088e+02	3.067999999999999972e+01
6.870711445808410645e+02	3.071000000000000085e+01
6.895330016613006592e+02	3.078000000000000114e+01
6.919958577156066895e+02	3.085000000000000142e+01
6.944581141471862793e+02	3.085000000000000142e+01
6.969211523532867432e+02	3.085000000000000142e+01
6.993833365440368652e+02	3.078000000000000114e+01
7.018465611934661865e+02	3.080999999999999872e+01
7.043092093467712402e+02	3.078000000000000114e+01
7.067713363170623779e+02	3.071000000000000085e+01
7.092339501380920410e+02	3.067999999999999972e+01
7.116969435214996338e+02	3.060999999999999943e+01
7.141592085361480713e+02	3.060999999999999943e+01
7.166215679645538330e+02	3.053999999999999915e+01
7.190842757225036621e+02	3.046999999999999886e+01
7.215472428798675537e+02	3.044000000000000128e+01
7.240094292163848877e+02	3.037000000000000099e+01
7.264712779521942139e+02	3.033999999999999986e+01
7.289347805976867676e+02	3.030999999999999872e+01
7.313972194194793701e+02	3.030999999999999872e+01
7.338593866825103760e+02	3.023999999999999844e+01
7.363227348327636719e+02	3.017000000000000171e+01
7.387852249145507812e+02	3.010000000000000142e+01
7.412475149631500244e+02	3.010000000000000142e+01
7.437103991508483887e+02	3.000000000000000000e+01
7.461732943058013916e+02	2.996999999999999886e+01
7.486363482475280762e+02	2.989999999999999858e+01
7.510984570980072021e+02	2.989999999999999858e+01
7.535611457824707031e+02	2.982999999999999829e+01
7.560240726470947266e+02	2.976000000000000156e+01
7.584862987995147705e+02	2.973000000000000043e+01
7.609484536647796631e+02	2.969999999999999929e+01
7.634111905097961426e+02	2.969999999999999929e+01
7.658739228248596191e+02	2.958999999999999986e+01
7.683374536037445068e+02	2.958999999999999986e+01
7.707995414733886719e+02	2.962999999999999901e+01
7.732622783184051514e+02	2.962999999999999901e+01
7.757251613140106201e+02	2.955999999999999872e+01
7.781871860027313232e+02	2.962999999999999901e+01
7.806502766609191895e+02	2.976000000000000156e+01
7.831122326850891113e+02	2.996999999999999886e+01
7.855754373073577881e+02	3.014000000000000057e+01
7.880372214317321777e+02	3.037000000000000099e+01
7.905001747608184814e+02	3.053999999999999915e+01
7.929624154567718506e+02	3.071000000000000085e+01
7.954257104396820068e+02	3.085000000000000142e+01
7.978876855373382568e+02	3.087999999999999901e+01
8.003504703044891357e+02	3.091000000000000014e+01
8.028133635520935059e+02	3.091000000000000014e+01
8.052764303684234619e+02	3.091000000000000014e+01
8.077386119365692139e+02	3.091000000000000014e+01
8.102012779712677002e+02	3.087999999999999901e+01
8.126641390323638916e+02	3.087999999999999901e+01
8.151262204647064209e+02	3.085000000000000142e+01
8.175886268615722656e+02	3.078000000000000114e+01
8.200515167713165283e+02	3.071000000000000085e+01
8.225143938064575195e+02	3.067999999999999972e+01
8.249774487018585205e+02	3.064000000000000057e+01
8.274396815299987793e+02	3.060999999999999943e+01
8.299021213054656982e+02	3.053999999999999915e+01
8.323646192550659180e+02	3.053999999999999915e+01
8.348270504474639893e+02	3.046999999999999886e+01
8.372905206680297852e+02	3.046999999999999886e+01
8.397525343894958496e+02	3.037000000000000099e+01
8.422150447368621826e+02	3.033999999999999986e+01
8.446780967712402344e+02	3.030999999999999872e+01
8.471401331424713135e+02	3.030999999999999872e+01
8.496025724411010742e+02	3.019999999999999929e+01
8.520652999877929688e+02	3.019999999999999929e+01
8.545273871421813965e+02	3.010000000000000142e+01
8.569911425113677979e+02	3.010000000000000142e+01
8.594533779621124268e+02	3.003000000000000114e+01
8.619169239997863770e+02	3.000000000000000000e+01
8.643791391849517822e+02	2.992999999999999972e+01
8.668411886692047119e+02	2.989999999999999858e+01
8.693038268089294434e+02	2.985999999999999943e+01
8.717664189338684082e+02	2.982999999999999829e+01
8.742292087078094482e+02	2.976000000000000156e+01
8.766920988559722900e+02	2.973000000000000043e+01
8.791551291942596436e+02	2.969999999999999929e+01
8.816173472404479980e+02	2.969999999999999929e+01
8.840791988372802734e+02	2.969999999999999929e+01
8.865425143241882324e+02	2.969999999999999929e+01
8.890050687789916992e+02	2.976000000000000156e+01
8.914668352603912354e+02	2.996999999999999886e+01
8.939299371242523193e+02	3.014000000000000057e+01
8.963929903507232666e+02	3.033999999999999986e+01
8.988549578189849854e+02	3.057999999999999829e+01
9.013180339336395264e+02	3.071000000000000085e+01
9.037807738780975342e+02	3.080999999999999872e+01
9.062429883480072021e+02	3.091000000000000014e+01
9.087065603733062744e+02	3.094999999999999929e+01
9.111685688495635986e+02	3.094999999999999929e+01
9.136313891410827637e+02	3.091000000000000014e+01
9.160942113399505615e+02	3.087999999999999901e+01
9.185563261508941650e+02	3.091000000000000014e+01
9.210191328525543213e+02	3.085000000000000142e+01
9.234816350936889648e+02	3.078000000000000114e+01
9.259440257549285889e+02	3.075000000000000000e+01
9.284068694114685059e+02	3.075000000000000000e+01
9.308701217174530029e+02	3.075000000000000000e+01
9.333321738243103027e+02	3.064000000000000057e+01
9.357951648235321045e+02	3.060999999999999943e+01
9.382574350833892822e+02	3.057999999999999829e+01
9.407202696800231934e+02	3.051000000000000156e+01
9.431826713085174561e+02	3.051000000000000156e+01
9.456451671123504639e+02	3.041000000000000014e+01
9.481079711914062500e+02	3.041000000000000014e+01
9.505701789855957031e+02	3.041000000000000014e+01
9.530332572460174561e+02	3.030999999999999872e+01
9.554956192970275879e+02	3.023999999999999844e+01
9.579579725265502930e+02	3.019999999999999929e+01
9.604199328422546387e+02	3.019999999999999929e+01
9.628836338520050049e+02	3.017000000000000171e+01
9.653464071750640869e+02	3.007000000000000028e+01
9.678082931041717529e+02	3.003000000000000114e+01
9.702712471485137939e+02	2.996999999999999886e+01
9.727340817451477051e+02	2.989999999999999858e+01
9.751962766647338867e+02	2.989999999999999858e+01
9.776596031188964844e+02	2.989999999999999858e+01
9.801219377517700195e+02	2.982999999999999829e+01
9.825850267410278320e+02	2.980000000000000071e+01
9.850477507114410400e+02	2.973000000000000043e+01
9.875097842216491699e+02	2.973000000000000043e+01
9.899726824760437012e+02	2.969999999999999929e+01
9.924352138042449951e+02	2.962999999999999901e+01
9.948974652290344238e+02	2.969999999999999929e+01
9.973606195449829102e+02	2.980000000000000071e+01
9.998228228092193604e+02	2.996999999999999886e+01
1.002286101818084717e+03	3.014000000000000057e+01
1.004748987197875977e+03	3.033999999999999986e+01
1.007210847854614258e+03	3.053999999999999915e+01
1.009673238992691040e+03	3.060999999999999943e+01
1.012136097192764282e+03	3.071000000000000085e+01
1.014598546981811523e+03	3.078000000000000114e+01
1.017061327219009399e+03	3.080999999999999872e+01
1.019523656368255615e+03	3.075000000000000000e+01
1.021985794305801392e+03	3.075000000000000000e+01
1.024449137926101685e+03	3.075000000000000000e+01
1.026911608695983887e+03	3.075000000000000000e+01
1.029374808311462402e+03	3.071000000000000085e+01
1.031837587594985962e+03	3.071000000000000085e+01
1.034299587965011597e+03	3.067999999999999972e+01
1.036761892080307007e+03	3.057999999999999829e+01
1.039225018978118896e+03	3.053999999999999915e+01
1.041687327623367310e+03	3.051000000000000156e+01
1.044150019884109497e+03	3.044000000000000128e+01
1.046612547159194946e+03	3.041000000000000014e+01
1.049075515508651733e+03	3.033999999999999986e+01
1.051537626266479492e+03	3.033999999999999986e+01
1.053999883890151978e+03	3.026999999999999957e+01
1.056462885618209839e+03	3.023999999999999844e+01
1.058925445556640625e+03	3.019999999999999929e+01
1.061387803554534912e+03	3.014000000000000057e+01
1.063850907564163208e+03	3.014000000000000057e+01
1.066313251733779907e+03	3.007000000000000028e+01
1.068776330232620239e+03	3.003000000000000114e+01
1.071238772153854370e+03	3.000000000000000000e+01
1.073701450347900391e+03	2.989999999999999858e+01
1.076164609432220459e+03	2.989999999999999858e+01
1.078627134323120117e+03	2.982999999999999829e+01
1.081089122533798218e+03	2.982999999999999829e+01
1.083551745653152466e+03	2.973000000000000043e+01
1.086015522241592407e+03	2.969999999999999929e+01
1.088477456569671631e+03	2.962999999999999901e+01
1.090939437866210938e+03	2.962999999999999901e+01
1.093403056859970093e+03	2.962999999999999901e+01
1.095864987611770630e+03	2.962999999999999901e+01
1.098327594280242920e+03	2.958999999999999986e+01
1.100790101766586304e+03	2.962999999999999901e+01
1.103253083944320679e+03	2.966000000000000014e+01
1.105715485572814941e+03	2.980000000000000071e+01
1.108178120851516724e+03	2.996999999999999886e+01
1.110640547275543213e+03	3.019999999999999929e+01
1.113103804349899292e+03	3.044000000000000128e+01
1.115566619873046875e+03	3.071000000000000085e+01
1.118029480934143066e+03	3.071000000000000085e+01
1.120491611003875732e+03	3.085000000000000142e+01
1.122954464912414551e+03	3.091000000000000014e+01
1.125416762590408325e+03	3.094999999999999929e+01
1.127879301548004150e+03	3.087999999999999901e+01
1.130341983079910278e+03	3.094999999999999929e+01
1.132804367065429688e+03	3.094999999999999929e+01
1.135267128229141235e+03	3.085000000000000142e+01
1.137729737997055054e+03	3.087999999999999901e+01
1.140192421436309814e+03	3.080999999999999872e+01
1.142655408859252930e+03	3.078000000000000114e+01
1.145117960929870605e+03	3.071000000000000085e+01
1.147580070972442627e+03	3.075000000000000000e+01
1.150042924642562866e+03	3.060999999999999943e+01
1.152504922866821289e+03	3.053999999999999915e+01
1.154967976808547974e+03	3.053999999999999915e+01
1.157429721355438232e+03	3.051000000000000156e+01
1.159892961263656616e+03	3.044000000000000128e+01
1.162355828285217285e+03	3.041000000000000014e+01
1.164818505048751831e+03	3.041000000000000014e+01
1.167280900478363037e+03	3.026999999999999957e+01
1.169743254899978638e+03	3.023999999999999844e+01
1.172206525087356567e+03	3.019999999999999929e+01
1.174669306516647339e+03	3.014000000000000057e+01
1.177131580829620361e+03	3.014000000000000057e+01
1.179594068765640259e+03	3.007000000000000028e+01
1.182056296110153198e+03	3.007000000000000028e+01
1.184519798517227173e+03	2.996999999999999886e+01
1.186982864618301392e+03	3.000000000000000000e+01
1.189444246768951416e+03	2.989999999999999858e+01
1.191907277345657349e+03	2.985999999999999943e+01
1.194369944334030151e+03	2.980000000000000071e+01
1.196833298444747925e+03	2.976000000000000156e+01
1.199295906782150269e+03	2.973000000000000043e+01
1.201758119344711304e+03	2.966000000000000014e+01
1.204220427513122559e+03	2.966000000000000014e+01
1.206682942152023315e+03	2.958999999999999986e+01
1.209145991563796997e+03	2.966000000000000014e+01
1.211608727931976318e+03	2.969999999999999929e+01
1.214070254802703857e+03	2.976000000000000156e+01
1.216533604621887207e+03	3.000000000000000000e+01
1.218996030330657959e+03	3.019999999999999929e+01
1.221458413839340210e+03	3.041000000000000014e+01
1.223921938180923462e+03	3.060999999999999943e+01
1.226384537696838379e+03	3.071000000000000085e+01
1.228847282648086548e+03	3.080999999999999872e+01
1.231309887409210205e+03	3.087999999999999901e+01
1.233772324562072754e+03	3.087999999999999901e+01
1.236235117912292480e+03	3.087999999999999901e+01
1.238697329282760620e+03	3.085000000000000142e+01
1.241159744739532471e+03	3.087999999999999901e+01
1.243622490644454956e+03	3.080999999999999872e+01
1.246084403038024902e+03	3.078000000000000114e+01
1.248547119617462158e+03	3.075000000000000000e+01
1.251009981870651245e+03	3.071000000000000085e+01
1.253472182273864746e+03	3.067999999999999972e+01
1.255935976982116699e+03	3.064000000000000057e+01
1.258397721767425537e+03	3.060999999999999943e+01
1.260860893964767456e+03	3.057999999999999829e+01
1.263323488235473633e+03	3.051000000000000156e+01
1.265785795211791992e+03	3.046999999999999886e+01
1.268248483180999756e+03	3.041000000000000014e+01
1.270711291790008545e+03	3.033999999999999986e+01
1.273173622369766235e+03	3.033999999999999986e+01
1.275635874271392822e+03	3.023999999999999844e+01
1.278098353862762451e+03	3.023999999999999844e+01
1.280561134099960327e+03	3.017000000000000171e+01
1.283023516893386841e+03	3.010000000000000142e+01
1.285486110687255859e+03	3.010000000000000142e+01
1.287949232101440430e+03	3.003000000000000114e+01
1.290412436723709106e+03	3.000000000000000000e+01
1.292874621391296387e+03	2.992999999999999972e+01
1.295337792396545410e+03	2.989999999999999858e+01
1.297800119638442993e+03	2.980000000000000071e+01
1.300262993812561035e+03	2.982999999999999829e+01
1.302725107192993164e+03	2.976000000000000156e+01
1.305187678337097168e+03	2.976000000000000156e+01
1.307650435209274292e+03	2.969999999999999929e+01
1.310113501787185669e+03	2.962999999999999901e+01
1.312576005220413208e+03	2.962999999999999901e+01
1.315038824319839478e+03	2.962999999999999901e+01
1.317500267505645752e+03	2.962999999999999901e+01
1.319962761163711548e+03	2.966000000000000014e+01
1.322425973892211914e+03	2.973000000000000043e+01
1.324888261318206787e+03	2.985999999999999943e+01
1.327351614236831665e+03	3.007000000000000028e+01
1.329813629388809204e+03	3.026999999999999957e+01
1.332276643991470337e+03	3.053999999999999915e+01
1.334738556623458862e+03	3.071000000000000085e+01
1.337202155828475952e+03	3.085000000000000142e+01
1.339664156198501587e+03	3.091000000000000014e+01
1.342126536607742310e+03	3.091000000000000014e+01
1.344589767932891846e+03	3.094999999999999929e+01
1.347051984786987305e+03	3.094999999999999929e+01
1.349514490604400635e+03	3.101999999999999957e+01
1.351977679967880249e+03	3.094999999999999929e+01
1.354439879417419434e+03	3.087999999999999901e+01
1.356902559995651245e+03	3.080999999999999872e+01
1.359364911079406738e+03	3.078000000000000114e+01
1.361828176498413086e+03	3.078000000000000114e+01
1.364290169715881348e+03	3.071000000000000085e+01
1.366753010272979736e+03	3.067999999999999972e+01
1.369216485977172852e+03	3.067999999999999972e+01
1.371678636550903320e+03	3.057999999999999829e+01
1.374141579389572144e+03	3.053999999999999915e+01
1.376603765487670898e+03	3.051000000000000156e+01
1.379066446304321289e+03	3.041000000000000014e+01
1.381528313636779785e+03	3.044000000000000128e+01
1.383992021560668945e+03	3.037000000000000099e+01
1.386453894615173340e+03	3.033999999999999986e+01
1.388916268587112427e+03	3.030999999999999872e+01
1.391379213809967041e+03	3.023999999999999844e+01
1.393842332601547241e+03	3.019999999999999929e+01
1.396304287672042847e+03	3.014000000000000057e+01
1.398767325878143311e+03	3.014000000000000057e+01
1.401230147838592529e+03	3.010000000000000142e+01
1.403692239522933960e+03	3.007000000000000028e+01
1.406155707836151123e+03	3.003000000000000114e+01
1.408618193626403809e+03	2.992999999999999972e+01
1.411081021070480347e+03	2.992999999999999972e+01
1.413542949438095093e+03	2.992999999999999972e+01
1.416005539894104004e+03	2.985999999999999943e+01
1.418468843460083008e+03	2.980000000000000071e+01
1.420931040763854980e+03	2.973000000000000043e+01
1.423393336296081543e+03	2.973000000000000043e+01
1.425855950117111206e+03	2.969999999999999929e+01
1.428318920612335205e+03	2.969999999999999929e+01
1.430781464815139771e+03	2.976000000000000156e+01
1.433243713378906250e+03	2.985999999999999943e+01
1.435706746339797974e+03	3.007000000000000028e+01
1.438169154167175293e+03	3.033999999999999986e+01
1.440632068872451782e+03	3.051000000000000156e+01
1.443094515085220337e+03	3.067999999999999972e+01
1.445558048725128174e+03	3.071000000000000085e+01
1.448019483327865601e+03	3.075000000000000000e+01
1.450482855796813965e+03	3.080999999999999872e+01
1.452944757461547852e+03	3.078000000000000114e+01
1.455407963275909424e+03	3.080999999999999872e+01
1.457870325088500977e+03	3.085000000000000142e+01
1.460333008050918579e+03	3.075000000000000000e+01
1.462794873714447021e+03	3.071000000000000085e+01
1.465257775545120239e+03	3.071000000000000085e+01
1.467720504760742188e+03	3.064000000000000057e+01
1.470183113574981689e+03	3.064000000000000057e+01
1.472645859718322754e+03	3.060999999999999943e+01
1.475109186649322510e+03	3.057999999999999829e+01
1.477571329832077026e+03	3.046999999999999886e+01
1.480034005165100098e+03	3.046999999999999886e+01
1.482495757818222046e+03	3.041000000000000014e+01
1.484959004402160645e+03	3.037000000000000099e+01
1.487421176195144653e+03	3.033999999999999986e+01
1.489884119033813477e+03	3.030999999999999872e+01
1.492347071170806885e+03	3.019999999999999929e+01
1.494809654712677002e+03	3.019999999999999929e+01
1.497271970272064209e+03	3.019999999999999929e+01
1.499734930515289307e+03	3.014000000000000057e+01
1.502197173357009888e+03	3.007000000000000028e+01
1.504660352468490601e+03	3.003000000000000114e+01
1.507122628450393677e+03	3.000000000000000000e+01
1.509584979057312012e+03	2.992999999999999972e+01
1.512048257827758789e+03	2.992999999999999972e+01
1.514510041952133179e+03	2.985999999999999943e+01
1.516973516941070557e+03	2.982999999999999829e+01
1.519435355186462402e+03	2.980000000000000071e+01
1.521899029493331909e+03	2.976000000000000156e+01
1.524360976696014404e+03	2.969999999999999929e+01
1.526823821306228638e+03	2.966000000000000014e+01
1.529286568403244019e+03	2.966000000000000014e+01
1.531749430418014526e+03	2.966000000000000014e+01
1.534212284564971924e+03	2.962999999999999901e+01
1.536673731327056885e+03	2.966000000000000014e+01
1.539136885881423950e+03	2.980000000000000071e+01
1.541599218845367432e+03	2.996999999999999886e+01
1.544062167644500732e+03	3.017000000000000171e+01
1.546524738311767578e+03	3.037000000000000099e+01
1.548987208604812622e+03	3.057999999999999829e+01
1.551449742555618286e+03	3.071000000000000085e+01
1.553912838935852051e+03	3.080999999999999872e+01
1.556375120878219604e+03	3.091000000000000014e+01
1.558837725639343262e+03	3.094999999999999929e+01
1.561300172567367554e+03	3.094999999999999929e+01
1.563763606548309326e+03	3.094999999999999929e+01
1.566225851058959961e+03	3.098000000000000043e+01
1.568687901735305786e+03	3.091000000000000014e+01
1.571151186466217041e+03	3.087999999999999901e+01
1.573613521575927734e+03	3.085000000000000142e+01
1.576075444221496582e+03	3.080999999999999872e+01
1.578538906574249268e+03	3.075000000000000000e+01
1.581001739263534546e+03	3.071000000000000085e+01
1.583463239669799805e+03	3.067999999999999972e+01
1.585926954269409180e+03	3.067999999999999972e+01
1.588388797283172607e+03	3.064000000000000057e+01
1.590851297378540039e+03	3.053999999999999915e+01
1.593314392566680908e+03	3.053999999999999915e+01
1.595776784658432007e+03	3.044000000000000128e+01
1.598239912509918213e+03	3.044000000000000128e+01
1.600701843738555908e+03	3.037000000000000099e+01
1.603165020465850830e+03	3.033999999999999986e+01
1.605627246379852295e+03	3.030999999999999872e+01
1.608089839220046997e+03	3.026999999999999957e+01
1.610552222013473511e+03	3.017000000000000171e+01
1.613014698028564453e+03	3.019999999999999929e+01
1.615477173089981079e+03	3.017000000000000171e+01
1.617939952135086060e+03	3.007000000000000028e+01
1.620402685403823853e+03	3.003000000000000114e+01
1.622865482807159424e+03	3.000000000000000000e+01
1.625328518867492676e+03	2.992999999999999972e+01
1.627791618347167969e+03	2.992999999999999972e+01
1.630253276109695435e+03	2.989999999999999858e+01
1.632716734170913696e+03	2.980000000000000071e+01
1.635178769350051880e+03	2.976000000000000156e+01
1.637641608476638794e+03	2.980000000000000071e+01
1.640103981256484985e+03	2.973000000000000043e+01
1.642567010641098022e+03	2.969999999999999929e+01
1.645029769659042358e+03	2.973000000000000043e+01
1.647491392135620117e+03	2.982999999999999829e+01
1.649955093860626221e+03	2.992999999999999972e+01
1.652417310476303101e+03	3.014000000000000057e+01
1.654879763603210449e+03	3.030999999999999872e+01
1.657342441320419312e+03	3.041000000000000014e+01
1.659805040121078491e+03	3.057999999999999829e+01
1.662268045663833618e+03	3.060999999999999943e+01
1.664730625391006470e+03	3.067999999999999972e+01
1.667192430257797241e+03	3.064000000000000057e+01
1.669655779838562012e+03	3.064000000000000057e+01
1.672118396282196045e+03	3.067999999999999972e+01
1.674580569267272949e+03	3.064000000000000057e+01
1.677043622493743896e+03	3.060999999999999943e+01
1.679506002664566040e+03	3.064000000000000057e+01
1.681968035697937012e+03	3.053999999999999915e+01
1.684431039571762085e+03	3.046999999999999886e+01
1.686893910408020020e+03	3.044000000000000128e+01
1.689356355190277100e+03	3.044000000000000128e+01
1.691818675041198730e+03	3.041000000000000014e+01
1.694282129764556885e+03	3.033999999999999986e+01
1.696744829893112183e+03	3.026999999999999957e+01
1.699206982612609863e+03	3.023999999999999844e+01
1.701669461727142334e+03	3.019999999999999929e+01
1.704131783485412598e+03	3.017000000000000171e+01
1.706593618392944336e+03	3.010000000000000142e+01
1.709056458950042725e+03	3.010000000000000142e+01
1.711519042730331421e+03	3.003000000000000114e+01
1.713981638669967651e+03	3.000000000000000000e+01
1.716444750308990479e+03	2.996999999999999886e+01
1.718908225536346436e+03	2.992999999999999972e+01
1.721370447874069214e+03	2.985999999999999943e+01
1.723832987070083618e+03	2.982999999999999829e+01
1.726296478509902954e+03	2.982999999999999829e+01
1.728758384227752686e+03	2.976000000000000156e+01
1.731221051216125488e+03	2.976000000000000156e+01
1.733683459758758545e+03	2.969999999999999929e+01
1.736146529912948608e+03	2.969999999999999929e+01
1.738609254360198975e+03	2.966000000000000014e+01
1.741071732997894287e+03	2.962999999999999901e+01
1.743533958673477173e+03	2.969999999999999929e+01
1.745997059583663940e+03	2.962999999999999901e+01
1.748459718942642212e+03	2.962999999999999901e+01
1.750922191143035889e+03	2.962999999999999901e+01
1.753384810924530029e+03	2.969999999999999929e+01
1.755846886634826660e+03	2.976000000000000156e+01
1.758310000181198120e+03	2.992999999999999972e+01
1.760772191524505615e+03	3.010000000000000142e+01
1.763235120773315430e+03	3.026999999999999957e+01
1.765697314739227295e+03	3.044000000000000128e+01
1.768160655260086060e+03	3.057999999999999829e+01
1.770622290611267090e+03	3.064000000000000057e+01
1.773085776329040527e+03	3.064000000000000057e+01
1.775547797679901123e+03	3.075000000000000000e+01
1.778010564088821411e+03	3.064000000000000057e+01
1.780472895860671997e+03	3.057999999999999829e+01
1.782936115503311157e+03	3.060999999999999943e+01
1.785398369073867798e+03	3.057999999999999829e+01
1.787860723733901978e+03	3.057999999999999829e+01
1.790323154449462891e+03	3.053999999999999915e+01
1.792786215543746948e+03	3.046999999999999886e+01
1.795249707698822021e+03	3.044000000000000128e+01
1.797711573362350464e+03	3.037000000000000099e+01
1.800173934936523438e+03	3.033999999999999986e+01
1.802636718273162842e+03	3.030999999999999872e+01
1.805099722385406494e+03	3.030999999999999872e+01
1.807561933040618896e+03	3.023999999999999844e+01
1.810024396419525146e+03	3.019999999999999929e+01
1.812486503601074219e+03	3.017000000000000171e+01
1.814949291944503784e+03	3.010000000000000142e+01
1.817412222862243652e+03	3.007000000000000028e+01
1.819875257015228271e+03	3.003000000000000114e+01
1.822337815761566162e+03	3.000000000000000000e+01
1.824800641536712646e+03	2.992999999999999972e+01
1.827263781785964966e+03	2.996999999999999886e+01
1.829726261854171753e+03	2.992999999999999972e+01
1.832188452482223511e+03	2.989999999999999858e+01
1.834650804519653320e+03	2.980000000000000071e+01
1.837114142656326294e+03	2.980000000000000071e+01
1.839576581478118896e+03	2.973000000000000043e+01
1.842038965940475464e+03	2.973000000000000043e+01
1.844501023769378662e+03	2.966000000000000014e+01
1.846964876413345337e+03	2.966000000000000014e+01
1.849426876783370972e+03	2.966000000000000014e+01
1.851889937877655029e+03	2.966000000000000014e+01
1.854352714538574219e+03	2.966000000000000014e+01
1.856814378976821899e+03	2.966000000000000014e+01
1.859277989149093628e+03	2.969999999999999929e+01
1.861739942073822021e+03	2.966000000000000014e+01
1.864202680349349976e+03	2.973000000000000043e+01
1.866665640354156494e+03	2.989999999999999858e+01
1.869127672433853149e+03	3.007000000000000028e+01
1.871590681076049805e+03	3.019999999999999929e+01
1.874052853345870972e+03	3.046999999999999886e+01
1.876515231847763062e+03	3.057999999999999829e+01
1.878978851079940796e+03	3.078000000000000114e+01
1.881440338373184204e+03	3.085000000000000142e+01
1.883903660535812378e+03	3.080999999999999872e+01
1.886365823507308960e+03	3.087999999999999901e+01
1.888829291820526123e+03	3.091000000000000014e+01
1.891292093038558960e+03	3.085000000000000142e+01
1.893754213571548462e+03	3.085000000000000142e+01
1.896216898679733276e+03	3.085000000000000142e+01
1.898679150581359863e+03	3.075000000000000000e+01
1.901141695261001587e+03	3.071000000000000085e+01
1.903604157447814941e+03	3.067999999999999972e+01
1.906067132949829102e+03	3.071000000000000085e+01
1.908530233144760132e+03	3.060999999999999943e+01
1.910992235898971558e+03	3.057999999999999829e+01
1.913454363346099854e+03	3.053999999999999915e+01
1.915917547464370728e+03	3.051000000000000156e+01
1.918380770206451416e+03	3.044000000000000128e+01
1.920842274188995361e+03	3.044000000000000128e+01
1.923305494070053101e+03	3.037000000000000099e+01
1.925768763780593872e+03	3.033999999999999986e+01
1.928231250047683716e+03	3.030999999999999872e+01
1.930693573713302612e+03	3.023999999999999844e+01
1.933156512260437012e+03	3.023999999999999844e+01
1.935618697643280029e+03	3.017000000000000171e+01
1.938080830812454224e+03	3.017000000000000171e+01
1.940544078111648560e+03	3.003000000000000114e+01
1.943006809473037720e+03	3.010000000000000142e+01
1.945468271255493164e+03	3.000000000000000000e+01
1.947931357383728027e+03	2.996999999999999886e+01
1.950394839763641357e+03	2.992999999999999972e+01
1.952857370615005493e+03	2.989999999999999858e+01
1.955319368600845337e+03	2.982999999999999829e+01
1.957782621622085571e+03	2.985999999999999943e+01
1.960245504856109619e+03	2.980000000000000071e+01
1.962707703351974487e+03	2.980000000000000071e+01
1.965170270442962646e+03	2.966000000000000014e+01
1.967632550716400146e+03	2.973000000000000043e+01
1.970095514297485352e+03	2.969999999999999929e+01
1.972557952404022217e+03	2.973000000000000043e+01
1.975020407676696777e+03	2.989999999999999858e+01
1.977483286619186401e+03	3.003000000000000114e+01
1.979946010112762451e+03	3.023999999999999844e+01
1.982408387422561646e+03	3.041000000000000014e+01
1.984870541334152222e+03	3.051000000000000156e+01
1.987334279060363770e+03	3.067999999999999972e+01
1.989796585559844971e+03	3.071000000000000085e+01
1.992259043931961060e+03	3.075000000000000000e+01
1.994721680641174316e+03	3.075000000000000000e+01
1.997183768510818481e+03	3.078000000000000114e+01
1.999647061347961426e+03	3.075000000000000000e+01
2.002109546184539795e+03	3.071000000000000085e+01
2.004572562932968140e+03	3.071000000000000085e+01
2.007035055875778198e+03	3.064000000000000057e+01
2.009497693538665771e+03	3.064000000000000057e+01
2.011959866523742676e+03	3.053999999999999915e+01
2.014421787500381470e+03	3.053999999999999915e+01
2.016884582042694092e+03	3.051000000000000156e+01
2.019347877979278564e+03	3.041000000000000014e+01
2.021809991598129272e+03	3.037000000000000099e+01
2.024273084163665771e+03	3.033999999999999986e+01
2.026735648632049561e+03	3.030999999999999872e+01
2.029198601007461548e+03	3.030999999999999872e+01
2.031660737037658691e+03	3.017000000000000171e+01
2.034124050855636597e+03	3.017000000000000171e+01
2.036586234807968140e+03	3.014000000000000057e+01
2.039048446178436279e+03	3.010000000000000142e+01
2.041511067390441895e+03	3.007000000000000028e+01
2.043974386453628540e+03	3.007000000000000028e+01
2.046436270952224731e+03	2.996999999999999886e+01
2.048898990392684937e+03	2.992999999999999972e+01
2.051361749887466431e+03	2.992999999999999972e+01
2.053824228525161743e+03	2.985999999999999943e+01
2.056287548065185547e+03	2.985999999999999943e+01
2.058749568462371826e+03	2.980000000000000071e+01
2.061212069749832153e+03	2.973000000000000043e+01
2.063674690246582031e+03	2.969999999999999929e+01
2.066138283014297485e+03	2.969999999999999929e+01
2.068600501775741577e+03	2.966000000000000014e+01
2.071063373804092407e+03	2.969999999999999929e+01
2.073525148630142212e+03	2.966000000000000014e+01
2.075988593816757202e+03	2.962999999999999901e+01
2.078451018095016479e+03	2.969999999999999929e+01
2.080913129091262817e+03	2.973000000000000043e+01
2.083375999927520752e+03	2.989999999999999858e+01
2.085838437318801880e+03	3.007000000000000028e+01
2.088301589965820312e+03	3.026999999999999957e+01
2.090764412879943848e+03	3.041000000000000014e+01
2.093226620435714722e+03	3.051000000000000156e+01
2.095689665794372559e+03	3.064000000000000057e+01
2.098151837110519409e+03	3.067999999999999972e+01
2.100614622116088867e+03	3.067999999999999972e+01
2.103076770782470703e+03	3.067999999999999972e+01
2.105539586305618286e+03	3.071000000000000085e+01
2.108002187728881836e+03	3.067999999999999972e+01
2.110464315891265869e+03	3.060999999999999943e+01
2.112927232980728149e+03	3.064000000000000057e+01
2.115390401363372803e+03	3.053999999999999915e+01
2.117852987051010132e+03	3.046999999999999886e+01
2.120315439462661743e+03	3.051000000000000156e+01
2.122778285741806030e+03	3.044000000000000128e+01
2.125241094350814819e+03	3.041000000000000014e+01
2.127703455448150635e+03	3.041000000000000014e+01
2.130165600299835205e+03	3.030999999999999872e+01
2.132628226041793823e+03	3.026999999999999957e+01
2.135090676307678223e+03	3.026999999999999957e+01
2.137554038524627686e+03	3.023999999999999844e+01
2.140016642570495605e+03	3.017000000000000171e+01
2.142478825569152832e+03	3.014000000000000057e+01
2.144941341161727905e+03	3.007000000000000028e+01
2.147404192924499512e+03	3.000000000000000000e+01
2.149866631507873535e+03	3.003000000000000114e+01
2.152329426288604736e+03	2.992999999999999972e+01
2.154792057991027832e+03	2.989999999999999858e+01
2.157255282402038574e+03	2.989999999999999858e+01
2.159717945098876953e+03	2.985999999999999943e+01
2.162180216550827026e+03	2.982999999999999829e+01
2.164643391609191895e+03	2.980000000000000071e+01
2.167105478286743164e+03	2.976000000000000156e+01
2.169567674875259399e+03	2.969999999999999929e+01
2.172030363798141479e+03	2.966000000000000014e+01
2.174492771387100220e+03	2.966000000000000014e+01
2.176955552339553833e+03	2.966000000000000014e+01
2.179417766571044922e+03	2.966000000000000014e+01
2.181881457805633545e+03	2.966000000000000014e+01
2.184343320369720459e+03	2.969999999999999929e+01
2.186806412220001221e+03	2.962999999999999901e+01
2.189268561840057373e+03	2.973000000000000043e+01
2.191731723070144653e+03	2.982999999999999829e+01
2.194194442272186279e+03	3.000000000000000000e+01
2.196656642675399780e+03	3.017000000000000171e+01
2.199119191408157349e+03	3.033999999999999986e+01
2.201582360506057739e+03	3.051000000000000156e+01
2.204044797420501709e+03	3.060999999999999943e+01
2.206506825447082520e+03	3.067999999999999972e+01
2.208970233201980591e+03	3.075000000000000000e+01
2.211431832313537598e+03	3.071000000000000085e+01
2.213895302295684814e+03	3.075000000000000000e+01
