# 20220801
# time			temp			
0.000000000000000000e+00	2.516000000000000014e+01
2.462445735931396484e+00	2.516000000000000014e+01
4.925042629241943359e+00	2.519000000000000128e+01
7.387883186340332031e+00	2.528999999999999915e+01
9.851138830184936523e+00	2.553000000000000114e+01
1.231337261199951172e+01	2.569999999999999929e+01
1.477574348449707031e+01	2.603999999999999915e+01
1.723889493942260742e+01	2.637999999999999901e+01
1.970107769966125488e+01	2.671999999999999886e+01
2.216367459297180176e+01	2.705000000000000071e+01
2.462655997276306152e+01	2.746000000000000085e+01
2.708855986595153809e+01	2.789999999999999858e+01
2.955221796035766602e+01	2.830999999999999872e+01
3.201397109031677246e+01	2.853999999999999915e+01
3.447631049156188965e+01	2.892000000000000171e+01
3.693834686279296875e+01	2.921999999999999886e+01
3.940215826034545898e+01	2.942000000000000171e+01
4.186362242698669434e+01	2.955999999999999872e+01
4.432654166221618652e+01	2.966000000000000014e+01
4.678913354873657227e+01	2.976000000000000156e+01
4.925171661376953125e+01	2.982999999999999829e+01
5.171460771560668945e+01	2.982999999999999829e+01
5.417725944519042969e+01	2.992999999999999972e+01
5.664024686813354492e+01	2.985999999999999943e+01
5.910231471061706543e+01	2.992999999999999972e+01
6.156625962257385254e+01	2.989999999999999858e+01
6.402756714820861816e+01	2.985999999999999943e+01
6.649060297012329102e+01	2.985999999999999943e+01
6.895295763015747070e+01	2.980000000000000071e+01
7.141580080986022949e+01	2.980000000000000071e+01
7.387800931930541992e+01	2.982999999999999829e+01
7.634056878089904785e+01	2.982999999999999829e+01
7.880350208282470703e+01	3.000000000000000000e+01
8.126705646514892578e+01	3.007000000000000028e+01
8.372879600524902344e+01	3.023999999999999844e+01
8.619149613380432129e+01	3.026999999999999957e+01
8.865409684181213379e+01	3.030999999999999872e+01
9.111673593521118164e+01	3.033999999999999986e+01
9.357958006858825684e+01	3.037000000000000099e+01
9.604241824150085449e+01	3.033999999999999986e+01
9.850484728813171387e+01	3.030999999999999872e+01
1.009674274921417236e+02	3.033999999999999986e+01
1.034298365116119385e+02	3.026999999999999957e+01
1.058921844959259033e+02	3.026999999999999957e+01
1.083549833297729492e+02	3.017000000000000171e+01
1.108178751468658447e+02	3.017000000000000171e+01
1.132802751064300537e+02	3.007000000000000028e+01
1.157425706386566162e+02	3.007000000000000028e+01
1.182051322460174561e+02	3.000000000000000000e+01
1.206680040359497070e+02	2.992999999999999972e+01
1.231310107707977295e+02	2.996999999999999886e+01
1.255936663150787354e+02	2.985999999999999943e+01
1.280558440685272217e+02	2.980000000000000071e+01
1.305191724300384521e+02	2.976000000000000156e+01
1.329813330173492432e+02	2.976000000000000156e+01
1.354442863464355469e+02	2.980000000000000071e+01
1.379065868854522705e+02	2.980000000000000071e+01
1.403697741031646729e+02	2.989999999999999858e+01
1.428320989608764648e+02	2.992999999999999972e+01
1.452950978279113770e+02	3.007000000000000028e+01
1.477575662136077881e+02	3.014000000000000057e+01
1.502193918228149414e+02	3.003000000000000114e+01
1.526829159259796143e+02	3.007000000000000028e+01
1.551449804306030273e+02	3.014000000000000057e+01
1.576081750392913818e+02	3.007000000000000028e+01
1.600700612068176270e+02	3.003000000000000114e+01
1.625334305763244629e+02	3.000000000000000000e+01
1.649958486557006836e+02	2.992999999999999972e+01
1.674581627845764160e+02	2.992999999999999972e+01
1.699203522205352783e+02	2.989999999999999858e+01
1.723837378025054932e+02	2.989999999999999858e+01
1.748465647697448730e+02	2.980000000000000071e+01
1.773093624114990234e+02	2.973000000000000043e+01
1.797723205089569092e+02	2.973000000000000043e+01
1.822339937686920166e+02	2.976000000000000156e+01
1.846973383426666260e+02	2.980000000000000071e+01
1.871597859859466553e+02	2.989999999999999858e+01
1.896227817535400391e+02	3.014000000000000057e+01
1.920846443176269531e+02	3.030999999999999872e+01
1.945473320484161377e+02	3.046999999999999886e+01
1.970102419853210449e+02	3.064000000000000057e+01
1.994725246429443359e+02	3.071000000000000085e+01
2.019345042705535889e+02	3.080999999999999872e+01
2.043982336521148682e+02	3.078000000000000114e+01
2.068606538772583008e+02	3.080999999999999872e+01
2.093234705924987793e+02	3.078000000000000114e+01
2.117860205173492432e+02	3.078000000000000114e+01
2.142485992908477783e+02	3.075000000000000000e+01
2.167114927768707275e+02	3.071000000000000085e+01
2.191740496158599854e+02	3.064000000000000057e+01
2.216366815567016602e+02	3.064000000000000057e+01
2.240984849929809570e+02	3.057999999999999829e+01
2.265620079040527344e+02	3.053999999999999915e+01
2.290240011215209961e+02	3.046999999999999886e+01
2.314866337776184082e+02	3.044000000000000128e+01
2.339495880603790283e+02	3.044000000000000128e+01
2.364115111827850342e+02	3.037000000000000099e+01
2.388744895458221436e+02	3.019999999999999929e+01
2.413373119831085205e+02	3.023999999999999844e+01
2.438001027107238770e+02	3.017000000000000171e+01
2.462623536586761475e+02	3.017000000000000171e+01
2.487254650592803955e+02	3.014000000000000057e+01
2.511881260871887207e+02	3.010000000000000142e+01
2.536504292488098145e+02	3.003000000000000114e+01
2.561123573780059814e+02	3.000000000000000000e+01
2.585762119293212891e+02	2.992999999999999972e+01
2.610387289524078369e+02	2.989999999999999858e+01
2.635005342960357666e+02	2.989999999999999858e+01
2.659633650779724121e+02	2.985999999999999943e+01
2.684266316890716553e+02	2.976000000000000156e+01
2.708886153697967529e+02	2.976000000000000156e+01
2.733509640693664551e+02	2.973000000000000043e+01
2.758141560554504395e+02	2.966000000000000014e+01
2.782766396999359131e+02	2.962999999999999901e+01
2.807390596866607666e+02	2.958999999999999986e+01
2.832011532783508301e+02	2.966000000000000014e+01
2.856648225784301758e+02	2.962999999999999901e+01
2.881272203922271729e+02	2.962999999999999901e+01
2.905896422863006592e+02	2.966000000000000014e+01
2.930521686077117920e+02	2.976000000000000156e+01
2.955152456760406494e+02	2.992999999999999972e+01
2.979773886203765869e+02	3.017000000000000171e+01
3.004403088092803955e+02	3.030999999999999872e+01
3.029022779464721680e+02	3.051000000000000156e+01
3.053651633262634277e+02	3.057999999999999829e+01
3.078278074264526367e+02	3.067999999999999972e+01
3.102901360988616943e+02	3.078000000000000114e+01
3.127531983852386475e+02	3.078000000000000114e+01
3.152158472537994385e+02	3.078000000000000114e+01
3.176786355972290039e+02	3.078000000000000114e+01
3.201405763626098633e+02	3.075000000000000000e+01
3.226039083003997803e+02	3.071000000000000085e+01
3.250663383007049561e+02	3.067999999999999972e+01
3.275288553237915039e+02	3.057999999999999829e+01
3.299912633895874023e+02	3.060999999999999943e+01
3.324539818763732910e+02	3.053999999999999915e+01
3.349160189628601074e+02	3.051000000000000156e+01
3.373793165683746338e+02	3.044000000000000128e+01
3.398419754505157471e+02	3.046999999999999886e+01
3.423050911426544189e+02	3.037000000000000099e+01
3.447677750587463379e+02	3.030999999999999872e+01
3.472303519248962402e+02	3.030999999999999872e+01
3.496925363540649414e+02	3.030999999999999872e+01
3.521554768085479736e+02	3.019999999999999929e+01
3.546183464527130127e+02	3.017000000000000171e+01
3.570803899765014648e+02	3.014000000000000057e+01
3.595436329841613770e+02	3.010000000000000142e+01
3.620058655738830566e+02	3.003000000000000114e+01
3.644688737392425537e+02	2.996999999999999886e+01
3.669310023784637451e+02	2.996999999999999886e+01
3.693934576511383057e+02	2.992999999999999972e+01
3.718560490608215332e+02	2.982999999999999829e+01
3.743188896179199219e+02	2.982999999999999829e+01
3.767819137573242188e+02	2.976000000000000156e+01
3.792444396018981934e+02	2.973000000000000043e+01
3.817064774036407471e+02	2.973000000000000043e+01
3.841697857379913330e+02	2.969999999999999929e+01
3.866323740482330322e+02	2.966000000000000014e+01
3.890947735309600830e+02	2.962999999999999901e+01
3.915573346614837646e+02	2.966000000000000014e+01
3.940203649997711182e+02	2.966000000000000014e+01
3.964825968742370605e+02	2.962999999999999901e+01
3.989450812339782715e+02	2.969999999999999929e+01
4.014078783988952637e+02	2.982999999999999829e+01
4.038706154823303223e+02	2.996999999999999886e+01
4.063328888416290283e+02	3.017000000000000171e+01
4.087955431938171387e+02	3.037000000000000099e+01
4.112581503391265869e+02	3.053999999999999915e+01
4.137209565639495850e+02	3.067999999999999972e+01
4.161836032867431641e+02	3.080999999999999872e+01
4.186458666324615479e+02	3.080999999999999872e+01
4.211081275939941406e+02	3.085000000000000142e+01
4.235714454650878906e+02	3.080999999999999872e+01
4.260336720943450928e+02	3.078000000000000114e+01
4.284967131614685059e+02	3.080999999999999872e+01
4.309588644504547119e+02	3.080999999999999872e+01
4.334220988750457764e+02	3.071000000000000085e+01
4.358834531307220459e+02	3.071000000000000085e+01
4.383468391895294189e+02	3.064000000000000057e+01
4.408093552589416504e+02	3.064000000000000057e+01
4.432719011306762695e+02	3.057999999999999829e+01
4.457350616455078125e+02	3.053999999999999915e+01
4.481971352100372314e+02	3.046999999999999886e+01
4.506599500179290771e+02	3.041000000000000014e+01
4.531227824687957764e+02	3.037000000000000099e+01
4.555849606990814209e+02	3.033999999999999986e+01
4.580474829673767090e+02	3.030999999999999872e+01
4.605103006362915039e+02	3.026999999999999957e+01
4.629733512401580811e+02	3.026999999999999957e+01
4.654357974529266357e+02	3.017000000000000171e+01
4.678973810672760010e+02	3.014000000000000057e+01
4.703610534667968750e+02	3.010000000000000142e+01
4.728231801986694336e+02	3.007000000000000028e+01
4.752862596511840820e+02	3.003000000000000114e+01
4.777493615150451660e+02	2.996999999999999886e+01
4.802115268707275391e+02	3.000000000000000000e+01
4.826748631000518799e+02	2.989999999999999858e+01
4.851366319656372070e+02	2.985999999999999943e+01
4.875995934009552002e+02	2.982999999999999829e+01
4.900628621578216553e+02	2.976000000000000156e+01
4.925245530605316162e+02	2.973000000000000043e+01
4.949875524044036865e+02	2.973000000000000043e+01
4.974497451782226562e+02	2.966000000000000014e+01
4.999124207496643066e+02	2.966000000000000014e+01
5.023755714893341064e+02	2.966000000000000014e+01
5.048381829261779785e+02	2.962999999999999901e+01
5.073007273674011230e+02	2.962999999999999901e+01
5.097631554603576660e+02	2.976000000000000156e+01
5.122255270481109619e+02	2.985999999999999943e+01
5.146883213520050049e+02	3.003000000000000114e+01
5.171511182785034180e+02	3.026999999999999957e+01
5.196132745742797852e+02	3.044000000000000128e+01
5.220763394832611084e+02	3.057999999999999829e+01
5.245383498668670654e+02	3.067999999999999972e+01
5.270010137557983398e+02	3.075000000000000000e+01
5.294639840126037598e+02	3.080999999999999872e+01
5.319260764122009277e+02	3.078000000000000114e+01
5.343896372318267822e+02	3.078000000000000114e+01
5.368516125679016113e+02	3.078000000000000114e+01
5.393148665428161621e+02	3.078000000000000114e+01
5.417773773670196533e+02	3.075000000000000000e+01
5.442390677928924561e+02	3.075000000000000000e+01
5.467023205757141113e+02	3.067999999999999972e+01
5.491651706695556641e+02	3.060999999999999943e+01
5.516273572444915771e+02	3.057999999999999829e+01
5.540903618335723877e+02	3.051000000000000156e+01
5.565521562099456787e+02	3.046999999999999886e+01
5.590154404640197754e+02	3.044000000000000128e+01
5.614782357215881348e+02	3.044000000000000128e+01
5.639407117366790771e+02	3.041000000000000014e+01
5.664030694961547852e+02	3.037000000000000099e+01
5.688652703762054443e+02	3.026999999999999957e+01
5.713287231922149658e+02	3.023999999999999844e+01
5.737900733947753906e+02	3.023999999999999844e+01
5.762531402111053467e+02	3.017000000000000171e+01
5.787161440849304199e+02	3.010000000000000142e+01
5.811784410476684570e+02	3.007000000000000028e+01
5.836415739059448242e+02	3.003000000000000114e+01
5.861041395664215088e+02	3.000000000000000000e+01
5.885669758319854736e+02	2.996999999999999886e+01
5.910286073684692383e+02	2.996999999999999886e+01
5.934922964572906494e+02	2.982999999999999829e+01
5.959542143344879150e+02	2.982999999999999829e+01
5.984172668457031250e+02	2.980000000000000071e+01
6.008796451091766357e+02	2.973000000000000043e+01
6.033425269126892090e+02	2.973000000000000043e+01
6.058054587841033936e+02	2.969999999999999929e+01
6.082673945426940918e+02	2.973000000000000043e+01
6.107305948734283447e+02	2.966000000000000014e+01
6.131920740604400635e+02	2.966000000000000014e+01
6.156553392410278320e+02	2.969999999999999929e+01
6.181176373958587646e+02	2.973000000000000043e+01
6.205803971290588379e+02	2.985999999999999943e+01
6.230429782867431641e+02	3.003000000000000114e+01
6.255056176185607910e+02	3.023999999999999844e+01
6.279686887264251709e+02	3.046999999999999886e+01
6.304310572147369385e+02	3.057999999999999829e+01
6.328937602043151855e+02	3.075000000000000000e+01
6.353564345836639404e+02	3.080999999999999872e+01
6.378194823265075684e+02	3.080999999999999872e+01
6.402814519405364990e+02	3.080999999999999872e+01
6.427449741363525391e+02	3.080999999999999872e+01
6.452071256637573242e+02	3.080999999999999872e+01
6.476697466373443604e+02	3.080999999999999872e+01
6.501320006847381592e+02	3.075000000000000000e+01
6.525950462818145752e+02	3.067999999999999972e+01
6.550573458671569824e+02	3.064000000000000057e+01
6.575200238227844238e+02	3.067999999999999972e+01
6.599816677570343018e+02	3.057999999999999829e+01
6.624453859329223633e+02	3.057999999999999829e+01
6.649075393676757812e+02	3.051000000000000156e+01
6.673705449104309082e+02	3.046999999999999886e+01
6.698325347900390625e+02	3.041000000000000014e+01
6.722955138683319092e+02	3.041000000000000014e+01
6.747585682868957520e+02	3.030999999999999872e+01
6.772211694717407227e+02	3.030999999999999872e+01
6.796832964420318604e+02	3.023999999999999844e+01
6.821456356048583984e+02	3.023999999999999844e+01
6.846083474159240723e+02	3.017000000000000171e+01
6.870717377662658691e+02	3.014000000000000057e+01
6.895336856842041016e+02	3.014000000000000057e+01
6.919962232112884521e+02	3.000000000000000000e+01
6.944591856002807617e+02	3.003000000000000114e+01
6.969215071201324463e+02	2.992999999999999972e+01
6.993848595619201660e+02	2.992999999999999972e+01
7.018470489978790283e+02	2.985999999999999943e+01
7.043101398944854736e+02	2.982999999999999829e+01
7.067725474834442139e+02	2.980000000000000071e+01
7.092355310916900635e+02	2.973000000000000043e+01
7.116975569725036621e+02	2.966000000000000014e+01
7.141601879596710205e+02	2.969999999999999929e+01
7.166233594417572021e+02	2.962999999999999901e+01
7.190860006809234619e+02	2.969999999999999929e+01
7.215482652187347412e+02	2.962999999999999901e+01
7.240105402469635010e+02	2.966000000000000014e+01
7.264732749462127686e+02	2.973000000000000043e+01
7.289362998008728027e+02	2.982999999999999829e+01
7.313986196517944336e+02	3.007000000000000028e+01
7.338609368801116943e+02	3.033999999999999986e+01
7.363235552310943604e+02	3.053999999999999915e+01
7.387869040966033936e+02	3.067999999999999972e+01
7.412497048377990723e+02	3.080999999999999872e+01
7.437116410732269287e+02	3.085000000000000142e+01
7.461746909618377686e+02	3.087999999999999901e+01
7.486373853683471680e+02	3.091000000000000014e+01
7.510990748405456543e+02	3.098000000000000043e+01
7.535618162155151367e+02	3.087999999999999901e+01
7.560245056152343750e+02	3.094999999999999929e+01
7.584881052970886230e+02	3.087999999999999901e+01
7.609499554634094238e+02	3.085000000000000142e+01
7.634121351242065430e+02	3.085000000000000142e+01
7.658753938674926758e+02	3.078000000000000114e+01
7.683384852409362793e+02	3.078000000000000114e+01
7.708012239933013916e+02	3.071000000000000085e+01
7.732635571956634521e+02	3.064000000000000057e+01
7.757262794971466064e+02	3.060999999999999943e+01
7.781882903575897217e+02	3.053999999999999915e+01
7.806504089832305908e+02	3.046999999999999886e+01
7.831139450073242188e+02	3.046999999999999886e+01
7.855763857364654541e+02	3.041000000000000014e+01
7.880390353202819824e+02	3.041000000000000014e+01
7.905017995834350586e+02	3.030999999999999872e+01
7.929638237953186035e+02	3.033999999999999986e+01
7.954267468452453613e+02	3.026999999999999957e+01
7.978895690441131592e+02	3.023999999999999844e+01
8.003522014617919922e+02	3.019999999999999929e+01
8.028145132064819336e+02	3.014000000000000057e+01
8.052769901752471924e+02	3.010000000000000142e+01
8.077399170398712158e+02	3.007000000000000028e+01
8.102023966312408447e+02	3.000000000000000000e+01
8.126657793521881104e+02	3.000000000000000000e+01
8.151278092861175537e+02	2.996999999999999886e+01
8.175902554988861084e+02	2.989999999999999858e+01
8.200533924102783203e+02	2.982999999999999829e+01
8.225150854587554932e+02	2.982999999999999829e+01
8.249780933856964111e+02	2.980000000000000071e+01
8.274404673576354980e+02	2.976000000000000156e+01
8.299038028717041016e+02	2.973000000000000043e+01
8.323665459156036377e+02	2.973000000000000043e+01
8.348292527198791504e+02	2.980000000000000071e+01
8.372919099330902100e+02	2.989999999999999858e+01
8.397539288997650146e+02	3.010000000000000142e+01
8.422170441150665283e+02	3.030999999999999872e+01
8.446795866489410400e+02	3.041000000000000014e+01
8.471427555084228516e+02	3.053999999999999915e+01
8.496048903465270996e+02	3.060999999999999943e+01
8.520671296119689941e+02	3.060999999999999943e+01
8.545296919345855713e+02	3.067999999999999972e+01
8.569924688339233398e+02	3.060999999999999943e+01
8.594547257423400879e+02	3.064000000000000057e+01
8.619171140193939209e+02	3.064000000000000057e+01
8.643798565864562988e+02	3.057999999999999829e+01
8.668430650234222412e+02	3.053999999999999915e+01
8.693053193092346191e+02	3.051000000000000156e+01
8.717685596942901611e+02	3.046999999999999886e+01
8.742307684421539307e+02	3.046999999999999886e+01
8.766933748722076416e+02	3.037000000000000099e+01
8.791559128761291504e+02	3.041000000000000014e+01
8.816187696456909180e+02	3.030999999999999872e+01
8.840808160305023193e+02	3.026999999999999957e+01
8.865435132980346680e+02	3.023999999999999844e+01
8.890066273212432861e+02	3.019999999999999929e+01
8.914686470031738281e+02	3.014000000000000057e+01
8.939308784008026123e+02	3.010000000000000142e+01
8.963943917751312256e+02	3.007000000000000028e+01
8.988569843769073486e+02	3.000000000000000000e+01
9.013193535804748535e+02	3.000000000000000000e+01
9.037822601795196533e+02	2.992999999999999972e+01
9.062451646327972412e+02	2.989999999999999858e+01
9.087077281475067139e+02	2.992999999999999972e+01
9.111705551147460938e+02	2.989999999999999858e+01
9.136328334808349609e+02	2.976000000000000156e+01
9.160950102806091309e+02	2.976000000000000156e+01
9.185585992336273193e+02	2.973000000000000043e+01
9.210210616588592529e+02	2.966000000000000014e+01
9.234828772544860840e+02	2.966000000000000014e+01
9.259454753398895264e+02	2.962999999999999901e+01
9.284085855484008789e+02	2.962999999999999901e+01
9.308704528808593750e+02	2.966000000000000014e+01
9.333331713676452637e+02	2.966000000000000014e+01
9.357966587543487549e+02	2.966000000000000014e+01
9.382585380077362061e+02	2.962999999999999901e+01
9.407217767238616943e+02	2.966000000000000014e+01
9.431839427947998047e+02	2.969999999999999929e+01
9.456463625431060791e+02	2.982999999999999829e+01
9.481093230247497559e+02	2.996999999999999886e+01
9.505715076923370361e+02	3.019999999999999929e+01
9.530342812538146973e+02	3.044000000000000128e+01
9.554973535537719727e+02	3.057999999999999829e+01
9.579591655731201172e+02	3.071000000000000085e+01
9.604223821163177490e+02	3.078000000000000114e+01
9.628844239711761475e+02	3.080999999999999872e+01
9.653476078510284424e+02	3.085000000000000142e+01
9.678098287582397461e+02	3.085000000000000142e+01
9.702727122306823730e+02	3.085000000000000142e+01
9.727348885536193848e+02	3.085000000000000142e+01
9.751975450515747070e+02	3.080999999999999872e+01
9.776608080863952637e+02	3.078000000000000114e+01
9.801233525276184082e+02	3.071000000000000085e+01
9.825858674049377441e+02	3.067999999999999972e+01
9.850477502346038818e+02	3.064000000000000057e+01
9.875102424621582031e+02	3.060999999999999943e+01
9.899731256961822510e+02	3.053999999999999915e+01
9.924359562397003174e+02	3.053999999999999915e+01
9.948982384204864502e+02	3.051000000000000156e+01
9.973609392642974854e+02	3.041000000000000014e+01
9.998235456943511963e+02	3.041000000000000014e+01
1.002286704301834106e+03	3.033999999999999986e+01
1.004748687267303467e+03	3.026999999999999957e+01
1.007211031198501587e+03	3.026999999999999957e+01
1.009674204349517822e+03	3.023999999999999844e+01
1.012136612892150879e+03	3.019999999999999929e+01
1.014599945306777954e+03	3.017000000000000171e+01
1.017061587095260620e+03	3.010000000000000142e+01
1.019524080991744995e+03	3.010000000000000142e+01
1.021987810611724854e+03	3.003000000000000114e+01
1.024449690818786621e+03	2.996999999999999886e+01
1.026912582397460938e+03	2.996999999999999886e+01
1.029375629663467407e+03	2.992999999999999972e+01
1.031838169336318970e+03	2.985999999999999943e+01
1.034300575494766235e+03	2.980000000000000071e+01
1.036763679027557373e+03	2.976000000000000156e+01
1.039226404905319214e+03	2.976000000000000156e+01
1.041689107894897461e+03	2.973000000000000043e+01
1.044151095867156982e+03	2.969999999999999929e+01
1.046614182233810425e+03	2.969999999999999929e+01
1.049076373815536499e+03	2.973000000000000043e+01
1.051539263963699341e+03	2.982999999999999829e+01
1.054001971960067749e+03	3.000000000000000000e+01
1.056464165925979614e+03	3.017000000000000171e+01
1.058926771640777588e+03	3.037000000000000099e+01
1.061389671325683594e+03	3.053999999999999915e+01
1.063852565526962280e+03	3.071000000000000085e+01
1.066314808607101440e+03	3.075000000000000000e+01
1.068777592420578003e+03	3.085000000000000142e+01
1.071239760637283325e+03	3.080999999999999872e+01
1.073702952384948730e+03	3.085000000000000142e+01
1.076165063619613647e+03	3.080999999999999872e+01
1.078627865314483643e+03	3.080999999999999872e+01
1.081090487480163574e+03	3.080999999999999872e+01
1.083552320480346680e+03	3.078000000000000114e+01
1.086015219688415527e+03	3.067999999999999972e+01
1.088478365659713745e+03	3.067999999999999972e+01
1.090939766168594360e+03	3.064000000000000057e+01
1.093403002500534058e+03	3.060999999999999943e+01
1.095865618228912354e+03	3.057999999999999829e+01
1.098328973531723022e+03	3.051000000000000156e+01
1.100790845870971680e+03	3.046999999999999886e+01
1.103253223896026611e+03	3.044000000000000128e+01
1.105716727256774902e+03	3.041000000000000014e+01
1.108178808927536011e+03	3.037000000000000099e+01
1.110641945838928223e+03	3.030999999999999872e+01
1.113104232549667358e+03	3.026999999999999957e+01
1.115567149162292480e+03	3.023999999999999844e+01
1.118028965473175049e+03	3.017000000000000171e+01
1.120491654396057129e+03	3.014000000000000057e+01
1.122954900026321411e+03	3.010000000000000142e+01
1.125417848348617554e+03	3.007000000000000028e+01
1.127879989147186279e+03	3.000000000000000000e+01
1.130343171358108521e+03	2.996999999999999886e+01
1.132805821180343628e+03	2.996999999999999886e+01
1.135268327713012695e+03	2.982999999999999829e+01
1.137730716228485107e+03	2.985999999999999943e+01
1.140193161249160767e+03	2.976000000000000156e+01
1.142655996561050415e+03	2.976000000000000156e+01
1.145118119239807129e+03	2.976000000000000156e+01
1.147580821752548218e+03	2.976000000000000156e+01
1.150043945550918579e+03	2.962999999999999901e+01
1.152506801366806030e+03	2.966000000000000014e+01
1.154968998193740845e+03	2.969999999999999929e+01
1.157431632041931152e+03	2.973000000000000043e+01
1.159893578290939331e+03	2.985999999999999943e+01
1.162357046842575073e+03	2.996999999999999886e+01
1.164819239854812622e+03	3.017000000000000171e+01
1.167281586647033691e+03	3.033999999999999986e+01
1.169744771480560303e+03	3.046999999999999886e+01
1.172206904411315918e+03	3.053999999999999915e+01
1.174669547557830811e+03	3.067999999999999972e+01
1.177132952451705933e+03	3.064000000000000057e+01
1.179595273017883301e+03	3.067999999999999972e+01
1.182058155775070190e+03	3.067999999999999972e+01
1.184520781278610229e+03	3.067999999999999972e+01
1.186982992649078369e+03	3.067999999999999972e+01
1.189445664644241333e+03	3.060999999999999943e+01
1.191908045530319214e+03	3.060999999999999943e+01
1.194370312452316284e+03	3.053999999999999915e+01
1.196833373785018921e+03	3.051000000000000156e+01
1.199296005487442017e+03	3.051000000000000156e+01
1.201758704900741577e+03	3.041000000000000014e+01
1.204220949411392212e+03	3.041000000000000014e+01
1.206684148550033569e+03	3.037000000000000099e+01
1.209146694421768188e+03	3.030999999999999872e+01
1.211608904600143433e+03	3.030999999999999872e+01
1.214071966648101807e+03	3.019999999999999929e+01
1.216533812761306763e+03	3.017000000000000171e+01
1.218996644258499146e+03	3.019999999999999929e+01
1.221459754705429077e+03	3.014000000000000057e+01
1.223922167539596558e+03	3.007000000000000028e+01
1.226384539365768433e+03	3.003000000000000114e+01
1.228847074270248413e+03	3.003000000000000114e+01
1.231310148715972900e+03	3.000000000000000000e+01
1.233773472785949707e+03	2.992999999999999972e+01
1.236235845804214478e+03	2.982999999999999829e+01
1.238697966575622559e+03	2.985999999999999943e+01
1.241160760879516602e+03	2.982999999999999829e+01
1.243623097658157349e+03	2.976000000000000156e+01
1.246086500644683838e+03	2.973000000000000043e+01
1.248548203468322754e+03	2.973000000000000043e+01
1.251011323213577271e+03	2.966000000000000014e+01
1.253474178552627563e+03	2.966000000000000014e+01
1.255936471700668335e+03	2.973000000000000043e+01
1.258399551391601562e+03	2.966000000000000014e+01
1.260861423492431641e+03	2.966000000000000014e+01
1.263323527812957764e+03	2.966000000000000014e+01
1.265786748886108398e+03	2.966000000000000014e+01
1.268249250411987305e+03	2.969999999999999929e+01
1.270712732076644897e+03	2.985999999999999943e+01
1.273175147533416748e+03	3.014000000000000057e+01
1.275638021469116211e+03	3.026999999999999957e+01
1.278099559783935547e+03	3.046999999999999886e+01
1.280562467575073242e+03	3.064000000000000057e+01
1.283025500059127808e+03	3.075000000000000000e+01
1.285487788677215576e+03	3.078000000000000114e+01
1.287950629711151123e+03	3.087999999999999901e+01
1.290412843704223633e+03	3.087999999999999901e+01
1.292874867677688599e+03	3.080999999999999872e+01
1.295338343620300293e+03	3.087999999999999901e+01
1.297800762414932251e+03	3.085000000000000142e+01
1.300263117551803589e+03	3.078000000000000114e+01
1.302726070404052734e+03	3.078000000000000114e+01
1.305188593864440918e+03	3.075000000000000000e+01
1.307651264429092407e+03	3.067999999999999972e+01
1.310113626956939697e+03	3.064000000000000057e+01
1.312576945543289185e+03	3.060999999999999943e+01
1.315039459228515625e+03	3.057999999999999829e+01
1.317501543998718262e+03	3.051000000000000156e+01
1.319963881731033325e+03	3.046999999999999886e+01
1.322427382707595825e+03	3.046999999999999886e+01
1.324889406919479370e+03	3.044000000000000128e+01
1.327352005958557129e+03	3.037000000000000099e+01
1.329814924240112305e+03	3.033999999999999986e+01
1.332277524232864380e+03	3.030999999999999872e+01
1.334739615917205811e+03	3.026999999999999957e+01
1.337202469110488892e+03	3.026999999999999957e+01
1.339664813280105591e+03	3.017000000000000171e+01
1.342127686500549316e+03	3.014000000000000057e+01
1.344590615034103394e+03	3.007000000000000028e+01
1.347052535772323608e+03	3.007000000000000028e+01
1.349515949249267578e+03	2.996999999999999886e+01
1.351978690624237061e+03	2.992999999999999972e+01
1.354440962076187134e+03	2.992999999999999972e+01
1.356903205871582031e+03	2.985999999999999943e+01
1.359366529464721680e+03	2.982999999999999829e+01
1.361828763484954834e+03	2.982999999999999829e+01
1.364291385173797607e+03	2.980000000000000071e+01
1.366754657030105591e+03	2.976000000000000156e+01
1.369217064380645752e+03	2.969999999999999929e+01
1.371679721832275391e+03	2.966000000000000014e+01
1.374142269372940063e+03	2.969999999999999929e+01
1.376604606628417969e+03	2.962999999999999901e+01
1.379067536115646362e+03	2.976000000000000156e+01
1.381530181407928467e+03	3.000000000000000000e+01
1.383992619276046753e+03	3.017000000000000171e+01
1.386454898595809937e+03	3.037000000000000099e+01
1.388917064189910889e+03	3.053999999999999915e+01
1.391379891395568848e+03	3.064000000000000057e+01
1.393843372344970703e+03	3.071000000000000085e+01
1.396306021690368652e+03	3.078000000000000114e+01
1.398768137931823730e+03	3.085000000000000142e+01
1.401230803728103638e+03	3.078000000000000114e+01
1.403693300008773804e+03	3.080999999999999872e+01
1.406156397342681885e+03	3.078000000000000114e+01
1.408618445158004761e+03	3.075000000000000000e+01
1.411081441164016724e+03	3.071000000000000085e+01
1.413543590068817139e+03	3.064000000000000057e+01
1.416006367683410645e+03	3.064000000000000057e+01
1.418469325065612793e+03	3.053999999999999915e+01
1.420931203126907349e+03	3.057999999999999829e+01
1.423394283771514893e+03	3.051000000000000156e+01
1.425856547594070435e+03	3.051000000000000156e+01
1.428319312334060669e+03	3.044000000000000128e+01
1.430782520532608032e+03	3.037000000000000099e+01
1.433244641065597534e+03	3.033999999999999986e+01
1.435707481861114502e+03	3.030999999999999872e+01
1.438169666528701782e+03	3.023999999999999844e+01
1.440631919622421265e+03	3.019999999999999929e+01
1.443095194339752197e+03	3.023999999999999844e+01
1.445557513713836670e+03	3.017000000000000171e+01
1.448020783901214600e+03	3.010000000000000142e+01
1.450483096837997437e+03	3.007000000000000028e+01
1.452945094585418701e+03	3.000000000000000000e+01
1.455408147335052490e+03	3.000000000000000000e+01
1.457871642589569092e+03	2.996999999999999886e+01
1.460334502935409546e+03	2.989999999999999858e+01
1.462796200990676880e+03	2.985999999999999943e+01
1.465259412527084351e+03	2.982999999999999829e+01
1.467722406387329102e+03	2.976000000000000156e+01
1.470184834480285645e+03	2.976000000000000156e+01
1.472647254467010498e+03	2.973000000000000043e+01
1.475109833955764771e+03	2.966000000000000014e+01
1.477571684598922729e+03	2.966000000000000014e+01
1.480034846544265747e+03	2.966000000000000014e+01
1.482497685194015503e+03	2.969999999999999929e+01
1.484960118055343628e+03	2.980000000000000071e+01
1.487422869682312012e+03	2.989999999999999858e+01
1.489885558128356934e+03	3.010000000000000142e+01
1.492348324537277222e+03	3.026999999999999957e+01
1.494810575008392334e+03	3.051000000000000156e+01
1.497273427486419678e+03	3.060999999999999943e+01
1.499736709356307983e+03	3.075000000000000000e+01
1.502199014425277710e+03	3.085000000000000142e+01
1.504660633325576782e+03	3.085000000000000142e+01
1.507123741149902344e+03	3.087999999999999901e+01
1.509586666584014893e+03	3.085000000000000142e+01
1.512049228906631470e+03	3.087999999999999901e+01
1.514510964870452881e+03	3.080999999999999872e+01
1.516973950147628784e+03	3.078000000000000114e+01
1.519436507940292358e+03	3.075000000000000000e+01
1.521899095058441162e+03	3.075000000000000000e+01
1.524361205101013184e+03	3.071000000000000085e+01
1.526824800729751587e+03	3.064000000000000057e+01
1.529287384986877441e+03	3.064000000000000057e+01
1.531749900579452515e+03	3.053999999999999915e+01
1.534212232112884521e+03	3.046999999999999886e+01
1.536675226688385010e+03	3.046999999999999886e+01
1.539137110233306885e+03	3.044000000000000128e+01
1.541600552082061768e+03	3.041000000000000014e+01
1.544062788009643555e+03	3.030999999999999872e+01
1.546525146245956421e+03	3.030999999999999872e+01
1.548987765550613403e+03	3.023999999999999844e+01
1.551450122833251953e+03	3.023999999999999844e+01
1.553912462472915649e+03	3.019999999999999929e+01
1.556375770330429077e+03	3.017000000000000171e+01
1.558838336944580078e+03	3.007000000000000028e+01
1.561300954580307007e+03	3.007000000000000028e+01
1.563763268232345581e+03	3.000000000000000000e+01
1.566226344347000122e+03	2.992999999999999972e+01
1.568688911199569702e+03	2.989999999999999858e+01
1.571152367591857910e+03	2.989999999999999858e+01
1.573614925146102905e+03	2.985999999999999943e+01
1.576077395915985107e+03	2.982999999999999829e+01
1.578539843559265137e+03	2.976000000000000156e+01
1.581001646518707275e+03	2.973000000000000043e+01
1.583464605808258057e+03	2.969999999999999929e+01
1.585926985740661621e+03	2.973000000000000043e+01
1.588390530347824097e+03	2.969999999999999929e+01
1.590852009296417236e+03	2.969999999999999929e+01
1.593314302444458008e+03	2.976000000000000156e+01
1.595777888059616089e+03	2.992999999999999972e+01
1.598240491151809692e+03	3.010000000000000142e+01
1.600702625513076782e+03	3.023999999999999844e+01
1.603165656805038452e+03	3.033999999999999986e+01
1.605628199577331543e+03	3.044000000000000128e+01
1.608090386152267456e+03	3.046999999999999886e+01
1.610553692102432251e+03	3.051000000000000156e+01
1.613015602588653564e+03	3.053999999999999915e+01
1.615478497743606567e+03	3.053999999999999915e+01
1.617941034793853760e+03	3.051000000000000156e+01
1.620403372764587402e+03	3.046999999999999886e+01
1.622866015911102295e+03	3.046999999999999886e+01
1.625329527378082275e+03	3.041000000000000014e+01
1.627791883945465088e+03	3.044000000000000128e+01
1.630254312515258789e+03	3.037000000000000099e+01
1.632717409133911133e+03	3.033999999999999986e+01
1.635179812431335449e+03	3.030999999999999872e+01
1.637642231941223145e+03	3.023999999999999844e+01
1.640104726314544678e+03	3.019999999999999929e+01
1.642567248821258545e+03	3.017000000000000171e+01
1.645030614376068115e+03	3.019999999999999929e+01
1.647492547988891602e+03	3.010000000000000142e+01
1.649954478025436401e+03	3.003000000000000114e+01
1.652418426275253296e+03	3.000000000000000000e+01
1.654880523681640625e+03	3.000000000000000000e+01
1.657343447208404541e+03	2.989999999999999858e+01
1.659806744098663330e+03	2.992999999999999972e+01
1.662268561363220215e+03	2.985999999999999943e+01
1.664730660915374756e+03	2.982999999999999829e+01
1.667194028615951538e+03	2.982999999999999829e+01
1.669656777620315552e+03	2.969999999999999929e+01
1.672119596481323242e+03	2.969999999999999929e+01
1.674581633567810059e+03	2.966000000000000014e+01
1.677044552326202393e+03	2.962999999999999901e+01
1.679506682395935059e+03	2.962999999999999901e+01
1.681969669103622437e+03	2.958999999999999986e+01
1.684431835889816284e+03	2.958999999999999986e+01
1.686894324541091919e+03	2.962999999999999901e+01
1.689358060598373413e+03	2.962999999999999901e+01
1.691820632457733154e+03	2.962999999999999901e+01
1.694282591342926025e+03	2.962999999999999901e+01
1.696744842290878296e+03	2.962999999999999901e+01
1.699208505392074585e+03	2.966000000000000014e+01
1.701670267105102539e+03	2.973000000000000043e+01
1.704133111715316772e+03	2.980000000000000071e+01
1.706595300674438477e+03	2.996999999999999886e+01
1.709058052778244019e+03	3.014000000000000057e+01
1.711520643472671509e+03	3.037000000000000099e+01
1.713983048677444458e+03	3.051000000000000156e+01
1.716446483373641968e+03	3.064000000000000057e+01
1.718908768415451050e+03	3.071000000000000085e+01
1.721371588230133057e+03	3.080999999999999872e+01
1.723834672212600708e+03	3.080999999999999872e+01
1.726296195030212402e+03	3.080999999999999872e+01
1.728758891582489014e+03	3.080999999999999872e+01
1.731221881628036499e+03	3.078000000000000114e+01
1.733684545040130615e+03	3.075000000000000000e+01
1.736146730899810791e+03	3.075000000000000000e+01
1.738609294652938843e+03	3.075000000000000000e+01
1.741072588443756104e+03	3.067999999999999972e+01
1.743534720420837402e+03	3.067999999999999972e+01
1.745997136354446411e+03	3.060999999999999943e+01
1.748459731101989746e+03	3.053999999999999915e+01
1.750922467231750488e+03	3.053999999999999915e+01
1.753385124444961548e+03	3.044000000000000128e+01
1.755847663164138794e+03	3.041000000000000014e+01
1.758310628890991211e+03	3.033999999999999986e+01
1.760773729324340820e+03	3.037000000000000099e+01
1.763235914945602417e+03	3.030999999999999872e+01
1.765698012113571167e+03	3.019999999999999929e+01
1.768160996675491333e+03	3.019999999999999929e+01
1.770623498201370239e+03	3.014000000000000057e+01
1.773086382627487183e+03	3.010000000000000142e+01
1.775548426389694214e+03	3.007000000000000028e+01
1.778011596679687500e+03	3.003000000000000114e+01
1.780474650144577026e+03	2.996999999999999886e+01
1.782936330795288086e+03	2.992999999999999972e+01
1.785400218248367310e+03	2.985999999999999943e+01
1.787862153530120850e+03	2.985999999999999943e+01
1.790324330806732178e+03	2.976000000000000156e+01
1.792786861658096313e+03	2.976000000000000156e+01
1.795249396800994873e+03	2.976000000000000156e+01
1.797712194204330444e+03	2.969999999999999929e+01
1.800175413131713867e+03	2.966000000000000014e+01
1.802638026237487793e+03	2.969999999999999929e+01
1.805100353479385376e+03	2.966000000000000014e+01
1.807563069105148315e+03	2.962999999999999901e+01
1.810025074720382690e+03	2.969999999999999929e+01
1.812487905740737915e+03	2.976000000000000156e+01
1.814950301885604858e+03	2.992999999999999972e+01
1.817413008451461792e+03	3.014000000000000057e+01
1.819875957012176514e+03	3.033999999999999986e+01
1.822339241027832031e+03	3.051000000000000156e+01
1.824800723075866699e+03	3.060999999999999943e+01
1.827264531850814819e+03	3.075000000000000000e+01
1.829726424217224121e+03	3.080999999999999872e+01
1.832189536809921265e+03	3.080999999999999872e+01
1.834651780843734741e+03	3.085000000000000142e+01
1.837114087581634521e+03	3.080999999999999872e+01
1.839577132463455200e+03	3.078000000000000114e+01
1.842040000677108765e+03	3.078000000000000114e+01
1.844502372503280640e+03	3.075000000000000000e+01
1.846965320587158203e+03	3.075000000000000000e+01
1.849427366971969604e+03	3.067999999999999972e+01
1.851890167474746704e+03	3.060999999999999943e+01
1.854353103637695312e+03	3.060999999999999943e+01
1.856815828800201416e+03	3.057999999999999829e+01
1.859278304338455200e+03	3.051000000000000156e+01
1.861740379333496094e+03	3.044000000000000128e+01
1.864202975988388062e+03	3.046999999999999886e+01
1.866666277885437012e+03	3.041000000000000014e+01
1.869128084897994995e+03	3.033999999999999986e+01
1.871591320514678955e+03	3.026999999999999957e+01
1.874054004669189453e+03	3.026999999999999957e+01
1.876515994787216187e+03	3.019999999999999929e+01
1.878979111433029175e+03	3.017000000000000171e+01
1.881441280841827393e+03	3.014000000000000057e+01
1.883903594732284546e+03	3.010000000000000142e+01
1.886366597652435303e+03	3.007000000000000028e+01
1.888829396724700928e+03	3.000000000000000000e+01
1.891291880130767822e+03	2.996999999999999886e+01
1.893755663156509399e+03	2.989999999999999858e+01
1.896218281269073486e+03	2.985999999999999943e+01
1.898680616378784180e+03	2.985999999999999943e+01
1.901143151521682739e+03	2.982999999999999829e+01
1.903605381727218628e+03	2.980000000000000071e+01
1.906067386388778687e+03	2.973000000000000043e+01
1.908531023979187012e+03	2.973000000000000043e+01
1.910993730306625366e+03	2.966000000000000014e+01
1.913456043004989624e+03	2.966000000000000014e+01
1.915918198108673096e+03	2.966000000000000014e+01
1.918381159782409668e+03	2.969999999999999929e+01
1.920843721866607666e+03	2.982999999999999829e+01
1.923306327819824219e+03	3.007000000000000028e+01
1.925769072532653809e+03	3.023999999999999844e+01
1.928231889247894287e+03	3.044000000000000128e+01
1.930694214820861816e+03	3.057999999999999829e+01
1.933156512498855591e+03	3.067999999999999972e+01
1.935619044065475464e+03	3.078000000000000114e+01
1.938082238912582397e+03	3.080999999999999872e+01
1.940544891834259033e+03	3.085000000000000142e+01
1.943007367610931396e+03	3.085000000000000142e+01
1.945470254898071289e+03	3.085000000000000142e+01
1.947931504964828491e+03	3.080999999999999872e+01
1.950394351243972778e+03	3.071000000000000085e+01
1.952857778072357178e+03	3.071000000000000085e+01
1.955320564746856689e+03	3.071000000000000085e+01
1.957783236026763916e+03	3.064000000000000057e+01
1.960245750427246094e+03	3.064000000000000057e+01
1.962707824468612671e+03	3.053999999999999915e+01
1.965171147108078003e+03	3.057999999999999829e+01
1.967633715867996216e+03	3.053999999999999915e+01
1.970095537424087524e+03	3.044000000000000128e+01
1.972559037685394287e+03	3.037000000000000099e+01
1.975021551132202148e+03	3.037000000000000099e+01
1.977483537912368774e+03	3.037000000000000099e+01
1.979945837736129761e+03	3.026999999999999957e+01
1.982409240484237671e+03	3.023999999999999844e+01
1.984870659112930298e+03	3.023999999999999844e+01
1.987334548711776733e+03	3.019999999999999929e+01
1.989796489477157593e+03	3.014000000000000057e+01
1.992259033918380737e+03	3.003000000000000114e+01
1.994722160577774048e+03	3.003000000000000114e+01
1.997184849739074707e+03	3.003000000000000114e+01
1.999647927999496460e+03	2.992999999999999972e+01
2.002109751939773560e+03	2.989999999999999858e+01
2.004572637796401978e+03	2.982999999999999829e+01
2.007035016298294067e+03	2.982999999999999829e+01
2.009497582674026489e+03	2.980000000000000071e+01
2.011960134744644165e+03	2.980000000000000071e+01
2.014423444986343384e+03	2.969999999999999929e+01
2.016885557413101196e+03	2.969999999999999929e+01
2.019348247766494751e+03	2.962999999999999901e+01
2.021811520576477051e+03	2.966000000000000014e+01
2.024273500204086304e+03	2.966000000000000014e+01
2.026736414909362793e+03	2.969999999999999929e+01
2.029199404239654541e+03	2.982999999999999829e+01
2.031661936044692993e+03	3.000000000000000000e+01
2.034124176025390625e+03	3.017000000000000171e+01
2.036586459159851074e+03	3.041000000000000014e+01
2.039049413919448853e+03	3.053999999999999915e+01
2.041511564731597900e+03	3.067999999999999972e+01
2.043974235057830811e+03	3.078000000000000114e+01
2.046437302350997925e+03	3.080999999999999872e+01
2.048899228096008301e+03	3.080999999999999872e+01
2.051362333059310913e+03	3.085000000000000142e+01
2.053825363159179688e+03	3.085000000000000142e+01
2.056287203550338745e+03	3.080999999999999872e+01
2.058749950885772705e+03	3.078000000000000114e+01
2.061213212966918945e+03	3.075000000000000000e+01
2.063676150321960449e+03	3.075000000000000000e+01
2.066138220310211182e+03	3.067999999999999972e+01
2.068600805997848511e+03	3.064000000000000057e+01
2.071062833309173584e+03	3.057999999999999829e+01
2.073526181459426880e+03	3.053999999999999915e+01
2.075988849639892578e+03	3.053999999999999915e+01
2.078451817035675049e+03	3.044000000000000128e+01
2.080913867712020874e+03	3.037000000000000099e+01
2.083376213312149048e+03	3.033999999999999986e+01
2.085839083433151245e+03	3.033999999999999986e+01
2.088301852226257324e+03	3.030999999999999872e+01
2.090764271974563599e+03	3.026999999999999957e+01
2.093226897478103638e+03	3.023999999999999844e+01
2.095689011096954346e+03	3.014000000000000057e+01
2.098152239084243774e+03	3.014000000000000057e+01
2.100614304065704346e+03	3.010000000000000142e+01
2.103077095985412598e+03	3.007000000000000028e+01
2.105539878845214844e+03	3.000000000000000000e+01
2.108002457618713379e+03	2.992999999999999972e+01
2.110465196371078491e+03	2.985999999999999943e+01
2.112926959276199341e+03	2.989999999999999858e+01
2.115390516996383667e+03	2.985999999999999943e+01
2.117853741168975830e+03	2.982999999999999829e+01
2.120315925598144531e+03	2.976000000000000156e+01
2.122778150558471680e+03	2.966000000000000014e+01
2.125241120576858521e+03	2.973000000000000043e+01
2.127703445672988892e+03	2.966000000000000014e+01
2.130165931701660156e+03	2.969999999999999929e+01
2.132629120349884033e+03	2.962999999999999901e+01
2.135090909004211426e+03	2.966000000000000014e+01
2.137554022550582886e+03	2.976000000000000156e+01
2.140016853094100952e+03	2.996999999999999886e+01
2.142479303836822510e+03	3.017000000000000171e+01
2.144941738128662109e+03	3.037000000000000099e+01
2.147404264926910400e+03	3.051000000000000156e+01
2.149866623640060425e+03	3.067999999999999972e+01
2.152330095291137695e+03	3.075000000000000000e+01
2.154791982650756836e+03	3.080999999999999872e+01
2.157255317449569702e+03	3.085000000000000142e+01
2.159718281507492065e+03	3.080999999999999872e+01
2.162179838180541992e+03	3.080999999999999872e+01
2.164643199920654297e+03	3.078000000000000114e+01
2.167105157375335693e+03	3.075000000000000000e+01
2.169568288087844849e+03	3.075000000000000000e+01
2.172030849218368530e+03	3.071000000000000085e+01
2.174493675947189331e+03	3.064000000000000057e+01
2.176955777883529663e+03	3.057999999999999829e+01
2.179418455839157104e+03	3.057999999999999829e+01
2.181881205797195435e+03	3.053999999999999915e+01
2.184344051122665405e+03	3.046999999999999886e+01
2.186806139469146729e+03	3.044000000000000128e+01
2.189269209623336792e+03	3.037000000000000099e+01
2.191731270551681519e+03	3.033999999999999986e+01
2.194194094657897949e+03	3.033999999999999986e+01
2.196656583309173584e+03	3.030999999999999872e+01
2.199119147300720215e+03	3.023999999999999844e+01
2.201582530021667480e+03	3.017000000000000171e+01
2.204044704914093018e+03	3.017000000000000171e+01
2.206506969690322876e+03	3.010000000000000142e+01
2.208969615459442139e+03	3.010000000000000142e+01
2.211432960271835327e+03	3.003000000000000114e+01
2.213895117044448853e+03	3.000000000000000000e+01
