# \Setpoint = 34.0C, Output = 1.44%, PID value = 0.58,0.03,1.00
# 20220809
# time			temp			
0.000000000000000000e+00	3.375999999999999801e+01
2.463053226470947266e+00	3.368999999999999773e+01
4.793823719024658203e+00	3.368999999999999773e+01
7.165549039840698242e+00	3.356000000000000227e+01
9.495489835739135742e+00	3.356000000000000227e+01
1.186742806434631348e+01	3.349000000000000199e+01
1.419813847541809082e+01	3.342000000000000171e+01
1.656942820549011230e+01	3.339000000000000057e+01
1.889975094795227051e+01	3.332000000000000028e+01
2.127143192291259766e+01	3.328999999999999915e+01
2.360262656211853027e+01	3.328999999999999915e+01
2.597354173660278320e+01	3.335999999999999943e+01
2.955631852149963379e+01	3.356000000000000227e+01
3.210981941223144531e+01	3.379999999999999716e+01
3.448172616958618164e+01	3.400000000000000000e+01
3.681247615814208984e+01	3.420000000000000284e+01
3.918481945991516113e+01	3.440999999999999659e+01
4.151541733741760254e+01	3.457999999999999829e+01
4.388628268241882324e+01	3.475000000000000000e+01
4.621727633476257324e+01	3.481000000000000227e+01
4.858768010139465332e+01	3.485000000000000142e+01
5.091900849342346191e+01	3.488000000000000256e+01
5.329074358940124512e+01	3.492000000000000171e+01
5.562075996398925781e+01	3.488000000000000256e+01
5.799200892448425293e+01	3.485000000000000142e+01
6.032245731353759766e+01	3.478000000000000114e+01
6.269439649581909180e+01	3.478000000000000114e+01
6.502509117126464844e+01	3.475000000000000000e+01
6.739648056030273438e+01	3.464000000000000057e+01
6.972703599929809570e+01	3.460999999999999943e+01
7.209834384918212891e+01	3.453999999999999915e+01
7.442956805229187012e+01	3.450999999999999801e+01
7.680118536949157715e+01	3.446999999999999886e+01
7.913082575798034668e+01	3.440999999999999659e+01
8.150265121459960938e+01	3.431000000000000227e+01
8.383301568031311035e+01	3.424000000000000199e+01
8.620514893531799316e+01	3.417000000000000171e+01
8.853466296195983887e+01	3.414000000000000057e+01
9.090689158439636230e+01	3.410000000000000142e+01
9.323733687400817871e+01	3.407000000000000028e+01
9.560914325714111328e+01	3.396999999999999886e+01
9.793929123878479004e+01	3.389999999999999858e+01
1.003110456466674805e+02	3.382999999999999829e+01
1.026421351432800293e+02	3.382999999999999829e+01
1.050131404399871826e+02	3.375999999999999801e+01
1.073444035053253174e+02	3.368999999999999773e+01
1.097162878513336182e+02	3.363000000000000256e+01
1.120461106300354004e+02	3.356000000000000227e+01
1.144174396991729736e+02	3.353000000000000114e+01
1.167488276958465576e+02	3.346000000000000085e+01
1.191192004680633545e+02	3.339000000000000057e+01
1.214502792358398438e+02	3.339000000000000057e+01
1.238224179744720459e+02	3.335999999999999943e+01
1.261523976325988770e+02	3.325000000000000000e+01
1.285238416194915771e+02	3.325000000000000000e+01
1.308546895980834961e+02	3.314999999999999858e+01
1.332259025573730469e+02	3.314999999999999858e+01
1.355560765266418457e+02	3.307999999999999829e+01
1.379283268451690674e+02	3.304999999999999716e+01
1.402583277225494385e+02	3.304999999999999716e+01
1.426300456523895264e+02	3.302000000000000313e+01
1.449602630138397217e+02	3.295000000000000284e+01
1.473313899040222168e+02	3.297999999999999687e+01
1.496621675491333008e+02	3.295000000000000284e+01
1.520338149070739746e+02	3.288000000000000256e+01
1.543645191192626953e+02	3.288000000000000256e+01
1.567354083061218262e+02	3.288000000000000256e+01
1.590662617683410645e+02	3.285000000000000142e+01
1.614383263587951660e+02	3.285000000000000142e+01
1.637680165767669678e+02	3.285000000000000142e+01
1.661398389339447021e+02	3.288000000000000256e+01
1.684707162380218506e+02	3.285000000000000142e+01
1.708420460224151611e+02	3.290999999999999659e+01
1.731719026565551758e+02	3.304999999999999716e+01
1.755438132286071777e+02	3.321999999999999886e+01
1.778748319149017334e+02	3.346000000000000085e+01
1.802460820674896240e+02	3.372999999999999687e+01
1.825771081447601318e+02	3.400000000000000000e+01
1.849484615325927734e+02	3.431000000000000227e+01
1.872781865596771240e+02	3.450999999999999801e+01
1.896497561931610107e+02	3.471000000000000085e+01
1.919806668758392334e+02	3.485000000000000142e+01
1.943520097732543945e+02	3.492000000000000171e+01
1.966829023361206055e+02	3.495000000000000284e+01
1.990539088249206543e+02	3.495000000000000284e+01
2.013848328590393066e+02	3.495000000000000284e+01
2.037565524578094482e+02	3.495000000000000284e+01
2.060860600471496582e+02	3.492000000000000171e+01
2.084578850269317627e+02	3.488000000000000256e+01
2.107891104221343994e+02	3.481000000000000227e+01
2.131603331565856934e+02	3.478000000000000114e+01
2.154907004833221436e+02	3.471000000000000085e+01
2.178619616031646729e+02	3.467999999999999972e+01
2.201924185752868652e+02	3.460999999999999943e+01
2.225637972354888916e+02	3.457999999999999829e+01
2.248944749832153320e+02	3.450999999999999801e+01
2.272664697170257568e+02	3.446999999999999886e+01
2.295968823432922363e+02	3.436999999999999744e+01
2.319679834842681885e+02	3.434000000000000341e+01
2.342986700534820557e+02	3.431000000000000227e+01
2.366698920726776123e+02	3.424000000000000199e+01
2.390004904270172119e+02	3.420000000000000284e+01
2.413723566532135010e+02	3.424000000000000199e+01
2.437034330368041992e+02	3.417000000000000171e+01
2.460737738609313965e+02	3.417000000000000171e+01
2.484049649238586426e+02	3.410000000000000142e+01
2.507770576477050781e+02	3.407000000000000028e+01
2.531074621677398682e+02	3.403000000000000114e+01
2.554783718585968018e+02	3.396999999999999886e+01
2.578098807334899902e+02	3.392999999999999972e+01
2.601819038391113281e+02	3.389999999999999858e+01
2.625116689205169678e+02	3.382999999999999829e+01
2.648831737041473389e+02	3.375999999999999801e+01
2.672142100334167480e+02	3.372999999999999687e+01
2.695856080055236816e+02	3.368999999999999773e+01
2.719155476093292236e+02	3.363000000000000256e+01
2.742873871326446533e+02	3.359000000000000341e+01
2.766173958778381348e+02	3.356000000000000227e+01
2.789896955490112305e+02	3.349000000000000199e+01
2.813197040557861328e+02	3.349000000000000199e+01
2.836915605068206787e+02	3.342000000000000171e+01
2.860221891403198242e+02	3.342000000000000171e+01
2.883936090469360352e+02	3.339000000000000057e+01
2.907242856025695801e+02	3.335999999999999943e+01
2.930951142311096191e+02	3.332000000000000028e+01
2.955586166381835938e+02	3.328999999999999915e+01
2.978896009922027588e+02	3.321999999999999886e+01
3.002610554695129395e+02	3.321999999999999886e+01
3.025913851261138916e+02	3.321999999999999886e+01
3.049629797935485840e+02	3.318999999999999773e+01
3.072935142517089844e+02	3.314999999999999858e+01
3.096650090217590332e+02	3.314999999999999858e+01
3.119956588745117188e+02	3.321999999999999886e+01
3.143670620918273926e+02	3.325000000000000000e+01
3.166971099376678467e+02	3.346000000000000085e+01
3.190682539939880371e+02	3.365999999999999659e+01
3.213999981880187988e+02	3.382999999999999829e+01
3.237715501785278320e+02	3.410000000000000142e+01
3.261010398864746094e+02	3.427000000000000313e+01
3.284737887382507324e+02	3.443999999999999773e+01
3.308037602901458740e+02	3.453999999999999915e+01
3.331748001575469971e+02	3.464000000000000057e+01
3.355055460929870605e+02	3.471000000000000085e+01
3.378769574165344238e+02	3.471000000000000085e+01
3.402077128887176514e+02	3.471000000000000085e+01
3.425797686576843262e+02	3.475000000000000000e+01
3.449096462726593018e+02	3.471000000000000085e+01
3.472817544937133789e+02	3.464000000000000057e+01
3.496114032268524170e+02	3.460999999999999943e+01
3.519826951026916504e+02	3.457999999999999829e+01
3.543134522438049316e+02	3.450999999999999801e+01
3.566856625080108643e+02	3.443999999999999773e+01
3.590157432556152344e+02	3.440999999999999659e+01
3.613876547813415527e+02	3.434000000000000341e+01
3.637184934616088867e+02	3.431000000000000227e+01
3.660895845890045166e+02	3.424000000000000199e+01
3.684199392795562744e+02	3.420000000000000284e+01
3.707912678718566895e+02	3.414000000000000057e+01
3.731218049526214600e+02	3.410000000000000142e+01
3.754940705299377441e+02	3.403000000000000114e+01
3.778253664970397949e+02	3.396999999999999886e+01
3.801960408687591553e+02	3.392999999999999972e+01
3.825267477035522461e+02	3.385999999999999943e+01
3.848981797695159912e+02	3.382999999999999829e+01
3.872283756732940674e+02	3.379999999999999716e+01
3.896004364490509033e+02	3.375999999999999801e+01
3.919308741092681885e+02	3.375999999999999801e+01
3.943024513721466064e+02	3.385999999999999943e+01
3.966335029602050781e+02	3.389999999999999858e+01
3.990039424896240234e+02	3.400000000000000000e+01
4.013351335525512695e+02	3.400000000000000000e+01
4.037067215442657471e+02	3.400000000000000000e+01
4.060376992225646973e+02	3.403000000000000114e+01
4.084083652496337891e+02	3.400000000000000000e+01
4.107403023242950439e+02	3.400000000000000000e+01
4.131109449863433838e+02	3.396999999999999886e+01
4.154422659873962402e+02	3.396999999999999886e+01
4.178137638568878174e+02	3.389999999999999858e+01
4.201437702178955078e+02	3.389999999999999858e+01
4.225155811309814453e+02	3.382999999999999829e+01
4.248453948497772217e+02	3.382999999999999829e+01
4.272173235416412354e+02	3.379999999999999716e+01
4.295479793548583984e+02	3.372999999999999687e+01
4.319197432994842529e+02	3.372999999999999687e+01
4.342509434223175049e+02	3.368999999999999773e+01
4.366218242645263672e+02	3.363000000000000256e+01
4.389527227878570557e+02	3.359000000000000341e+01
4.413243501186370850e+02	3.356000000000000227e+01
4.436547265052795410e+02	3.353000000000000114e+01
4.460263597965240479e+02	3.353000000000000114e+01
4.483565115928649902e+02	3.349000000000000199e+01
4.507278888225555420e+02	3.349000000000000199e+01
4.530585720539093018e+02	3.346000000000000085e+01
4.554296367168426514e+02	3.346000000000000085e+01
4.577603592872619629e+02	3.349000000000000199e+01
4.601317486763000488e+02	3.356000000000000227e+01
4.624629080295562744e+02	3.365999999999999659e+01
4.648343474864959717e+02	3.385999999999999943e+01
4.671648390293121338e+02	3.400000000000000000e+01
4.695364673137664795e+02	3.424000000000000199e+01
4.718677246570587158e+02	3.436999999999999744e+01
4.742387082576751709e+02	3.457999999999999829e+01
4.765692160129547119e+02	3.467999999999999972e+01
4.789412162303924561e+02	3.481000000000000227e+01
4.812713692188262939e+02	3.488000000000000256e+01
4.836433365345001221e+02	3.495000000000000284e+01
4.859728946685791016e+02	3.495000000000000284e+01
4.883452351093292236e+02	3.495000000000000284e+01
4.906750640869140625e+02	3.492000000000000171e+01
4.930469222068786621e+02	3.492000000000000171e+01
4.953772442340850830e+02	3.485000000000000142e+01
4.977489922046661377e+02	3.481000000000000227e+01
5.000790073871612549e+02	3.475000000000000000e+01
5.024511942863464355e+02	3.471000000000000085e+01
5.047817776203155518e+02	3.467999999999999972e+01
5.071527683734893799e+02	3.460999999999999943e+01
5.094832952022552490e+02	3.453999999999999915e+01
5.118547372817993164e+02	3.446999999999999886e+01
5.141859884262084961e+02	3.443999999999999773e+01
5.165566878318786621e+02	3.436999999999999744e+01
5.188880925178527832e+02	3.434000000000000341e+01
5.212594294548034668e+02	3.427000000000000313e+01
5.235890674591064453e+02	3.420000000000000284e+01
5.259603211879730225e+02	3.414000000000000057e+01
5.282916641235351562e+02	3.407000000000000028e+01
5.306631908416748047e+02	3.407000000000000028e+01
5.329941983222961426e+02	3.400000000000000000e+01
5.353657062053680420e+02	3.392999999999999972e+01
5.376961178779602051e+02	3.389999999999999858e+01
5.400680801868438721e+02	3.385999999999999943e+01
5.423986313343048096e+02	3.382999999999999829e+01
5.447704675197601318e+02	3.379999999999999716e+01
5.471003448963165283e+02	3.375999999999999801e+01
5.494721202850341797e+02	3.375999999999999801e+01
5.518030891418457031e+02	3.368999999999999773e+01
5.541737766265869141e+02	3.363000000000000256e+01
5.565042457580566406e+02	3.363000000000000256e+01
5.588765292167663574e+02	3.356000000000000227e+01
5.612067546844482422e+02	3.353000000000000114e+01
5.635781645774841309e+02	3.349000000000000199e+01
5.659091498851776123e+02	3.342000000000000171e+01
5.682803418636322021e+02	3.342000000000000171e+01
5.706107730865478516e+02	3.335999999999999943e+01
5.729820261001586914e+02	3.335999999999999943e+01
5.753129277229309082e+02	3.335999999999999943e+01
5.776839694976806641e+02	3.332000000000000028e+01
5.800145251750946045e+02	3.328999999999999915e+01
5.823868968486785889e+02	3.325000000000000000e+01
5.847169160842895508e+02	3.328999999999999915e+01
5.870883681774139404e+02	3.328999999999999915e+01
5.894190695285797119e+02	3.321999999999999886e+01
5.917904722690582275e+02	3.321999999999999886e+01
5.941206192970275879e+02	3.318999999999999773e+01
5.964923045635223389e+02	3.318999999999999773e+01
5.988225176334381104e+02	3.318999999999999773e+01
6.011945326328277588e+02	3.318999999999999773e+01
6.035244231224060059e+02	3.332000000000000028e+01
6.058960738182067871e+02	3.342000000000000171e+01
6.082273275852203369e+02	3.359000000000000341e+01
6.105979120731353760e+02	3.382999999999999829e+01
6.129286482334136963e+02	3.410000000000000142e+01
6.153001699447631836e+02	3.436999999999999744e+01
6.176311838626861572e+02	3.457999999999999829e+01
6.200026659965515137e+02	3.471000000000000085e+01
6.223326256275177002e+02	3.481000000000000227e+01
6.247043128013610840e+02	3.488000000000000256e+01
6.270347979068756104e+02	3.495000000000000284e+01
6.294063909053802490e+02	3.495000000000000284e+01
6.317375485897064209e+02	3.492000000000000171e+01
6.341082851886749268e+02	3.488000000000000256e+01
6.364385092258453369e+02	3.488000000000000256e+01
6.388102869987487793e+02	3.481000000000000227e+01
6.411408455371856689e+02	3.481000000000000227e+01
6.435119009017944336e+02	3.475000000000000000e+01
6.458430895805358887e+02	3.464000000000000057e+01
6.482140543460845947e+02	3.464000000000000057e+01
6.505450601577758789e+02	3.457999999999999829e+01
6.529162790775299072e+02	3.450999999999999801e+01
6.552467379570007324e+02	3.446999999999999886e+01
6.576191036701202393e+02	3.440999999999999659e+01
6.599489970207214355e+02	3.436999999999999744e+01
6.623207705020904541e+02	3.431000000000000227e+01
6.646511917114257812e+02	3.424000000000000199e+01
6.670220694541931152e+02	3.417000000000000171e+01
6.693530983924865723e+02	3.417000000000000171e+01
6.717248322963714600e+02	3.407000000000000028e+01
6.740550625324249268e+02	3.400000000000000000e+01
6.764272608757019043e+02	3.396999999999999886e+01
6.787579674720764160e+02	3.392999999999999972e+01
6.811291158199310303e+02	3.389999999999999858e+01
6.834593415260314941e+02	3.385999999999999943e+01
6.858317446708679199e+02	3.382999999999999829e+01
6.881623747348785400e+02	3.382999999999999829e+01
6.905334060192108154e+02	3.382999999999999829e+01
6.928641505241394043e+02	3.379999999999999716e+01
6.952357399463653564e+02	3.379999999999999716e+01
6.975662159919738770e+02	3.375999999999999801e+01
6.999378907680511475e+02	3.375999999999999801e+01
7.022676761150360107e+02	3.372999999999999687e+01
7.046397805213928223e+02	3.372999999999999687e+01
7.069708504676818848e+02	3.365999999999999659e+01
7.093421287536621094e+02	3.359000000000000341e+01
7.116726236343383789e+02	3.359000000000000341e+01
7.140440108776092529e+02	3.353000000000000114e+01
7.163740768432617188e+02	3.356000000000000227e+01
7.187461280822753906e+02	3.349000000000000199e+01
7.210762562751770020e+02	3.346000000000000085e+01
7.234484527111053467e+02	3.342000000000000171e+01
7.257788646221160889e+02	3.342000000000000171e+01
7.281495704650878906e+02	3.335999999999999943e+01
7.304807507991790771e+02	3.335999999999999943e+01
7.328524575233459473e+02	3.332000000000000028e+01
7.351829175949096680e+02	3.332000000000000028e+01
7.375547509193420410e+02	3.328999999999999915e+01
7.398853938579559326e+02	3.328999999999999915e+01
7.422569060325622559e+02	3.325000000000000000e+01
7.445868661403656006e+02	3.328999999999999915e+01
7.469583570957183838e+02	3.335999999999999943e+01
7.492890043258666992e+02	3.346000000000000085e+01
7.516599698066711426e+02	3.363000000000000256e+01
7.539903886318206787e+02	3.382999999999999829e+01
7.563626244068145752e+02	3.410000000000000142e+01
7.586928236484527588e+02	3.431000000000000227e+01
7.610647230148315430e+02	3.457999999999999829e+01
7.633955295085906982e+02	3.475000000000000000e+01
7.657666130065917969e+02	3.492000000000000171e+01
7.680967688560485840e+02	3.495000000000000284e+01
7.704688885211944580e+02	3.504999999999999716e+01
7.727983670234680176e+02	3.504999999999999716e+01
7.751709165573120117e+02	3.502000000000000313e+01
7.775008108615875244e+02	3.502000000000000313e+01
7.798733601570129395e+02	3.502000000000000313e+01
7.822029659748077393e+02	3.497999999999999687e+01
7.845749728679656982e+02	3.495000000000000284e+01
7.869054188728332520e+02	3.492000000000000171e+01
7.892769644260406494e+02	3.485000000000000142e+01
7.916074554920196533e+02	3.478000000000000114e+01
7.939787132740020752e+02	3.471000000000000085e+01
7.963094129562377930e+02	3.467999999999999972e+01
7.986809308528900146e+02	3.464000000000000057e+01
8.010107960700988770e+02	3.453999999999999915e+01
8.033825743198394775e+02	3.450999999999999801e+01
8.057135758399963379e+02	3.443999999999999773e+01
8.080846717357635498e+02	3.436999999999999744e+01
8.104147543907165527e+02	3.434000000000000341e+01
8.127872617244720459e+02	3.427000000000000313e+01
8.151178941726684570e+02	3.420000000000000284e+01
8.174889528751373291e+02	3.414000000000000057e+01
8.198195083141326904e+02	3.407000000000000028e+01
8.221911818981170654e+02	3.400000000000000000e+01
8.245220069885253906e+02	3.396999999999999886e+01
8.268936107158660889e+02	3.392999999999999972e+01
8.292249541282653809e+02	3.385999999999999943e+01
8.315956881046295166e+02	3.382999999999999829e+01
8.339263324737548828e+02	3.375999999999999801e+01
8.362980318069458008e+02	3.368999999999999773e+01
8.386282799243927002e+02	3.363000000000000256e+01
8.409993371963500977e+02	3.359000000000000341e+01
8.433306138515472412e+02	3.353000000000000114e+01
8.457014651298522949e+02	3.349000000000000199e+01
8.480326573848724365e+02	3.342000000000000171e+01
8.504037890434265137e+02	3.342000000000000171e+01
8.527353765964508057e+02	3.332000000000000028e+01
8.551056556701660156e+02	3.332000000000000028e+01
8.574370114803314209e+02	3.325000000000000000e+01
8.598076312541961670e+02	3.321999999999999886e+01
8.621384253501892090e+02	3.318999999999999773e+01
8.645108082294464111e+02	3.314999999999999858e+01
8.668408918380737305e+02	3.314999999999999858e+01
8.692117295265197754e+02	3.311999999999999744e+01
8.715423903465270996e+02	3.311999999999999744e+01
8.739145812988281250e+02	3.311999999999999744e+01
8.762447347640991211e+02	3.307999999999999829e+01
8.786160936355590820e+02	3.307999999999999829e+01
8.809461879730224609e+02	3.304999999999999716e+01
8.833181965351104736e+02	3.304999999999999716e+01
8.856486186981201172e+02	3.302000000000000313e+01
8.880199997425079346e+02	3.304999999999999716e+01
8.903508288860321045e+02	3.314999999999999858e+01
8.927227594852447510e+02	3.328999999999999915e+01
8.950526516437530518e+02	3.349000000000000199e+01
8.974239590167999268e+02	3.375999999999999801e+01
8.997551591396331787e+02	3.403000000000000114e+01
9.021268808841705322e+02	3.427000000000000313e+01
9.044570648670196533e+02	3.450999999999999801e+01
9.068280951976776123e+02	3.471000000000000085e+01
9.091589939594268799e+02	3.485000000000000142e+01
9.115311732292175293e+02	3.492000000000000171e+01
9.138610801696777344e+02	3.497999999999999687e+01
9.162327420711517334e+02	3.495000000000000284e+01
9.185633077621459961e+02	3.502000000000000313e+01
9.209339795112609863e+02	3.497999999999999687e+01
9.232658135890960693e+02	3.495000000000000284e+01
9.256361994743347168e+02	3.492000000000000171e+01
9.279674172401428223e+02	3.481000000000000227e+01
9.303387365341186523e+02	3.478000000000000114e+01
9.326688954830169678e+02	3.471000000000000085e+01
9.350403010845184326e+02	3.464000000000000057e+01
9.373712637424468994e+02	3.460999999999999943e+01
9.397429454326629639e+02	3.453999999999999915e+01
9.420729498863220215e+02	3.450999999999999801e+01
9.444446456432342529e+02	3.443999999999999773e+01
9.467754418849945068e+02	3.440999999999999659e+01
9.491470448970794678e+02	3.436999999999999744e+01
9.514776875972747803e+02	3.427000000000000313e+01
9.538487951755523682e+02	3.417000000000000171e+01
9.561793217658996582e+02	3.417000000000000171e+01
9.585513129234313965e+02	3.414000000000000057e+01
9.608815867900848389e+02	3.407000000000000028e+01
9.632538058757781982e+02	3.396999999999999886e+01
9.655836908817291260e+02	3.392999999999999972e+01
9.679556188583374023e+02	3.392999999999999972e+01
9.702867841720581055e+02	3.396999999999999886e+01
9.726582317352294922e+02	3.392999999999999972e+01
9.749883100986480713e+02	3.396999999999999886e+01
9.773606426715850830e+02	3.392999999999999972e+01
9.796905243396759033e+02	3.389999999999999858e+01
9.820619654655456543e+02	3.389999999999999858e+01
9.843929889202117920e+02	3.389999999999999858e+01
9.867636063098907471e+02	3.382999999999999829e+01
9.890944466590881348e+02	3.379999999999999716e+01
9.914658906459808350e+02	3.372999999999999687e+01
9.937964675426483154e+02	3.365999999999999659e+01
9.961679253578186035e+02	3.363000000000000256e+01
9.984988770484924316e+02	3.359000000000000341e+01
1.000870388269424438e+03	3.356000000000000227e+01
1.003201201677322388e+03	3.353000000000000114e+01
1.005572357654571533e+03	3.342000000000000171e+01
1.007903700590133667e+03	3.346000000000000085e+01
1.010274450302124023e+03	3.342000000000000171e+01
1.012604926824569702e+03	3.335999999999999943e+01
1.014976373672485352e+03	3.332000000000000028e+01
1.017307397127151489e+03	3.335999999999999943e+01
1.019678745985031128e+03	3.332000000000000028e+01
1.022009168624877930e+03	3.328999999999999915e+01
1.024380185842514038e+03	3.325000000000000000e+01
1.026710371255874634e+03	3.325000000000000000e+01
1.029082336187362671e+03	3.325000000000000000e+01
1.031412404060363770e+03	3.325000000000000000e+01
1.033784566879272461e+03	3.325000000000000000e+01
1.036115210056304932e+03	3.335999999999999943e+01
1.038486972332000732e+03	3.353000000000000114e+01
1.040949426174163818e+03	3.368999999999999773e+01
1.043280455112457275e+03	3.392999999999999972e+01
1.045651986360549927e+03	3.417000000000000171e+01
1.047982174873352051e+03	3.440999999999999659e+01
1.050353846788406372e+03	3.460999999999999943e+01
1.052684291839599609e+03	3.475000000000000000e+01
1.055055454015731812e+03	3.488000000000000256e+01
1.057386221885681152e+03	3.495000000000000284e+01
1.059757416248321533e+03	3.495000000000000284e+01
1.062088398933410645e+03	3.497999999999999687e+01
1.064459472656250000e+03	3.497999999999999687e+01
1.066790804147720337e+03	3.492000000000000171e+01
1.069162013769149780e+03	3.492000000000000171e+01
1.071492629289627075e+03	3.485000000000000142e+01
1.073864065408706665e+03	3.475000000000000000e+01
1.076194353103637695e+03	3.475000000000000000e+01
1.078565340995788574e+03	3.471000000000000085e+01
1.080896644353866577e+03	3.467999999999999972e+01
1.083268363237380981e+03	3.460999999999999943e+01
1.085597739934921265e+03	3.457999999999999829e+01
1.087969904422760010e+03	3.450999999999999801e+01
1.090300424575805664e+03	3.443999999999999773e+01
1.092672605037689209e+03	3.440999999999999659e+01
1.095002074241638184e+03	3.436999999999999744e+01
1.097374705076217651e+03	3.431000000000000227e+01
1.099704359769821167e+03	3.424000000000000199e+01
1.102076331377029419e+03	3.420000000000000284e+01
1.104406035900115967e+03	3.410000000000000142e+01
1.106778336524963379e+03	3.410000000000000142e+01
1.109109007596969604e+03	3.403000000000000114e+01
1.111480317115783691e+03	3.400000000000000000e+01
1.113810588598251343e+03	3.392999999999999972e+01
1.116183076620101929e+03	3.382999999999999829e+01
1.118513373136520386e+03	3.379999999999999716e+01
1.120884276390075684e+03	3.379999999999999716e+01
1.123215403079986572e+03	3.382999999999999829e+01
1.125586958408355713e+03	3.385999999999999943e+01
1.127917885780334473e+03	3.379999999999999716e+01
1.130288956403732300e+03	3.379999999999999716e+01
1.132620455503463745e+03	3.379999999999999716e+01
1.134991130352020264e+03	3.379999999999999716e+01
1.137322221994400024e+03	3.372999999999999687e+01
1.139693795919418335e+03	3.368999999999999773e+01
1.142023982763290405e+03	3.365999999999999659e+01
1.144395132780075073e+03	3.363000000000000256e+01
1.146726492643356323e+03	3.359000000000000341e+01
1.149097603082656860e+03	3.353000000000000114e+01
1.151428186655044556e+03	3.353000000000000114e+01
1.153799151897430420e+03	3.349000000000000199e+01
1.156129783391952515e+03	3.346000000000000085e+01
1.158501823425292969e+03	3.339000000000000057e+01
1.160832184553146362e+03	3.335999999999999943e+01
1.163203465938568115e+03	3.328999999999999915e+01
1.165533282041549683e+03	3.332000000000000028e+01
1.167905728816986084e+03	3.328999999999999915e+01
1.170236198663711548e+03	3.325000000000000000e+01
1.172607089757919312e+03	3.325000000000000000e+01
1.174938098430633545e+03	3.321999999999999886e+01
1.177309445142745972e+03	3.328999999999999915e+01
1.179640449762344360e+03	3.335999999999999943e+01
1.182011374950408936e+03	3.353000000000000114e+01
1.184342039823532104e+03	3.372999999999999687e+01
1.186713489055633545e+03	3.389999999999999858e+01
1.189044282197952271e+03	3.407000000000000028e+01
1.191415380954742432e+03	3.420000000000000284e+01
1.193746747493743896e+03	3.431000000000000227e+01
1.196118600368499756e+03	3.440999999999999659e+01
1.198448613643646240e+03	3.440999999999999659e+01
1.200820150136947632e+03	3.443999999999999773e+01
1.203150984048843384e+03	3.446999999999999886e+01
1.205521457672119141e+03	3.440999999999999659e+01
1.207853026151657104e+03	3.440999999999999659e+01
1.210224783897399902e+03	3.436999999999999744e+01
1.212555212974548340e+03	3.436999999999999744e+01
1.214926745891571045e+03	3.427000000000000313e+01
1.217256850004196167e+03	3.427000000000000313e+01
1.219628625869750977e+03	3.420000000000000284e+01
1.221958995580673218e+03	3.417000000000000171e+01
1.224330176115036011e+03	3.407000000000000028e+01
1.226661327838897705e+03	3.410000000000000142e+01
1.229032300472259521e+03	3.400000000000000000e+01
1.231363494157791138e+03	3.396999999999999886e+01
1.233735508203506470e+03	3.389999999999999858e+01
1.236065710067749023e+03	3.385999999999999943e+01
1.238437563896179199e+03	3.382999999999999829e+01
1.240767745733261108e+03	3.379999999999999716e+01
1.243139283895492554e+03	3.368999999999999773e+01
1.245469317913055420e+03	3.372999999999999687e+01
1.247841049432754517e+03	3.365999999999999659e+01
1.250171530246734619e+03	3.368999999999999773e+01
1.252543390274047852e+03	3.379999999999999716e+01
1.254874277591705322e+03	3.392999999999999972e+01
1.257245769977569580e+03	3.414000000000000057e+01
1.259576063871383667e+03	3.434000000000000341e+01
1.261948038101196289e+03	3.453999999999999915e+01
1.264278473377227783e+03	3.464000000000000057e+01
1.266649844169616699e+03	3.475000000000000000e+01
1.268980336189270020e+03	3.481000000000000227e+01
1.271352067708969116e+03	3.485000000000000142e+01
1.273682365417480469e+03	3.485000000000000142e+01
1.276053537607192993e+03	3.481000000000000227e+01
1.278384468317031860e+03	3.481000000000000227e+01
1.280755312919616699e+03	3.478000000000000114e+01
1.283086322546005249e+03	3.471000000000000085e+01
1.285457538604736328e+03	3.471000000000000085e+01
1.287788011312484741e+03	3.464000000000000057e+01
1.290159247875213623e+03	3.457999999999999829e+01
1.292491196393966675e+03	3.450999999999999801e+01
1.294862359285354614e+03	3.446999999999999886e+01
1.297192443609237671e+03	3.440999999999999659e+01
1.299563814401626587e+03	3.434000000000000341e+01
1.301894561052322388e+03	3.427000000000000313e+01
1.304265921354293823e+03	3.424000000000000199e+01
1.306597123146057129e+03	3.417000000000000171e+01
1.308968004465103149e+03	3.414000000000000057e+01
1.311298831224441528e+03	3.407000000000000028e+01
1.313670251131057739e+03	3.403000000000000114e+01
1.316000529527664185e+03	3.396999999999999886e+01
1.318372391939163208e+03	3.389999999999999858e+01
1.320703109502792358e+03	3.385999999999999943e+01
1.323074060201644897e+03	3.379999999999999716e+01
1.325537427186965942e+03	3.372999999999999687e+01
1.327868478775024414e+03	3.372999999999999687e+01
1.330239555597305298e+03	3.365999999999999659e+01
1.332570753574371338e+03	3.363000000000000256e+01
1.334941383600234985e+03	3.363000000000000256e+01
1.337272080659866333e+03	3.363000000000000256e+01
1.339643485307693481e+03	3.365999999999999659e+01
1.341974220037460327e+03	3.365999999999999659e+01
1.344346203088760376e+03	3.363000000000000256e+01
1.346676506042480469e+03	3.359000000000000341e+01
1.349047809600830078e+03	3.356000000000000227e+01
1.351378294467926025e+03	3.356000000000000227e+01
1.353749835968017578e+03	3.349000000000000199e+01
1.356080552816390991e+03	3.342000000000000171e+01
1.358451607227325439e+03	3.339000000000000057e+01
1.360781750202178955e+03	3.339000000000000057e+01
1.363153578758239746e+03	3.335999999999999943e+01
1.365484600782394409e+03	3.328999999999999915e+01
1.367855966567993164e+03	3.328999999999999915e+01
1.370186039209365845e+03	3.325000000000000000e+01
1.372557935953140259e+03	3.321999999999999886e+01
1.374888967752456665e+03	3.318999999999999773e+01
1.377259519100189209e+03	3.314999999999999858e+01
1.379590127468109131e+03	3.314999999999999858e+01
1.381962297677993774e+03	3.314999999999999858e+01
1.384292968988418579e+03	3.314999999999999858e+01
1.386664280652999878e+03	3.311999999999999744e+01
1.388994722127914429e+03	3.314999999999999858e+01
1.391365472316741943e+03	3.314999999999999858e+01
1.393697087526321411e+03	3.318999999999999773e+01
1.396067387104034424e+03	3.328999999999999915e+01
1.398397973537445068e+03	3.346000000000000085e+01
1.400770213842391968e+03	3.365999999999999659e+01
1.403101099967956543e+03	3.385999999999999943e+01
1.405471731185913086e+03	3.414000000000000057e+01
1.407802797555923462e+03	3.436999999999999744e+01
1.410175023078918457e+03	3.457999999999999829e+01
1.412504177570343018e+03	3.464000000000000057e+01
1.414875825881958008e+03	3.481000000000000227e+01
1.417206561326980591e+03	3.481000000000000227e+01
1.419578852415084839e+03	3.488000000000000256e+01
1.421909003496170044e+03	3.488000000000000256e+01
1.424280300617218018e+03	3.485000000000000142e+01
1.426611550331115723e+03	3.485000000000000142e+01
1.428982159614562988e+03	3.481000000000000227e+01
1.431445861101150513e+03	3.475000000000000000e+01
1.433775468587875366e+03	3.471000000000000085e+01
1.436146872997283936e+03	3.467999999999999972e+01
1.438478199481964111e+03	3.460999999999999943e+01
1.440850054264068604e+03	3.453999999999999915e+01
1.443180111885070801e+03	3.450999999999999801e+01
1.445551216363906860e+03	3.443999999999999773e+01
1.447882364511489868e+03	3.436999999999999744e+01
1.450253833055496216e+03	3.434000000000000341e+01
1.452585052251815796e+03	3.427000000000000313e+01
1.454955877304077148e+03	3.417000000000000171e+01
1.457286908149719238e+03	3.417000000000000171e+01
1.459658981323242188e+03	3.410000000000000142e+01
1.461988795518875122e+03	3.403000000000000114e+01
1.464359986543655396e+03	3.403000000000000114e+01
1.466690999507904053e+03	3.396999999999999886e+01
1.469062056303024292e+03	3.400000000000000000e+01
1.471392869710922241e+03	3.400000000000000000e+01
1.473764543771743774e+03	3.407000000000000028e+01
1.476095710754394531e+03	3.410000000000000142e+01
1.478467032909393311e+03	3.420000000000000284e+01
1.480797574758529663e+03	3.431000000000000227e+01
1.483169242858886719e+03	3.436999999999999744e+01
1.485499742507934570e+03	3.436999999999999744e+01
1.487871165037155151e+03	3.443999999999999773e+01
1.490201683521270752e+03	3.446999999999999886e+01
1.492573968648910522e+03	3.443999999999999773e+01
1.494904412269592285e+03	3.440999999999999659e+01
1.497276196718215942e+03	3.436999999999999744e+01
1.499606131315231323e+03	3.434000000000000341e+01
1.501977605104446411e+03	3.427000000000000313e+01
1.504440194129943848e+03	3.427000000000000313e+01
1.506771463155746460e+03	3.424000000000000199e+01
1.509141932249069214e+03	3.414000000000000057e+01
1.511472592115402222e+03	3.410000000000000142e+01
1.513845014810562134e+03	3.410000000000000142e+01
1.516175647258758545e+03	3.403000000000000114e+01
1.518547453165054321e+03	3.392999999999999972e+01
1.520878218173980713e+03	3.392999999999999972e+01
1.523249111652374268e+03	3.385999999999999943e+01
1.525580143451690674e+03	3.379999999999999716e+01
1.527950661420822144e+03	3.375999999999999801e+01
1.530282202482223511e+03	3.368999999999999773e+01
1.532653568506240845e+03	3.365999999999999659e+01
1.534984623432159424e+03	3.359000000000000341e+01
1.537354865074157715e+03	3.356000000000000227e+01
1.539685699701309204e+03	3.353000000000000114e+01
1.542057873725891113e+03	3.349000000000000199e+01
1.544387839317321777e+03	3.353000000000000114e+01
1.546759285211563110e+03	3.356000000000000227e+01
1.549090313911437988e+03	3.359000000000000341e+01
1.551461219072341919e+03	3.363000000000000256e+01
1.553792196273803711e+03	3.365999999999999659e+01
1.556164353847503662e+03	3.368999999999999773e+01
1.558494231939315796e+03	3.365999999999999659e+01
1.560865431547164917e+03	3.363000000000000256e+01
1.563196263074874878e+03	3.359000000000000341e+01
1.565568249702453613e+03	3.356000000000000227e+01
1.567898214340209961e+03	3.353000000000000114e+01
1.570270280122756958e+03	3.353000000000000114e+01
1.572601432561874390e+03	3.349000000000000199e+01
1.574971734046936035e+03	3.353000000000000114e+01
1.577302784681320190e+03	3.349000000000000199e+01
1.579674010753631592e+03	3.349000000000000199e+01
1.582004549980163574e+03	3.342000000000000171e+01
1.584375974416732788e+03	3.342000000000000171e+01
1.586707392930984497e+03	3.339000000000000057e+01
1.589078131198883057e+03	3.339000000000000057e+01
1.591409050941467285e+03	3.342000000000000171e+01
1.593780918121337891e+03	3.335999999999999943e+01
1.596110292673110962e+03	3.335999999999999943e+01
1.598483078718185425e+03	3.335999999999999943e+01
1.600812611818313599e+03	3.332000000000000028e+01
1.603184877872467041e+03	3.332000000000000028e+01
1.605514707326889038e+03	3.328999999999999915e+01
1.607885928869247437e+03	3.328999999999999915e+01
1.610216468811035156e+03	3.335999999999999943e+01
1.612589159727096558e+03	3.335999999999999943e+01
1.614919658422470093e+03	3.349000000000000199e+01
1.617290271282196045e+03	3.365999999999999659e+01
1.619621627330780029e+03	3.382999999999999829e+01
1.621993216037750244e+03	3.410000000000000142e+01
1.624322946786880493e+03	3.424000000000000199e+01
1.626695303201675415e+03	3.446999999999999886e+01
1.629025428771972656e+03	3.460999999999999943e+01
1.631396569252014160e+03	3.471000000000000085e+01
1.633728312015533447e+03	3.485000000000000142e+01
1.636099334001541138e+03	3.485000000000000142e+01
1.638430073261260986e+03	3.485000000000000142e+01
1.640801018476486206e+03	3.485000000000000142e+01
1.643131624460220337e+03	3.481000000000000227e+01
1.645503235578536987e+03	3.478000000000000114e+01
1.647834342241287231e+03	3.475000000000000000e+01
1.650205746889114380e+03	3.471000000000000085e+01
1.652669060945510864e+03	3.464000000000000057e+01
1.654998598575592041e+03	3.464000000000000057e+01
1.657370311498641968e+03	3.457999999999999829e+01
1.659701171159744263e+03	3.450999999999999801e+01
1.662071771621704102e+03	3.446999999999999886e+01
1.664402529001235962e+03	3.443999999999999773e+01
1.666774483919143677e+03	3.436999999999999744e+01
1.669104546546936035e+03	3.431000000000000227e+01
1.671476056814193726e+03	3.424000000000000199e+01
1.673807745218276978e+03	3.417000000000000171e+01
1.676178714752197266e+03	3.410000000000000142e+01
1.678508776903152466e+03	3.407000000000000028e+01
1.680880720138549805e+03	3.403000000000000114e+01
1.683211731433868408e+03	3.403000000000000114e+01
1.685583546638488770e+03	3.407000000000000028e+01
1.687914471626281738e+03	3.410000000000000142e+01
1.690285015106201172e+03	3.417000000000000171e+01
1.692615270376205444e+03	3.424000000000000199e+01
1.694987195253372192e+03	3.427000000000000313e+01
1.697317736148834229e+03	3.431000000000000227e+01
1.699689588069915771e+03	3.434000000000000341e+01
1.702019948482513428e+03	3.427000000000000313e+01
1.704391322374343872e+03	3.427000000000000313e+01
1.706721874475479126e+03	3.424000000000000199e+01
1.709094025373458862e+03	3.420000000000000284e+01
1.711424243927001953e+03	3.417000000000000171e+01
1.713796221733093262e+03	3.410000000000000142e+01
1.716126546144485474e+03	3.403000000000000114e+01
1.718498063325881958e+03	3.400000000000000000e+01
1.720828648567199707e+03	3.396999999999999886e+01
1.723200062513351440e+03	3.389999999999999858e+01
1.725530965328216553e+03	3.385999999999999943e+01
1.727902163982391357e+03	3.385999999999999943e+01
1.730233509063720703e+03	3.379999999999999716e+01
1.732603886842727661e+03	3.372999999999999687e+01
1.734935976743698120e+03	3.368999999999999773e+01
1.737306636810302734e+03	3.365999999999999659e+01
1.739637720823287964e+03	3.363000000000000256e+01
1.742008520364761353e+03	3.359000000000000341e+01
1.744339089632034302e+03	3.356000000000000227e+01
1.746710670948028564e+03	3.353000000000000114e+01
1.749041234254837036e+03	3.349000000000000199e+01
1.751413033723831177e+03	3.342000000000000171e+01
1.753743479013442993e+03	3.346000000000000085e+01
1.756114777565002441e+03	3.346000000000000085e+01
1.758445226430892944e+03	3.349000000000000199e+01
1.760817260026931763e+03	3.356000000000000227e+01
1.763148109674453735e+03	3.365999999999999659e+01
1.765519271850585938e+03	3.368999999999999773e+01
1.767850146055221558e+03	3.385999999999999943e+01
1.770221692800521851e+03	3.396999999999999886e+01
1.772551855325698853e+03	3.420000000000000284e+01
1.774923267841339111e+03	3.431000000000000227e+01
1.777254108190536499e+03	3.436999999999999744e+01
1.779625437021255493e+03	3.443999999999999773e+01
1.781955773591995239e+03	3.450999999999999801e+01
1.784327694654464722e+03	3.446999999999999886e+01
1.786658174037933350e+03	3.450999999999999801e+01
1.789028800964355469e+03	3.443999999999999773e+01
1.791359752178192139e+03	3.446999999999999886e+01
1.793732033491134644e+03	3.440999999999999659e+01
1.796061587572097778e+03	3.436999999999999744e+01
1.798433613061904907e+03	3.431000000000000227e+01
1.800764015197753906e+03	3.431000000000000227e+01
1.803135622501373291e+03	3.424000000000000199e+01
1.805466173410415649e+03	3.420000000000000284e+01
1.807837415695190430e+03	3.414000000000000057e+01
1.810168677330017090e+03	3.410000000000000142e+01
1.812540325880050659e+03	3.403000000000000114e+01
1.814871086120605469e+03	3.400000000000000000e+01
1.817242312908172607e+03	3.389999999999999858e+01
1.819573059558868408e+03	3.385999999999999943e+01
1.821944586753845215e+03	3.382999999999999829e+01
1.824275568485260010e+03	3.375999999999999801e+01
1.826646649122238159e+03	3.372999999999999687e+01
1.828977645874023438e+03	3.372999999999999687e+01
1.831349118471145630e+03	3.365999999999999659e+01
1.833679195404052734e+03	3.368999999999999773e+01
1.836050845861434937e+03	3.372999999999999687e+01
1.838514073133468628e+03	3.375999999999999801e+01
1.840844593524932861e+03	3.379999999999999716e+01
1.843216220617294312e+03	3.382999999999999829e+01
1.845546862125396729e+03	3.385999999999999943e+01
1.847918260335922241e+03	3.385999999999999943e+01
1.850249377250671387e+03	3.389999999999999858e+01
1.852620888233184814e+03	3.392999999999999972e+01
1.854951335430145264e+03	3.385999999999999943e+01
1.857323028087615967e+03	3.385999999999999943e+01
1.859653713941574097e+03	3.385999999999999943e+01
1.862024347543716431e+03	3.382999999999999829e+01
1.864355437994003296e+03	3.379999999999999716e+01
1.866727418661117554e+03	3.372999999999999687e+01
1.869057605504989624e+03	3.372999999999999687e+01
1.871428835868835449e+03	3.368999999999999773e+01
1.873759696722030640e+03	3.365999999999999659e+01
1.876131413698196411e+03	3.363000000000000256e+01
1.878461579084396362e+03	3.359000000000000341e+01
1.880832746505737305e+03	3.359000000000000341e+01
1.883163689851760864e+03	3.356000000000000227e+01
1.885535010099411011e+03	3.356000000000000227e+01
1.887865396738052368e+03	3.353000000000000114e+01
1.890237361669540405e+03	3.353000000000000114e+01
1.892568458080291748e+03	3.353000000000000114e+01
1.894939299583435059e+03	3.349000000000000199e+01
1.897270463943481445e+03	3.346000000000000085e+01
1.899641039848327637e+03	3.349000000000000199e+01
1.901972121953964233e+03	3.346000000000000085e+01
1.904344352483749390e+03	3.346000000000000085e+01
1.906673718214035034e+03	3.353000000000000114e+01
1.909044958591461182e+03	3.363000000000000256e+01
1.911375690221786499e+03	3.379999999999999716e+01
1.913747772932052612e+03	3.400000000000000000e+01
1.916078207015991211e+03	3.417000000000000171e+01
1.918449408292770386e+03	3.434000000000000341e+01
1.920780603408813477e+03	3.450999999999999801e+01
1.923151446342468262e+03	3.464000000000000057e+01
1.925482189893722534e+03	3.471000000000000085e+01
1.927854303836822510e+03	3.478000000000000114e+01
1.930184861660003662e+03	3.481000000000000227e+01
1.932555803060531616e+03	3.481000000000000227e+01
1.934886884450912476e+03	3.481000000000000227e+01
1.937258309602737427e+03	3.478000000000000114e+01
1.939588758468627930e+03	3.475000000000000000e+01
1.941960361719131470e+03	3.471000000000000085e+01
1.944291045904159546e+03	3.467999999999999972e+01
1.946662209749221802e+03	3.460999999999999943e+01
1.948992334842681885e+03	3.460999999999999943e+01
1.951363370418548584e+03	3.453999999999999915e+01
1.953694679498672485e+03	3.446999999999999886e+01
1.956065898418426514e+03	3.440999999999999659e+01
1.958395880222320557e+03	3.434000000000000341e+01
1.960768476963043213e+03	3.427000000000000313e+01
1.963098051071166992e+03	3.420000000000000284e+01
1.965470225095748901e+03	3.420000000000000284e+01
1.967800829172134399e+03	3.410000000000000142e+01
1.970172316074371338e+03	3.407000000000000028e+01
1.972502510786056519e+03	3.400000000000000000e+01
1.974874690055847168e+03	3.392999999999999972e+01
1.977205253362655640e+03	3.392999999999999972e+01
1.979577009439468384e+03	3.385999999999999943e+01
1.981907109022140503e+03	3.385999999999999943e+01
1.984278982400894165e+03	3.382999999999999829e+01
1.986610020399093628e+03	3.379999999999999716e+01
1.988981227159500122e+03	3.379999999999999716e+01
1.991311889648437500e+03	3.372999999999999687e+01
1.993682605981826782e+03	3.372999999999999687e+01
1.996013916015625000e+03	3.365999999999999659e+01
1.998385763168334961e+03	3.365999999999999659e+01
2.000715400457382202e+03	3.359000000000000341e+01
2.003087908267974854e+03	3.356000000000000227e+01
2.005417320966720581e+03	3.353000000000000114e+01
2.007789156675338745e+03	3.346000000000000085e+01
2.010119812250137329e+03	3.346000000000000085e+01
2.012491903066635132e+03	3.342000000000000171e+01
2.014821977853775024e+03	3.342000000000000171e+01
2.017193342208862305e+03	3.339000000000000057e+01
2.019524550676345825e+03	3.339000000000000057e+01
2.021895981550216675e+03	3.339000000000000057e+01
2.024226377725601196e+03	3.335999999999999943e+01
2.026598258495330811e+03	3.335999999999999943e+01
2.028928471326828003e+03	3.335999999999999943e+01
2.031300222158432007e+03	3.328999999999999915e+01
2.033630234956741333e+03	3.332000000000000028e+01
2.036001819133758545e+03	3.332000000000000028e+01
2.038332472562789917e+03	3.332000000000000028e+01
2.040703611612319946e+03	3.332000000000000028e+01
2.043034116268157959e+03	3.332000000000000028e+01
2.045405606985092163e+03	3.325000000000000000e+01
2.047736898660659790e+03	3.328999999999999915e+01
2.050107704877853394e+03	3.335999999999999943e+01
2.052439330577850342e+03	3.339000000000000057e+01
2.054810136079788208e+03	3.356000000000000227e+01
2.057141071796417236e+03	3.375999999999999801e+01
2.059512820482254028e+03	3.403000000000000114e+01
2.061843165636062622e+03	3.427000000000000313e+01
2.064215047597885132e+03	3.453999999999999915e+01
2.066545017004013062e+03	3.481000000000000227e+01
2.068916892766952515e+03	3.502000000000000313e+01
2.071247276067733765e+03	3.514999999999999858e+01
2.073618490695953369e+03	3.525999999999999801e+01
2.075949019670486450e+03	3.532000000000000028e+01
2.078320429086685181e+03	3.535999999999999943e+01
2.080651281833648682e+03	3.539000000000000057e+01
2.083022619962692261e+03	3.535999999999999943e+01
2.085352971315383911e+03	3.535999999999999943e+01
2.087724750041961670e+03	3.528999999999999915e+01
2.090055125236511230e+03	3.528999999999999915e+01
2.092427129268646240e+03	3.518999999999999773e+01
2.094757622957229614e+03	3.514999999999999858e+01
2.097128563165664673e+03	3.511999999999999744e+01
2.099459499835968018e+03	3.504999999999999716e+01
2.101830172061920166e+03	3.497999999999999687e+01
2.104161289691925049e+03	3.492000000000000171e+01
2.106532577514648438e+03	3.488000000000000256e+01
2.108863637924194336e+03	3.481000000000000227e+01
2.111234333515167236e+03	3.475000000000000000e+01
2.113565387010574341e+03	3.471000000000000085e+01
2.115936698436737061e+03	3.464000000000000057e+01
2.118266911029815674e+03	3.457999999999999829e+01
2.120638456583023071e+03	3.453999999999999915e+01
2.122969073772430420e+03	3.443999999999999773e+01
2.125341150522232056e+03	3.436999999999999744e+01
2.127671225786209106e+03	3.434000000000000341e+01
2.130042891740798950e+03	3.427000000000000313e+01
2.132373520135879517e+03	3.420000000000000284e+01
2.134745135307312012e+03	3.414000000000000057e+01
2.137075466871261597e+03	3.410000000000000142e+01
2.139447898387908936e+03	3.403000000000000114e+01
2.141777783632278442e+03	3.400000000000000000e+01
2.144149545431137085e+03	3.389999999999999858e+01
2.146613208770751953e+03	3.382999999999999829e+01
2.148943969011306763e+03	3.382999999999999829e+01
2.151315692663192749e+03	3.375999999999999801e+01
2.153645583391189575e+03	3.372999999999999687e+01
2.156017016410827637e+03	3.365999999999999659e+01
2.158347758293151855e+03	3.359000000000000341e+01
2.160719542264938354e+03	3.353000000000000114e+01
2.163049097776412964e+03	3.353000000000000114e+01
2.165421300888061523e+03	3.349000000000000199e+01
2.167752222537994385e+03	3.342000000000000171e+01
2.170123242616653442e+03	3.339000000000000057e+01
2.172454256057739258e+03	3.332000000000000028e+01
2.174826118469238281e+03	3.328999999999999915e+01
2.177156386613845825e+03	3.325000000000000000e+01
2.179528552770614624e+03	3.321999999999999886e+01
2.181857930660247803e+03	3.318999999999999773e+01
2.184229742288589478e+03	3.314999999999999858e+01
2.186693409442901611e+03	3.314999999999999858e+01
2.189023251295089722e+03	3.311999999999999744e+01
2.191395015478134155e+03	3.311999999999999744e+01
2.193726171255111694e+03	3.307999999999999829e+01
2.196096325635910034e+03	3.304999999999999716e+01
2.198560093641281128e+03	3.311999999999999744e+01
2.200890090465545654e+03	3.314999999999999858e+01
2.203262205123901367e+03	3.325000000000000000e+01
2.205592627048492432e+03	3.342000000000000171e+01
2.207963342189788818e+03	3.359000000000000341e+01
2.210294126033782959e+03	3.379999999999999716e+01
2.212666141510009766e+03	3.400000000000000000e+01
2.214996890544891357e+03	3.420000000000000284e+01
2.217367843627929688e+03	3.434000000000000341e+01
2.219698525190353394e+03	3.443999999999999773e+01
2.222070480108261108e+03	3.443999999999999773e+01
2.224400595188140869e+03	3.450999999999999801e+01
2.226772718667984009e+03	3.453999999999999915e+01
2.229102794647216797e+03	3.450999999999999801e+01
2.231473918914794922e+03	3.450999999999999801e+01
2.233805003643035889e+03	3.443999999999999773e+01
2.236175827503204346e+03	3.436999999999999744e+01
2.238639389038085938e+03	3.434000000000000341e+01
2.240969629764556885e+03	3.434000000000000341e+01
2.243341314077377319e+03	3.424000000000000199e+01
2.245672251224517822e+03	3.417000000000000171e+01
2.248042940855026245e+03	3.414000000000000057e+01
2.250374155998229980e+03	3.407000000000000028e+01
2.252745359420776367e+03	3.407000000000000028e+01
2.255076011180877686e+03	3.400000000000000000e+01
2.257447827577590942e+03	3.392999999999999972e+01
2.259778219699859619e+03	3.389999999999999858e+01
2.262149945974349976e+03	3.385999999999999943e+01
2.264480429649353027e+03	3.382999999999999829e+01
2.266852793455123901e+03	3.375999999999999801e+01
2.269183308601379395e+03	3.375999999999999801e+01
2.271554725885391235e+03	3.368999999999999773e+01
2.273884722709655762e+03	3.372999999999999687e+01
2.276256620645523071e+03	3.375999999999999801e+01
2.278586570739746094e+03	3.379999999999999716e+01
2.280959177017211914e+03	3.382999999999999829e+01
2.283290025949478149e+03	3.389999999999999858e+01
2.285660992383956909e+03	3.389999999999999858e+01
2.287991196632385254e+03	3.392999999999999972e+01
2.290362842798233032e+03	3.392999999999999972e+01
2.292693526506423950e+03	3.396999999999999886e+01
2.295064934730529785e+03	3.389999999999999858e+01
2.297395752191543579e+03	3.385999999999999943e+01
2.299767220973968506e+03	3.385999999999999943e+01
2.302097055196762085e+03	3.382999999999999829e+01
2.304469293594360352e+03	3.379999999999999716e+01
2.306933008909225464e+03	3.372999999999999687e+01
2.309262669086456299e+03	3.368999999999999773e+01
2.311634717464447021e+03	3.365999999999999659e+01
2.313964916229248047e+03	3.363000000000000256e+01
2.316335725784301758e+03	3.359000000000000341e+01
2.318667258262634277e+03	3.356000000000000227e+01
2.321038349628448486e+03	3.349000000000000199e+01
2.323369190692901611e+03	3.349000000000000199e+01
2.325740416049957275e+03	3.349000000000000199e+01
2.328070894956588745e+03	3.342000000000000171e+01
2.330442355394363403e+03	3.342000000000000171e+01
2.332773043632507324e+03	3.342000000000000171e+01
2.335145158052444458e+03	3.335999999999999943e+01
2.337474836587905884e+03	3.339000000000000057e+01
2.339846716642379761e+03	3.339000000000000057e+01
2.342176835298538208e+03	3.342000000000000171e+01
2.344548697471618652e+03	3.356000000000000227e+01
2.346878854990005493e+03	3.372999999999999687e+01
2.349251027107238770e+03	3.389999999999999858e+01
2.351581799268722534e+03	3.407000000000000028e+01
2.353952727079391479e+03	3.427000000000000313e+01
2.356283852100372314e+03	3.450999999999999801e+01
2.358654518842697144e+03	3.467999999999999972e+01
2.360985020399093628e+03	3.481000000000000227e+01
2.363356942415237427e+03	3.497999999999999687e+01
2.365687830686569214e+03	3.502000000000000313e+01
2.368058628559112549e+03	3.504999999999999716e+01
2.370390115261077881e+03	3.509000000000000341e+01
2.372760732412338257e+03	3.504999999999999716e+01
2.375091130495071411e+03	3.504999999999999716e+01
2.377464011907577515e+03	3.502000000000000313e+01
2.379794110774993896e+03	3.495000000000000284e+01
2.382164728879928589e+03	3.497999999999999687e+01
2.384495965003967285e+03	3.488000000000000256e+01
2.386867122888565063e+03	3.485000000000000142e+01
2.389197614431381226e+03	3.478000000000000114e+01
2.391569781780242920e+03	3.471000000000000085e+01
2.393900172233581543e+03	3.471000000000000085e+01
2.396271727323532104e+03	3.460999999999999943e+01
2.398601852416992188e+03	3.457999999999999829e+01
2.400973878383636475e+03	3.450999999999999801e+01
2.403304104566574097e+03	3.443999999999999773e+01
2.405675372123718262e+03	3.440999999999999659e+01
2.408138015508651733e+03	3.431000000000000227e+01
2.410469421625137329e+03	3.424000000000000199e+01
2.412840639352798462e+03	3.420000000000000284e+01
2.415170707941055298e+03	3.417000000000000171e+01
2.417543355226516724e+03	3.414000000000000057e+01
2.419873951435089111e+03	3.407000000000000028e+01
2.422245310306549072e+03	3.400000000000000000e+01
2.424575577974319458e+03	3.392999999999999972e+01
2.426947255611419678e+03	3.385999999999999943e+01
2.429410687923431396e+03	3.382999999999999829e+01
2.431873179912567139e+03	3.372999999999999687e+01
2.434203764915466309e+03	3.368999999999999773e+01
2.436575965642929077e+03	3.363000000000000256e+01
2.438906159162521362e+03	3.359000000000000341e+01
2.441277332782745361e+03	3.356000000000000227e+01
2.443608495712280273e+03	3.349000000000000199e+01
2.445979358911514282e+03	3.342000000000000171e+01
2.448309949874877930e+03	3.339000000000000057e+01
2.450682362556457520e+03	3.335999999999999943e+01
2.453012138605117798e+03	3.332000000000000028e+01
2.455383511781692505e+03	3.325000000000000000e+01
2.457714462041854858e+03	3.318999999999999773e+01
2.460085788488388062e+03	3.314999999999999858e+01
2.462416328668594360e+03	3.311999999999999744e+01
2.464788100481033325e+03	3.314999999999999858e+01
2.467118646383285522e+03	3.311999999999999744e+01
2.469489526510238647e+03	3.307999999999999829e+01
2.471820064783096313e+03	3.302000000000000313e+01
2.474191351652145386e+03	3.304999999999999716e+01
2.476522161960601807e+03	3.302000000000000313e+01
2.478893669605255127e+03	3.302000000000000313e+01
2.481224423646926880e+03	3.302000000000000313e+01
2.483595252037048340e+03	3.304999999999999716e+01
2.485926874876022339e+03	3.311999999999999744e+01
2.488297895193099976e+03	3.325000000000000000e+01
2.490628655433654785e+03	3.339000000000000057e+01
2.493000461578369141e+03	3.356000000000000227e+01
2.495330828666687012e+03	3.382999999999999829e+01
2.497701518774032593e+03	3.407000000000000028e+01
2.500032938480377197e+03	3.431000000000000227e+01
2.502403820037841797e+03	3.450999999999999801e+01
2.504734989643096924e+03	3.464000000000000057e+01
2.507106366634368896e+03	3.471000000000000085e+01
2.509436854839324951e+03	3.481000000000000227e+01
2.511808329343795776e+03	3.481000000000000227e+01
2.514139692306518555e+03	3.478000000000000114e+01
2.516510675191879272e+03	3.478000000000000114e+01
2.518840698480606079e+03	3.478000000000000114e+01
2.521212874650955200e+03	3.471000000000000085e+01
2.523543172836303711e+03	3.467999999999999972e+01
2.525914576768875122e+03	3.460999999999999943e+01
2.528245520353317261e+03	3.457999999999999829e+01
2.530616995334625244e+03	3.453999999999999915e+01
2.532947426080703735e+03	3.450999999999999801e+01
2.535318773508071899e+03	3.443999999999999773e+01
2.537649829864501953e+03	3.436999999999999744e+01
2.540020810365676880e+03	3.431000000000000227e+01
2.542484862804412842e+03	3.424000000000000199e+01
2.544947156667709351e+03	3.424000000000000199e+01
2.547277929544448853e+03	3.414000000000000057e+01
2.549649194240570068e+03	3.410000000000000142e+01
2.552112627029418945e+03	3.407000000000000028e+01
2.554443319320678711e+03	3.403000000000000114e+01
2.556814897537231445e+03	3.400000000000000000e+01
2.559145750761032104e+03	3.392999999999999972e+01
2.561517120361328125e+03	3.389999999999999858e+01
2.563848441839218140e+03	3.389999999999999858e+01
2.566218476057052612e+03	3.396999999999999886e+01
2.568550397872924805e+03	3.400000000000000000e+01
2.570921788692474365e+03	3.403000000000000114e+01
2.573252833604812622e+03	3.407000000000000028e+01
2.575624360561370850e+03	3.407000000000000028e+01
2.577954533100128174e+03	3.407000000000000028e+01
2.580325894594192505e+03	3.410000000000000142e+01
2.582657417058944702e+03	3.410000000000000142e+01
2.585028091430664062e+03	3.407000000000000028e+01
2.587359682083129883e+03	3.410000000000000142e+01
2.589730598926544189e+03	3.400000000000000000e+01
2.592061748266220093e+03	3.403000000000000114e+01
2.594432863473892212e+03	3.396999999999999886e+01
2.596763266086578369e+03	3.392999999999999972e+01
2.599135047674179077e+03	3.392999999999999972e+01
2.601465770721435547e+03	3.389999999999999858e+01
2.603837645530700684e+03	3.385999999999999943e+01
2.606168627738952637e+03	3.382999999999999829e+01
2.608540318489074707e+03	3.375999999999999801e+01
2.610870530843734741e+03	3.379999999999999716e+01
2.613241377592086792e+03	3.372999999999999687e+01
2.615571638345718384e+03	3.368999999999999773e+01
2.617944138765335083e+03	3.365999999999999659e+01
2.620274799108505249e+03	3.363000000000000256e+01
2.622646251440048218e+03	3.359000000000000341e+01
2.624976194858551025e+03	3.353000000000000114e+01
2.627348034381866455e+03	3.349000000000000199e+01
2.629678931236267090e+03	3.349000000000000199e+01
2.632049628257751465e+03	3.349000000000000199e+01
2.634380854368209839e+03	3.346000000000000085e+01
2.636752606391906738e+03	3.353000000000000114e+01
2.639082148551940918e+03	3.359000000000000341e+01
2.641453624010086060e+03	3.372999999999999687e+01
2.643916808605194092e+03	3.385999999999999943e+01
2.646247425556182861e+03	3.400000000000000000e+01
2.648619041919708252e+03	3.417000000000000171e+01
2.650950026750564575e+03	3.431000000000000227e+01
2.653320998191833496e+03	3.440999999999999659e+01
2.655651569843292236e+03	3.446999999999999886e+01
2.658023762941360474e+03	3.457999999999999829e+01
2.660353859186172485e+03	3.460999999999999943e+01
2.662725966453552246e+03	3.460999999999999943e+01
2.665055756092071533e+03	3.460999999999999943e+01
2.667427875041961670e+03	3.457999999999999829e+01
2.669758137941360474e+03	3.457999999999999829e+01
2.672128930330276489e+03	3.450999999999999801e+01
2.674459967613220215e+03	3.450999999999999801e+01
2.676831516981124878e+03	3.440999999999999659e+01
2.679161400556564331e+03	3.436999999999999744e+01
2.681533866882324219e+03	3.431000000000000227e+01
2.683996079444885254e+03	3.427000000000000313e+01
2.686460211277008057e+03	3.417000000000000171e+01
2.688790643930435181e+03	3.417000000000000171e+01
2.691161778450012207e+03	3.410000000000000142e+01
2.693492433071136475e+03	3.407000000000000028e+01
2.695864898681640625e+03	3.396999999999999886e+01
2.698195081949234009e+03	3.392999999999999972e+01
2.700566165685653687e+03	3.385999999999999943e+01
2.702897409200668335e+03	3.382999999999999829e+01
2.705268737554550171e+03	3.382999999999999829e+01
2.707599692106246948e+03	3.375999999999999801e+01
2.709970974445343018e+03	3.375999999999999801e+01
2.712301314115524292e+03	3.382999999999999829e+01
2.714672497987747192e+03	3.385999999999999943e+01
2.717003487586975098e+03	3.396999999999999886e+01
2.719374392986297607e+03	3.400000000000000000e+01
2.721706478595733643e+03	3.407000000000000028e+01
2.724076891660690308e+03	3.414000000000000057e+01
2.726540448665618896e+03	3.417000000000000171e+01
2.728871653556823730e+03	3.417000000000000171e+01
2.731241964578628540e+03	3.417000000000000171e+01
2.733573564767837524e+03	3.414000000000000057e+01
2.735944690465927124e+03	3.410000000000000142e+01
2.738275399684906006e+03	3.407000000000000028e+01
2.740647170066833496e+03	3.403000000000000114e+01
2.742977046251296997e+03	3.400000000000000000e+01
2.745348969697952271e+03	3.400000000000000000e+01
2.747679586648941040e+03	3.392999999999999972e+01
2.750051245689392090e+03	3.392999999999999972e+01
2.752381939172744751e+03	3.385999999999999943e+01
2.754753857374191284e+03	3.375999999999999801e+01
2.757083454132080078e+03	3.375999999999999801e+01
2.759456111669540405e+03	3.372999999999999687e+01
2.761918896913528442e+03	3.368999999999999773e+01
2.764249494314193726e+03	3.363000000000000256e+01
2.766621018648147583e+03	3.359000000000000341e+01
2.768951331615447998e+03	3.353000000000000114e+01
2.771323435068130493e+03	3.353000000000000114e+01
2.773653098344802856e+03	3.346000000000000085e+01
2.776024611711502075e+03	3.346000000000000085e+01
2.778355343103408813e+03	3.346000000000000085e+01
2.780727816820144653e+03	3.339000000000000057e+01
2.783057502508163452e+03	3.342000000000000171e+01
2.785428807258605957e+03	3.346000000000000085e+01
2.787759552240371704e+03	3.349000000000000199e+01
2.790131042242050171e+03	3.359000000000000341e+01
2.792461724758148193e+03	3.375999999999999801e+01
2.794833108425140381e+03	3.396999999999999886e+01
2.797164336442947388e+03	3.410000000000000142e+01
2.799535329818725586e+03	3.436999999999999744e+01
2.801866160392761230e+03	3.453999999999999915e+01
2.804237686634063721e+03	3.471000000000000085e+01
2.806568293571472168e+03	3.478000000000000114e+01
2.808939719915390015e+03	3.481000000000000227e+01
2.811402999877929688e+03	3.488000000000000256e+01
2.813733081340789795e+03	3.492000000000000171e+01
2.816104449748992920e+03	3.492000000000000171e+01
2.818435594797134399e+03	3.485000000000000142e+01
2.820806507349014282e+03	3.481000000000000227e+01
2.823270051240921021e+03	3.478000000000000114e+01
2.825600021600723267e+03	3.475000000000000000e+01
2.827971889019012451e+03	3.467999999999999972e+01
2.830435200691223145e+03	3.464000000000000057e+01
2.832765440464019775e+03	3.453999999999999915e+01
2.835137259960174561e+03	3.450999999999999801e+01
2.837599961280822754e+03	3.446999999999999886e+01
2.839930526733398438e+03	3.440999999999999659e+01
2.842301679134368896e+03	3.431000000000000227e+01
2.844632737636566162e+03	3.431000000000000227e+01
2.847004002571105957e+03	3.424000000000000199e+01
2.849335248708724976e+03	3.417000000000000171e+01
2.851706073522567749e+03	3.410000000000000142e+01
2.854036594867706299e+03	3.410000000000000142e+01
2.856409186840057373e+03	3.403000000000000114e+01
2.858871621608734131e+03	3.396999999999999886e+01
2.861203070640563965e+03	3.389999999999999858e+01
2.863573828458786011e+03	3.379999999999999716e+01
2.865904342174530029e+03	3.379999999999999716e+01
2.868276249408721924e+03	3.375999999999999801e+01
2.870606162548065186e+03	3.375999999999999801e+01
2.872978350400924683e+03	3.368999999999999773e+01
2.875309260129928589e+03	3.372999999999999687e+01
2.877679807424545288e+03	3.368999999999999773e+01
2.880143600463867188e+03	3.365999999999999659e+01
2.882473304271697998e+03	3.365999999999999659e+01
2.884845401287078857e+03	3.363000000000000256e+01
2.887176032304763794e+03	3.365999999999999659e+01
2.889547521114349365e+03	3.359000000000000341e+01
2.891878396749496460e+03	3.353000000000000114e+01
2.894251926898956299e+03	3.349000000000000199e+01
2.896579856395721436e+03	3.349000000000000199e+01
2.898951470375061035e+03	3.346000000000000085e+01
2.901282661199569702e+03	3.339000000000000057e+01
2.903653460025787354e+03	3.339000000000000057e+01
2.906116699934005737e+03	3.335999999999999943e+01
2.908447176456451416e+03	3.332000000000000028e+01
2.910819024085998535e+03	3.332000000000000028e+01
2.913149625062942505e+03	3.332000000000000028e+01
2.915520834207534790e+03	3.325000000000000000e+01
2.917851325273513794e+03	3.325000000000000000e+01
2.920222674369812012e+03	3.321999999999999886e+01
2.922553000688552856e+03	3.318999999999999773e+01
2.924924645662307739e+03	3.318999999999999773e+01
2.927255777597427368e+03	3.318999999999999773e+01
2.929627215862274170e+03	3.321999999999999886e+01
2.931957419395446777e+03	3.328999999999999915e+01
2.934328841209411621e+03	3.342000000000000171e+01
2.936659147977828979e+03	3.359000000000000341e+01
2.939030766248703003e+03	3.385999999999999943e+01
2.941361377477645874e+03	3.407000000000000028e+01
2.943733238220214844e+03	3.434000000000000341e+01
2.946196532249450684e+03	3.453999999999999915e+01
2.948659587383270264e+03	3.471000000000000085e+01
2.950989601135253906e+03	3.485000000000000142e+01
2.953361964464187622e+03	3.492000000000000171e+01
2.955692420959472656e+03	3.492000000000000171e+01
2.958062643289566040e+03	3.495000000000000284e+01
2.960393903732299805e+03	3.492000000000000171e+01
2.962765710830688477e+03	3.488000000000000256e+01
2.965095874547958374e+03	3.485000000000000142e+01
2.967468367815017700e+03	3.485000000000000142e+01
2.969797881841659546e+03	3.478000000000000114e+01
2.972169651031494141e+03	3.478000000000000114e+01
2.974499901294708252e+03	3.467999999999999972e+01
2.976871265649795532e+03	3.460999999999999943e+01
2.979202496767044067e+03	3.453999999999999915e+01
2.981573504686355591e+03	3.453999999999999915e+01
2.983904420852661133e+03	3.446999999999999886e+01
2.986274941205978394e+03	3.440999999999999659e+01
2.988605956315994263e+03	3.436999999999999744e+01
2.990977087497711182e+03	3.434000000000000341e+01
2.993440845727920532e+03	3.424000000000000199e+01
2.995771504640579224e+03	3.420000000000000284e+01
2.998143028736114502e+03	3.410000000000000142e+01
3.000473801374435425e+03	3.407000000000000028e+01
3.002845433473587036e+03	3.403000000000000114e+01
3.005175814867019653e+03	3.396999999999999886e+01
3.007547192573547363e+03	3.389999999999999858e+01
3.010010456323623657e+03	3.389999999999999858e+01
3.012341289281845093e+03	3.382999999999999829e+01
3.014713747024536133e+03	3.379999999999999716e+01
3.017043635606765747e+03	3.375999999999999801e+01
3.019414611816406250e+03	3.375999999999999801e+01
3.021878267288208008e+03	3.368999999999999773e+01
3.024208158969879150e+03	3.365999999999999659e+01
3.026581113338470459e+03	3.365999999999999659e+01
3.029042947053909302e+03	3.359000000000000341e+01
3.031506570100784302e+03	3.356000000000000227e+01
3.033837063550949097e+03	3.353000000000000114e+01
3.036209275960922241e+03	3.342000000000000171e+01
3.038539649724960327e+03	3.342000000000000171e+01
3.040911395072937012e+03	3.339000000000000057e+01
3.043241714954376221e+03	3.332000000000000028e+01
3.045613096952438354e+03	3.332000000000000028e+01
3.047944037914276123e+03	3.328999999999999915e+01
3.050315338134765625e+03	3.325000000000000000e+01
3.052644961595535278e+03	3.318999999999999773e+01
3.055016482591629028e+03	3.318999999999999773e+01
3.057479367256164551e+03	3.318999999999999773e+01
3.059811082601547241e+03	3.314999999999999858e+01
3.062182648897171021e+03	3.307999999999999829e+01
3.064512393236160278e+03	3.304999999999999716e+01
3.066883677005767822e+03	3.307999999999999829e+01
3.069215193986892700e+03	3.307999999999999829e+01
3.071586437940597534e+03	3.307999999999999829e+01
3.074048824071884155e+03	3.307999999999999829e+01
3.076379633665084839e+03	3.307999999999999829e+01
3.078750994920730591e+03	3.314999999999999858e+01
3.081213977336883545e+03	3.325000000000000000e+01
3.083677341222763062e+03	3.346000000000000085e+01
3.086007098436355591e+03	3.365999999999999659e+01
3.088379866361618042e+03	3.392999999999999972e+01
3.090843168973922729e+03	3.420000000000000284e+01
3.093173378467559814e+03	3.443999999999999773e+01
3.095544704437255859e+03	3.471000000000000085e+01
3.098007792711257935e+03	3.488000000000000256e+01
3.100338855266571045e+03	3.504999999999999716e+01
3.102709548950195312e+03	3.514999999999999858e+01
3.105172768115997314e+03	3.518999999999999773e+01
3.107502915143966675e+03	3.521999999999999886e+01
3.109874931097030640e+03	3.521999999999999886e+01
3.112205512523651123e+03	3.518999999999999773e+01
3.114576380014419556e+03	3.514999999999999858e+01
3.117039294958114624e+03	3.511999999999999744e+01
3.119502759933471680e+03	3.509000000000000341e+01
3.121965706110000610e+03	3.502000000000000313e+01
3.124429040908813477e+03	3.497999999999999687e+01
3.126759993076324463e+03	3.492000000000000171e+01
3.129130664348602295e+03	3.485000000000000142e+01
3.131594598293304443e+03	3.481000000000000227e+01
3.133925194978713989e+03	3.475000000000000000e+01
3.136296370029449463e+03	3.467999999999999972e+01
3.138626878738403320e+03	3.460999999999999943e+01
3.140998261451721191e+03	3.457999999999999829e+01
3.143328775644302368e+03	3.446999999999999886e+01
3.145700976371765137e+03	3.443999999999999773e+01
3.148031021595001221e+03	3.440999999999999659e+01
3.150401969194412231e+03	3.431000000000000227e+01
3.152732940912246704e+03	3.431000000000000227e+01
3.155104628324508667e+03	3.427000000000000313e+01
3.157435657262802124e+03	3.427000000000000313e+01
3.159806932926177979e+03	3.420000000000000284e+01
3.162136836528778076e+03	3.420000000000000284e+01
3.164509282827377319e+03	3.414000000000000057e+01
3.166839851617813110e+03	3.407000000000000028e+01
3.169211267709732056e+03	3.407000000000000028e+01
3.171674145221710205e+03	3.403000000000000114e+01
3.174138054609298706e+03	3.392999999999999972e+01
3.176468596220016479e+03	3.389999999999999858e+01
3.178839844226837158e+03	3.382999999999999829e+01
3.181170349359512329e+03	3.379999999999999716e+01
3.183541930675506592e+03	3.372999999999999687e+01
3.186004872560501099e+03	3.365999999999999659e+01
3.188335437059402466e+03	3.363000000000000256e+01
3.190706310272216797e+03	3.356000000000000227e+01
3.193036568641662598e+03	3.356000000000000227e+01
3.195408971309661865e+03	3.349000000000000199e+01
3.197872619390487671e+03	3.346000000000000085e+01
3.200202360153198242e+03	3.339000000000000057e+01
3.202573564291000366e+03	3.335999999999999943e+01
3.205036954164505005e+03	3.332000000000000028e+01
3.207367598295211792e+03	3.328999999999999915e+01
3.209739098548889160e+03	3.321999999999999886e+01
3.212069590091705322e+03	3.321999999999999886e+01
3.214441396951675415e+03	3.321999999999999886e+01
3.216771585941314697e+03	3.314999999999999858e+01
3.219143109083175659e+03	3.311999999999999744e+01
3.221606580018997192e+03	3.311999999999999744e+01
3.224069122076034546e+03	3.314999999999999858e+01
3.226532299757003784e+03	3.318999999999999773e+01
3.228863672733306885e+03	3.325000000000000000e+01
3.231234358787536621e+03	3.339000000000000057e+01
3.233565222740173340e+03	3.363000000000000256e+01
3.235936703920364380e+03	3.379999999999999716e+01
3.238266887664794922e+03	3.410000000000000142e+01
3.240639068126678467e+03	3.427000000000000313e+01
3.243101861238479614e+03	3.446999999999999886e+01
3.245432473421096802e+03	3.460999999999999943e+01
3.247804365634918213e+03	3.471000000000000085e+01
3.250134307384490967e+03	3.475000000000000000e+01
3.252505826711654663e+03	3.481000000000000227e+01
3.254836586952209473e+03	3.481000000000000227e+01
3.257207825660705566e+03	3.481000000000000227e+01
3.259538508892059326e+03	3.478000000000000114e+01
3.261910203933715820e+03	3.475000000000000000e+01
3.264240305185317993e+03	3.475000000000000000e+01
3.266612124443054199e+03	3.464000000000000057e+01
3.268941720485687256e+03	3.464000000000000057e+01
3.271314229965209961e+03	3.457999999999999829e+01
3.273644073486328125e+03	3.453999999999999915e+01
3.276015423774719238e+03	3.443999999999999773e+01
3.278346687316894531e+03	3.440999999999999659e+01
3.280717942714691162e+03	3.436999999999999744e+01
3.283180854797363281e+03	3.431000000000000227e+01
3.285511676311492920e+03	3.424000000000000199e+01
3.287883312940597534e+03	3.420000000000000284e+01
3.290214102983474731e+03	3.414000000000000057e+01
3.292585885524749756e+03	3.407000000000000028e+01
3.294915600061416626e+03	3.403000000000000114e+01
3.297287783861160278e+03	3.400000000000000000e+01
3.299618141889572144e+03	3.392999999999999972e+01
3.301989758729934692e+03	3.385999999999999943e+01
3.304320712089538574e+03	3.379999999999999716e+01
3.306692155599594116e+03	3.375999999999999801e+01
3.309022745370864868e+03	3.375999999999999801e+01
3.311394376277923584e+03	3.372999999999999687e+01
3.313725044012069702e+03	3.372999999999999687e+01
3.316096392869949341e+03	3.375999999999999801e+01
3.318559831619262695e+03	3.372999999999999687e+01
3.320890345573425293e+03	3.375999999999999801e+01
3.323261697053909302e+03	3.368999999999999773e+01
3.325592825651168823e+03	3.365999999999999659e+01
3.327964286327362061e+03	3.365999999999999659e+01
3.330294771909713745e+03	3.363000000000000256e+01
3.332665669202804565e+03	3.356000000000000227e+01
3.334996869564056396e+03	3.353000000000000114e+01
3.337367981433868408e+03	3.349000000000000199e+01
3.339698784828186035e+03	3.346000000000000085e+01
3.342070236921310425e+03	3.339000000000000057e+01
3.344400941610336304e+03	3.339000000000000057e+01
3.346772511959075928e+03	3.335999999999999943e+01
3.349102988004684448e+03	3.339000000000000057e+01
3.351473957538604736e+03	3.332000000000000028e+01
3.353804939270019531e+03	3.335999999999999943e+01
3.356176692724227905e+03	3.335999999999999943e+01
3.358507148981094360e+03	3.328999999999999915e+01
3.360878725528717041e+03	3.325000000000000000e+01
3.363209074020385742e+03	3.325000000000000000e+01
3.365581511259078979e+03	3.325000000000000000e+01
3.368043286800384521e+03	3.325000000000000000e+01
3.370374794483184814e+03	3.325000000000000000e+01
3.372745390653610229e+03	3.325000000000000000e+01
3.375075753927230835e+03	3.328999999999999915e+01
3.377448093652725220e+03	3.346000000000000085e+01
3.379778597116470337e+03	3.363000000000000256e+01
3.382149454593658447e+03	3.389999999999999858e+01
3.384613358259201050e+03	3.414000000000000057e+01
3.386944108963012695e+03	3.436999999999999744e+01
3.389315669775009155e+03	3.467999999999999972e+01
3.391645566463470459e+03	3.488000000000000256e+01
3.394016962051391602e+03	3.504999999999999716e+01
3.396348083257675171e+03	3.514999999999999858e+01
3.398719346046447754e+03	3.528999999999999915e+01
3.401049443960189819e+03	3.532000000000000028e+01
3.403421368598937988e+03	3.535999999999999943e+01
3.405751876592636108e+03	3.532000000000000028e+01
3.408122840166091919e+03	3.528999999999999915e+01
3.410586601257324219e+03	3.525999999999999801e+01
3.412916187286376953e+03	3.525999999999999801e+01
3.415288891315460205e+03	3.518999999999999773e+01
3.417618849039077759e+03	3.511999999999999744e+01
3.419990637302398682e+03	3.509000000000000341e+01
3.422320834398269653e+03	3.497999999999999687e+01
3.424692075729370117e+03	3.495000000000000284e+01
3.427022895336151123e+03	3.488000000000000256e+01
3.429394605875015259e+03	3.485000000000000142e+01
3.431724846839904785e+03	3.478000000000000114e+01
3.434096574306488037e+03	3.471000000000000085e+01
3.436559763193130493e+03	3.464000000000000057e+01
3.438890066146850586e+03	3.460999999999999943e+01
3.441261729001998901e+03	3.453999999999999915e+01
3.443592022895812988e+03	3.446999999999999886e+01
3.445963721513748169e+03	3.440999999999999659e+01
3.448427003622055054e+03	3.436999999999999744e+01
3.450757707834243774e+03	3.431000000000000227e+01
3.453129068136215210e+03	3.424000000000000199e+01
3.455459798574447632e+03	3.420000000000000284e+01
3.457832242965698242e+03	3.410000000000000142e+01
3.460294700860977173e+03	3.407000000000000028e+01
3.462625092029571533e+03	3.403000000000000114e+01
3.464997442007064819e+03	3.396999999999999886e+01
3.467327701091766357e+03	3.392999999999999972e+01
3.469699382543563843e+03	3.385999999999999943e+01
3.472029360055923462e+03	3.379999999999999716e+01
3.474400775194168091e+03	3.372999999999999687e+01
3.476731278896331787e+03	3.368999999999999773e+01
3.479102363348007202e+03	3.363000000000000256e+01
3.481433436870574951e+03	3.359000000000000341e+01
3.483805387258529663e+03	3.353000000000000114e+01
3.486135731458663940e+03	3.349000000000000199e+01
3.488506875753402710e+03	3.346000000000000085e+01
3.490837977647781372e+03	3.339000000000000057e+01
3.493208616971969604e+03	3.335999999999999943e+01
