# time(s)_600			Temp(K)_600			
0.000000000000000000e+00	6.292105200000000309e+01
6.186846017837524414e+00	6.305572899999999947e+01
1.238300108909606934e+01	6.301408599999999893e+01
1.857499647140502930e+01	6.302058000000000249e+01
2.476929044723510742e+01	6.304829600000000056e+01
3.096406126022338867e+01	6.307443500000000114e+01
3.716379308700561523e+01	6.310334799999999689e+01
4.335444521903991699e+01	6.313124599999999731e+01
4.956027483940124512e+01	6.316028000000000020e+01
5.575699925422668457e+01	6.318991199999999964e+01
6.193704032897949219e+01	6.321825900000000331e+01
6.813002133369445801e+01	6.324692100000000039e+01
7.430840373039245605e+01	6.327648400000000350e+01
8.050799274444580078e+01	6.330489699999999686e+01
8.670500946044921875e+01	6.333372899999999817e+01
9.290063953399658203e+01	6.336384600000000233e+01
9.909100389480590820e+01	6.339441599999999966e+01
1.052801620960235596e+02	6.342324500000000143e+01
1.114660997390747070e+02	6.345199499999999659e+01
1.176580288410186768e+02	6.348064399999999807e+01
1.238612239360809326e+02	6.350787299999999647e+01
1.300615291595458984e+02	6.353662599999999827e+01
1.362390058040618896e+02	6.356530500000000217e+01
1.424296433925628662e+02	6.359253300000000309e+01
1.486201410293579102e+02	6.362225000000000108e+01
1.548225398063659668e+02	6.365009200000000078e+01
1.610101501941680908e+02	6.368041999999999803e+01
1.671880040168762207e+02	6.371052600000000155e+01
1.733724412918090820e+02	6.373834800000000200e+01
1.795559296607971191e+02	6.376642600000000272e+01
1.857459995746612549e+02	6.378992099999999965e+01
1.919240274429321289e+02	6.381775300000000328e+01
1.981079826354980469e+02	6.384507800000000088e+01
2.042943925857543945e+02	6.387311400000000106e+01
2.104889991283416748e+02	6.389958000000000027e+01
2.166862924098968506e+02	6.392694800000000299e+01
2.228783566951751709e+02	6.395371500000000253e+01
2.290731451511383057e+02	6.398251400000000189e+01
2.352700288295745850e+02	6.400890699999999356e+01
2.414671247005462646e+02	6.403584800000000143e+01
2.476540420055389404e+02	6.406535999999999831e+01
2.538411822319030762e+02	6.408920000000000528e+01
2.600427615642547607e+02	6.411611999999999512e+01
2.662401924133300781e+02	6.414354400000000567e+01
2.724247930049896240e+02	6.417131500000000699e+01
2.786180188655853271e+02	6.419757099999999639e+01
2.848017551898956299e+02	6.422397599999999329e+01
2.909891920089721680e+02	6.425054500000000246e+01
2.971811153888702393e+02	6.427774999999999750e+01
3.033651130199432373e+02	6.430441999999999325e+01
3.095570671558380127e+02	6.433035599999999476e+01
3.157533521652221680e+02	6.435686400000000162e+01
3.219490196704864502e+02	6.438348899999999730e+01
3.281410684585571289e+02	6.440874399999999866e+01
3.343340218067169189e+02	6.443616900000000669e+01
3.405220646858215332e+02	6.446217000000000041e+01
3.467190196514129639e+02	6.448907300000000475e+01
3.529134831428527832e+02	6.451415199999999572e+01
3.591049916744232178e+02	6.454052199999999573e+01
3.652996118068695068e+02	6.456688400000000172e+01
3.714931023120880127e+02	6.459269100000000208e+01
3.776940426826477051e+02	6.461835100000000409e+01
3.838903853893280029e+02	6.464393300000000409e+01
3.900912923812866211e+02	6.467040500000000236e+01
3.962819850444793701e+02	6.469561000000000206e+01
4.024730598926544189e+02	6.472195200000000170e+01
4.086700031757354736e+02	6.475013199999999358e+01
4.148512265682220459e+02	6.477536299999999869e+01
4.210337886810302734e+02	6.480249100000000340e+01
4.272128674983978271e+02	6.482792200000000093e+01
4.334089896678924561e+02	6.485302099999999825e+01
4.396097135543823242e+02	6.487900199999999984e+01
4.458099255561828613e+02	6.489599499999999921e+01
4.520032205581665039e+02	6.488626200000000210e+01
4.581881172657012939e+02	6.486301899999999421e+01
4.643791472911834717e+02	6.483877499999999827e+01
4.705760192871093750e+02	6.482801499999999351e+01
4.767695548534393311e+02	6.483913099999999474e+01
4.829590027332305908e+02	6.486003900000000044e+01
4.891427361965179443e+02	6.488296300000000372e+01
4.953482105731964111e+02	6.489318000000000097e+01
5.015332615375518799e+02	6.487903599999999926e+01
5.077109696865081787e+02	6.485507499999999936e+01
5.138940408229827881e+02	6.483617499999999723e+01
5.200740983486175537e+02	6.483227499999999566e+01
5.262541153430938721e+02	6.484632399999999564e+01
5.324489846229553223e+02	6.487019800000000203e+01
5.386453087329864502e+02	6.488771300000000508e+01
5.448394215106964111e+02	6.488845100000000343e+01
5.510405097007751465e+02	6.487087099999999396e+01
5.572231469154357910e+02	6.484838899999999740e+01
5.634130790233612061e+02	6.483480000000000132e+01
5.696089985370635986e+02	6.483708099999999774e+01
5.757954962253570557e+02	6.485554000000000485e+01
5.819958231449127197e+02	6.487823899999999355e+01
5.881811604499816895e+02	6.489048499999999819e+01
5.943714380264282227e+02	6.488374899999999457e+01
6.005631165504455566e+02	6.486398900000000367e+01
6.067649943828582764e+02	6.484275800000000345e+01
6.129507586956024170e+02	6.483512299999999584e+01
6.191521282196044922e+02	6.484267400000000237e+01
6.253367290496826172e+02	6.486405999999999494e+01
6.315330286026000977e+02	6.488343899999999564e+01
6.377098627090454102e+02	6.488973900000000583e+01
6.438881697654724121e+02	6.488042400000000498e+01
6.500935494899749756e+02	6.485613600000000645e+01
6.562720389366149902e+02	6.483744699999999739e+01
6.624650568962097168e+02	6.483338399999999524e+01
6.686473779678344727e+02	6.484671799999999564e+01
6.748301892280578613e+02	6.487037200000000325e+01
6.810142574310302734e+02	6.488806999999999903e+01
6.872083075046539307e+02	6.488925600000000316e+01
6.933839964866638184e+02	6.487348699999999724e+01
6.995740284919738770e+02	6.485132199999999614e+01
7.057640435695648193e+02	6.483591599999999744e+01
7.119599475860595703e+02	6.483749299999999494e+01
7.181440284252166748e+02	6.485467599999999777e+01
7.243320312500000000e+02	6.487529899999999827e+01
7.305260357856750488e+02	6.488773100000000227e+01
7.367010035514831543e+02	6.488243900000000508e+01
7.428871471881866455e+02	6.486560900000000629e+01
7.490790188312530518e+02	6.484547799999999995e+01
7.552660851478576660e+02	6.483580600000000516e+01
7.614559185504913330e+02	6.484236199999999428e+01
7.676520092487335205e+02	6.486106200000000399e+01
7.738392274379730225e+02	6.488066100000000347e+01
7.800259919166564941e+02	6.488760499999999354e+01
7.862290194034576416e+02	6.487739500000000703e+01
7.924162850379943848e+02	6.485864599999999314e+01
7.986079821586608887e+02	6.484151699999999607e+01
8.047989847660064697e+02	6.483749600000000157e+01
8.109832248687744141e+02	6.484754399999999919e+01
8.171782143115997314e+02	6.486730199999999513e+01
8.233681566715240479e+02	6.488421700000000669e+01
8.295622601509094238e+02	6.488526799999999639e+01
8.357440500259399414e+02	6.487220700000000306e+01
8.419411058425903320e+02	6.485591100000000608e+01
8.481252493858337402e+02	6.484197000000000344e+01
8.543121445178985596e+02	6.484034800000000587e+01
8.604936830997467041e+02	6.485107399999999700e+01
8.666832644939422607e+02	6.486984200000000556e+01
8.728801460266113281e+02	6.488212799999999447e+01
8.790710041522979736e+02	6.488179499999999678e+01
8.852698135375976562e+02	6.487057199999999568e+01
8.914600729942321777e+02	6.485353800000000035e+01
8.976554911136627197e+02	6.484192000000000178e+01
9.038410093784332275e+02	6.484327199999999891e+01
9.100280008316040039e+02	6.485494799999999316e+01
9.162290027141571045e+02	6.487119300000000521e+01
9.224216296672821045e+02	6.488167400000000384e+01
9.286079907417297363e+02	6.487837600000000293e+01
9.348075618743896484e+02	6.487113700000000449e+01
9.410040564537048340e+02	6.485077599999999620e+01
9.471935529708862305e+02	6.483742800000000273e+01
9.533779816627502441e+02	6.484215899999999522e+01
9.595680036544799805e+02	6.485899399999999559e+01
9.657730846405029297e+02	6.487667600000000334e+01
9.719509847164154053e+02	6.488512199999999552e+01
9.781383762359619141e+02	6.487855999999999312e+01
9.843281378746032715e+02	6.485933400000000404e+01
9.905063846111297607e+02	6.484095999999999549e+01
9.966879920959472656e+02	6.483503899999999476e+01
1.002881006240844727e+03	6.484548900000000060e+01
1.009071704149246216e+03	6.486542000000000030e+01
1.015273003816604614e+03	6.488536200000000065e+01
1.021467043399810791e+03	6.488924299999999334e+01
1.027646055459976196e+03	6.487631700000000023e+01
1.033842213869094849e+03	6.485483700000000340e+01
1.040035388708114624e+03	6.483981799999999396e+01
1.046226017951965332e+03	6.483672500000000127e+01
1.052421355009078979e+03	6.485026999999999475e+01
1.058609286308288574e+03	6.486969200000000058e+01
1.064798118829727173e+03	6.488497399999999971e+01
1.070997312068939209e+03	6.488526099999999985e+01
1.077183760404586792e+03	6.487117399999999634e+01
1.083384148120880127e+03	6.485101500000000385e+01
1.089570548772811890e+03	6.483832700000000671e+01
1.095771001338958740e+03	6.484039400000000342e+01
1.101949552059173584e+03	6.485491199999999878e+01
1.108137980937957764e+03	6.487561499999999626e+01
1.114341494798660278e+03	6.488575400000000570e+01
1.120531038761138916e+03	6.488157300000000305e+01
1.126724128484725952e+03	6.486454999999999416e+01
1.132916980266571045e+03	6.484586899999999332e+01
1.139113042593002319e+03	6.483670999999999651e+01
1.145296109199523926e+03	6.484156000000000120e+01
1.151468033552169800e+03	6.486087399999999548e+01
1.157662429571151733e+03	6.488087699999999813e+01
1.163855417490005493e+03	6.488913499999999601e+01
1.170033005475997925e+03	6.487962000000000273e+01
1.176232419729232788e+03	6.485913299999999992e+01
1.182434054136276245e+03	6.484026699999999721e+01
1.188630003690719604e+03	6.483500200000000291e+01
1.194817005157470703e+03	6.484661400000000242e+01
1.201016098737716675e+03	6.486758899999999528e+01
1.207208005905151367e+03	6.488517199999999718e+01
1.213397991895675659e+03	6.488791700000000162e+01
1.219592910289764404e+03	6.487448200000000043e+01
1.225773500204086304e+03	6.485358800000000201e+01
1.231975116729736328e+03	6.483853799999999978e+01
1.238178019523620605e+03	6.483769900000000064e+01
1.244361680984497070e+03	6.485194799999999304e+01
1.250553032875061035e+03	6.487359499999999457e+01
1.256754297256469727e+03	6.488622999999999763e+01
1.262955919265747070e+03	6.488353200000000243e+01
1.269137719631195068e+03	6.486939499999999725e+01
1.275324841976165771e+03	6.485178700000000163e+01
1.281514018535614014e+03	6.483676199999999312e+01
1.287706073999404907e+03	6.483634899999999845e+01
1.293897019147872925e+03	6.485286299999999926e+01
1.300083179950714111e+03	6.487555500000000563e+01
1.306256202459335327e+03	6.489003800000000410e+01
1.312442122936248779e+03	6.488644200000000239e+01
1.318630002975463867e+03	6.486737300000000062e+01
1.324825127124786377e+03	6.484534600000000637e+01
1.331021074056625366e+03	6.483386199999999633e+01
1.337204072952270508e+03	6.483795200000000136e+01
1.343391624689102173e+03	6.485531000000000290e+01
1.349591873168945312e+03	6.487648500000000240e+01
1.355775990724563599e+03	6.488907600000000286e+01
1.361955039978027344e+03	6.488476699999999653e+01
1.368153443813323975e+03	6.486607700000000420e+01
1.374341843605041504e+03	6.484680299999999420e+01
1.380531135082244873e+03	6.483353200000000527e+01
1.386715906858444214e+03	6.483876800000000173e+01
1.392913574934005737e+03	6.485854399999999487e+01
1.399100004911422729e+03	6.488087000000000160e+01
1.405292761564254761e+03	6.489057300000000339e+01
1.411487992286682129e+03	6.488236499999999296e+01
1.417671035051345825e+03	6.486095400000000666e+01
1.423848104953765869e+03	6.484083900000000256e+01
1.430026021957397461e+03	6.483365200000000073e+01
1.436214004993438721e+03	6.484376699999999971e+01
1.442393645524978638e+03	6.486654199999999548e+01
1.448591049194335938e+03	6.488544100000000014e+01
1.454787356138229370e+03	6.488963900000000251e+01
1.460981003284454346e+03	6.487550799999999640e+01
1.467170350551605225e+03	6.485493900000000167e+01
1.473353999853134155e+03	6.483911500000000672e+01
1.479559229850769043e+03	6.483625200000000177e+01
1.485753209352493286e+03	6.484906399999999849e+01
1.491954986333847046e+03	6.486860900000000640e+01
1.498160199642181396e+03	6.488488200000000461e+01
1.504342056274414062e+03	6.488561099999999726e+01
1.510528411865234375e+03	6.487025400000000275e+01
1.516716018676757812e+03	6.485052799999999706e+01
1.522896018743515015e+03	6.483865199999999618e+01
1.529081197261810303e+03	6.484107000000000198e+01
1.535286484241485596e+03	6.485486400000000629e+01
1.541472488164901733e+03	6.487334799999999291e+01
1.547671004295349121e+03	6.488642900000000679e+01
1.553865982055664062e+03	6.488152100000000644e+01
1.560056394577026367e+03	6.486597999999999331e+01
1.566248019933700562e+03	6.484789100000000417e+01
1.572445143938064575e+03	6.483694500000000005e+01
1.578621007680892944e+03	6.484131200000000206e+01
1.584807268857955933e+03	6.485847800000000518e+01
1.591009108304977417e+03	6.487834100000000603e+01
1.597209208965301514e+03	6.488766699999999332e+01
1.603400172710418701e+03	6.487929900000000316e+01
1.609588004112243652e+03	6.486005199999999604e+01
1.615768984556198120e+03	6.484067299999999534e+01
1.621965291261672974e+03	6.483451300000000117e+01
1.628155986070632935e+03	6.484488600000000247e+01
1.634346948862075806e+03	6.486478499999999769e+01
1.640536819934844971e+03	6.488326499999999442e+01
1.646737981081008911e+03	6.488771500000000003e+01
1.652930002927780151e+03	6.487495199999999329e+01
1.659109386205673218e+03	6.485302299999999320e+01
1.665304131031036377e+03	6.483684700000000589e+01
1.671505857944488525e+03	6.483623199999999542e+01
1.677697206258773804e+03	6.485075100000000248e+01
1.683892279863357544e+03	6.487255899999999542e+01
1.690082847833633423e+03	6.488861400000000401e+01
1.696258489131927490e+03	6.488734900000000039e+01
1.702447648525238037e+03	6.486963699999999733e+01
1.708650984764099121e+03	6.484692300000000387e+01
1.714845049142837524e+03	6.483386699999999792e+01
1.721035005092620850e+03	6.483761699999999450e+01
1.727228009939193726e+03	6.485712999999999795e+01
1.733413214206695557e+03	6.487927700000000186e+01
1.739593540430068970e+03	6.489059000000000310e+01
1.745792239427566528e+03	6.488288799999999412e+01
1.751986645460128784e+03	6.486253299999999911e+01
1.758175026893615723e+03	6.484301600000000576e+01
1.764353994369506836e+03	6.483428700000000333e+01
1.770540019512176514e+03	6.484202899999999659e+01
1.776725402355194092e+03	6.486302899999999738e+01
1.782916932821273804e+03	6.488301300000000538e+01
1.789116483926773071e+03	6.489207399999999382e+01
1.795312899351119995e+03	6.488081200000000592e+01
1.801514132499694824e+03	6.485589699999999880e+01
1.807709125995635986e+03	6.483487499999999670e+01
1.813915008306503296e+03	6.483018800000000681e+01
1.820099822759628296e+03	6.484464800000000650e+01
1.826278278827667236e+03	6.487158800000000269e+01
1.832477999448776245e+03	6.488889100000000099e+01
1.838662990093231201e+03	6.488888500000000192e+01
1.844845020294189453e+03	6.487090800000000002e+01
1.851049052715301514e+03	6.484773800000000676e+01
1.857230103254318237e+03	6.483382500000000448e+01
1.863422983646392822e+03	6.483702900000000113e+01
1.869607992649078369e+03	6.485537999999999670e+01
1.875785038232803345e+03	6.487727399999999989e+01
1.881986955165863037e+03	6.488908899999999846e+01
1.888173957109451294e+03	6.488313800000000242e+01
1.894350019931793213e+03	6.486342700000000150e+01
1.900542483806610107e+03	6.484335199999999588e+01
1.906740578651428223e+03	6.483454899999999554e+01
1.912926017761230469e+03	6.484339500000000100e+01
1.919108996391296387e+03	6.486320299999999861e+01
1.925306029081344604e+03	6.488257500000000277e+01
1.931493741273880005e+03	6.488993800000000078e+01
1.937685235261917114e+03	6.487720699999999852e+01
1.943872528314590454e+03	6.485658599999999296e+01
1.950061055898666382e+03	6.483919199999999705e+01
1.956243034362792969e+03	6.483571499999999332e+01
1.962429125308990479e+03	6.484830200000000389e+01
1.968608468770980835e+03	6.486923500000000331e+01
1.974796092748641968e+03	6.488541899999999885e+01
1.980989251613616943e+03	6.488628500000000088e+01
1.987177467107772827e+03	6.487242100000000278e+01
1.993379465579986572e+03	6.485134600000000660e+01
1.999574067115783691e+03	6.483728399999999681e+01
2.005754931688308716e+03	6.484019200000000183e+01
2.011940018892288208e+03	6.485395699999999408e+01
2.018121251583099365e+03	6.487345899999999688e+01
2.024309019565582275e+03	6.488553199999999777e+01
2.030501353263854980e+03	6.488242400000000032e+01
2.036688040256500244e+03	6.486928600000000245e+01
2.042871104717254639e+03	6.484853499999999826e+01
2.049066048383712769e+03	6.483678500000000611e+01
2.055258064985275269e+03	6.483999000000000024e+01
2.061447999000549316e+03	6.485779499999999587e+01
2.067636048078536987e+03	6.487743700000000047e+01
2.073837204694747925e+03	6.488808099999999968e+01
2.080034543037414551e+03	6.488135699999999417e+01
2.086229683399200439e+03	6.486433999999999855e+01
2.092424516439437866e+03	6.484606200000000342e+01
2.098619004011154175e+03	6.483777700000000266e+01
2.104810211658477783e+03	6.484358799999999690e+01
2.111009756565093994e+03	6.486120499999999822e+01
2.117209902763366699e+03	6.487868299999999522e+01
2.123397199869155884e+03	6.488685700000000622e+01
2.129598991870880127e+03	6.487771600000000660e+01
2.135796123743057251e+03	6.485951300000000685e+01
2.141977340221405029e+03	6.484452699999999936e+01
2.148178984403610229e+03	6.483933299999999633e+01
2.154362019777297974e+03	6.484677999999999543e+01
2.160557482957839966e+03	6.486523699999999337e+01
2.166751452922821045e+03	6.488065400000000693e+01
2.172947010040283203e+03	6.488331900000000019e+01
2.179142131805419922e+03	6.487329900000000293e+01
2.185330563545227051e+03	6.485561500000000024e+01
2.191513324975967407e+03	6.484325200000000677e+01
2.197708396434783936e+03	6.484075599999999895e+01
2.203910380840301514e+03	6.485184700000000646e+01
2.210104067564010620e+03	6.486919399999999314e+01
2.216290858983993530e+03	6.488155100000000175e+01
2.222488019227981567e+03	6.488143700000000536e+01
2.228667337417602539e+03	6.486937500000000512e+01
2.234854067802429199e+03	6.485243599999999731e+01
2.241040237665176392e+03	6.484221900000000005e+01
2.247240069389343262e+03	6.484211999999999421e+01
2.253422268867492676e+03	6.485487999999999431e+01
2.259607013463973999e+03	6.487245900000000631e+01
2.265795325994491577e+03	6.488420299999999941e+01
2.271972328186035156e+03	6.488113900000000456e+01
2.278151877641677856e+03	6.486583699999999908e+01
2.284329984664916992e+03	6.484941600000000506e+01
2.290515848159790039e+03	6.484024200000000349e+01
2.296718055009841919e+03	6.484314500000000692e+01
2.302905999183654785e+03	6.485830699999999638e+01
2.309098129510879517e+03	6.487674800000000630e+01
2.315287044048309326e+03	6.488545399999999574e+01
2.321484996557235718e+03	6.487870700000000568e+01
2.327674036741256714e+03	6.486184500000000241e+01
2.333858079195022583e+03	6.484449700000000405e+01
2.340061049222946167e+03	6.483803299999999581e+01
2.346251199007034302e+03	6.484598699999999383e+01
2.352447885274887085e+03	6.486349900000000446e+01
2.358640099525451660e+03	6.488128100000000131e+01
2.364836498260498047e+03	6.488394200000000467e+01
2.371019135713577271e+03	6.487387999999999977e+01
2.377210743904113770e+03	6.485643199999999808e+01
2.383396998405456543e+03	6.484173499999999990e+01
2.389586126804351807e+03	6.483850599999999531e+01
2.395779787778854370e+03	6.484992900000000304e+01
2.401966019630432129e+03	6.486861500000000547e+01
2.408163028955459595e+03	6.488339399999999557e+01
2.414356980800628662e+03	6.488360600000000034e+01
2.420551020383834839e+03	6.487054299999999785e+01
2.426744447469711304e+03	6.485148599999999419e+01
2.432936903715133667e+03	6.483981799999999396e+01
2.439133603572845459e+03	6.484074800000000494e+01
2.445330081462860107e+03	6.485440900000000397e+01
2.451514855623245239e+03	6.487302999999999997e+01
2.457703455686569214e+03	6.488441500000000417e+01
2.463889029979705811e+03	6.488132799999999634e+01
2.470077137947082520e+03	6.486589499999999475e+01
2.476267035722732544e+03	6.485030199999999923e+01
2.482456258296966553e+03	6.484050000000000580e+01
2.488648019790649414e+03	6.484311900000000151e+01
2.494843177556991577e+03	6.485721399999999903e+01
2.501032095909118652e+03	6.487373800000000301e+01
2.507221673011779785e+03	6.488396099999999933e+01
2.513409274101257324e+03	6.487940000000000396e+01
2.519602187156677246e+03	6.486197300000000610e+01
2.525793032169342041e+03	6.484552800000000161e+01
2.531983632326126099e+03	6.483846400000000187e+01
2.538174374818801880e+03	6.484581300000000681e+01
2.544363196611404419e+03	6.486275399999999536e+01
2.550557566404342651e+03	6.487909199999999998e+01
2.556753746747970581e+03	6.488454900000000691e+01
2.562938258171081543e+03	6.487551700000000210e+01
2.569124905347824097e+03	6.485853099999999927e+01
2.575326021432876587e+03	6.484263199999999472e+01
2.581506603002548218e+03	6.483904699999999366e+01
2.587689694643020630e+03	6.484994199999999864e+01
2.593872071743011475e+03	6.486814099999999428e+01
2.600057627916336060e+03	6.488177600000000211e+01
2.606261701107025146e+03	6.488305099999999470e+01
2.612462095260620117e+03	6.487044000000000210e+01
2.618647082090377808e+03	6.485191399999999362e+01
2.624842151165008545e+03	6.484063600000000349e+01
2.631029388189315796e+03	6.484099500000000660e+01
2.637216901779174805e+03	6.485489900000000318e+01
2.643408565998077393e+03	6.487338699999999392e+01
2.649600869178771973e+03	6.488325399999999377e+01
2.655790063381195068e+03	6.487965300000000468e+01
2.661990074157714844e+03	6.486482700000000534e+01
2.668187016963958740e+03	6.484716000000000236e+01
2.674374664783477783e+03	6.483955899999999417e+01
2.680557462215423584e+03	6.484513499999999908e+01
2.686740153551101685e+03	6.486155700000000479e+01
2.692940214872360229e+03	6.487764900000000523e+01
2.699135855436325073e+03	6.488266400000000544e+01
2.705329991579055786e+03	6.487384699999999782e+01
2.711527204751968384e+03	6.485699099999999362e+01
2.717721872568130493e+03	6.484349699999999928e+01
2.723930161237716675e+03	6.484108500000000674e+01
2.730114018440246582e+03	6.485270800000000690e+01
2.736297982692718506e+03	6.486975099999999372e+01
2.742492067575454712e+03	6.488094499999999698e+01
2.748677073717117310e+03	6.488057799999999986e+01
2.754870074272155762e+03	6.486817499999999370e+01
2.761075542688369751e+03	6.485013800000000117e+01
2.767278168201446533e+03	6.484018600000000276e+01
2.773464113712310791e+03	6.484275100000000691e+01
2.779661162137985229e+03	6.485889600000000144e+01
2.785842006444931030e+03	6.487489399999999762e+01
2.792024191379547119e+03	6.488456899999999905e+01
2.798218028306961060e+03	6.487858900000000517e+01
2.804413078784942627e+03	6.486241099999999449e+01
2.810596042394638062e+03	6.484717600000000459e+01
2.816790999889373779e+03	6.483889899999999784e+01
2.822984034538269043e+03	6.484577199999999664e+01
2.829188338279724121e+03	6.486162699999999859e+01
2.835379025697708130e+03	6.488058700000000556e+01
2.841575166940689087e+03	6.488511099999999487e+01
2.847763059854507446e+03	6.487407600000000230e+01
2.853949007511138916e+03	6.485565900000000283e+01
2.860142422199249268e+03	6.484145300000000134e+01
2.866319810152053833e+03	6.483969100000000196e+01
2.872516278028488159e+03	6.485115899999999556e+01
2.878709845304489136e+03	6.486935300000000382e+01
2.884891031265258789e+03	6.488283900000000415e+01
2.891092909336090088e+03	6.488270599999999888e+01
2.897271020889282227e+03	6.486988599999999394e+01
2.903465999126434326e+03	6.485156399999999621e+01
2.909647187709808350e+03	6.483949300000000449e+01
2.915842331171035767e+03	6.484085199999999816e+01
2.922039124488830566e+03	6.485647299999999404e+01
2.928234427213668823e+03	6.487573500000000593e+01
2.934423972129821777e+03	6.488507099999999639e+01
2.940619008541107178e+03	6.487900899999999638e+01
2.946821064710617065e+03	6.486262299999999925e+01
2.952999079227447510e+03	6.484616300000000422e+01
2.959186479330062866e+03	6.483959400000000528e+01
2.965371000766754150e+03	6.484660200000000430e+01
2.971563123941421509e+03	6.486534299999999575e+01
2.977741996765136719e+03	6.487824799999999925e+01
2.983928970813751221e+03	6.488218200000000024e+01
2.990112194776535034e+03	6.487243399999999838e+01
2.996318861007690430e+03	6.485582100000000594e+01
3.002500019788742065e+03	6.484336600000000317e+01
3.008689049482345581e+03	6.484390199999999993e+01
3.014883282661437988e+03	6.485384899999999675e+01
3.021070894241333008e+03	6.486891599999999869e+01
3.027262027740478516e+03	6.487988199999999495e+01
3.033446770906448364e+03	6.487793200000000127e+01
3.039643028020858765e+03	6.486581599999999526e+01
3.045846999883651733e+03	6.485099599999999498e+01
3.052040223360061646e+03	6.484380400000000577e+01
3.058226540327072144e+03	6.484898800000000563e+01
3.064427519083023071e+03	6.486077500000000384e+01
3.070618018388748169e+03	6.487335899999999356e+01
3.076815175056457520e+03	6.487861399999999890e+01
3.083002237081527710e+03	6.487302499999999839e+01
3.089195109844207764e+03	6.486041600000000074e+01
